0
92.75
91.3125
89.9375
88.75
87.375
84.4375
80.3125
75.625
73.0
72.1875
71.375
71.375
71.5
71.125
70.5625
70.25
69.6875
69.0
68.125
66.9375
66.0
64.75
63.25
62.375
61.4375
60.5
61.1875
66.8125
75.9375
83.5625
88.125
89.875
90.6875
90.1875
89.0625
87.5625
85.9375
84.6875
82.375
78.5625
73.9375
71.5625
71.3125
70.8125
70.1875
69.75
69.6875
69.5
69.125
68.25
67.3125
66.875
66.3125
65.1875
63.6875
62.6875
62.1875
61.0625
60.125
60.3125
65.0625
73.8125
81.75
86.4375
88.6875
89.6875
89.375
88.8125
87.5
85.75
84.375
82.375
78.9375
74.3125
71.75
71.3125
70.75
70.0
69.625
69.625
69.25
68.75
68.3125
67.6875
66.9375
66.125
65.25
63.9375
62.875
62.0
61.375
60.25
60.5
65.75
75.0
82.4375
86.875
89.75
90.875
90.625
89.5
88.625
87.375
85.875
83.75
80.375
76.3125
73.25
72.125
71.3125
70.875
70.625
70.5
70.125
69.4375
69.0625
68.5625
67.875
66.875
65.5625
64.6875
63.8125
62.8125
61.5625
60.875
61.8125
67.375
76.625
84.3125
88.5
90.875
92.25
92.4375
91.6875
90.125
88.75
87.25
85.3125
82.125
77.9375
74.625
73.5
73.125
72.6875
72.3125
72.1875
72.0
71.625
71.125
70.5625
70.0
69.125
68.125
67.125
66.125
65.125
64.375
63.8125
65.5625
72.75
82.625
89.5
93.0625
95.125
96.25
95.9375
95.0
94.3125
93.125
91.375
89.125
85.8125
81.25
77.75
76.6875
76.25
75.4375
75.1875
75.1875
74.875
74.25
73.875
73.5
72.6875
71.625
70.375
69.0625
67.8125
66.75
65.9375
65.5
68.625
77.6875
87.125
92.75
95.8125
97.1875
97.375
96.875
95.5625
94.125
92.625
90.875
88.25
83.8125
79.125
76.4375
75.375
74.5625
74.0
73.6875
73.1875
73.0
72.5625
71.625
70.8125
69.9375
68.75
67.5
66.1875
64.8125
63.625
62.9375
62.625
66.125
75.0
83.9375
89.1875
91.75
92.625
92.5
91.9375
90.8125
89.25
87.8125
85.75
82.125
77.1875
73.5625
72.5625
72.0
71.375
71.3125
71.125
70.875
70.6875
70.3125
69.5625
68.8125
67.875
66.625
65.5625
64.5
63.375
62.3125
61.625
62.25
67.5
76.875
84.625
88.5625
90.625
91.375
91.0625
90.1875
89.125
87.625
85.6875
83.125
79.1875
74.625
72.3125
72.0625
71.6875
71.25
71.125
71.0625
70.625
70.1875
69.6875
68.8125
67.9375
67.1875
66.125
64.8125
63.9375
63.125
62.125
61.8125
65.25
73.6875
82.625
88.4375
91.1875
92.4375
92.9375
92.6875
91.6875
90.3125
88.8125
86.75
83.5
79.1875
75.5625
74.0
73.4375
73.0
72.5
72.3125
72.25
72.0
71.4375
70.75
69.875
68.875
67.9375
66.9375
65.625
64.5
63.8125
62.9375
64.125
71.0625
81.0
87.9375
91.875
94.3125
95.25
94.8125
94.0
92.875
91.75
90.3125
88.0625
84.25
79.5625
76.4375
75.25
74.75
74.3125
73.9375
73.6875
73.5625
73.25
72.625
71.8125
71.125
70.375
69.1875
68.25
67.4375
66.5625
65.625
65.8125
70.8125
80.5
89.125
94.1875
96.875
98.4375
98.75
98.75
98.25
96.875
95.25
93.3125
90.25
85.5625
81.25
79.3125
78.75
78.125
77.8125
77.75
77.375
76.875
76.5
75.8125
75.25
74.25
73.0625
71.75
70.5
69.4375
68.4375
68.0
72.0
81.6875
91.125
96.6875
100.0625
102.25
102.375
101.1875
100.9375
100.375
98.625
96.75
94.25
90.1875
85.3125
82.1875
81.125
80.375
79.75
79.4375
79.25
78.875
77.875
76.5
75.5
74.625
73.1875
71.625
70.1875
68.875
67.5625
66.5625
68.3125
75.8125
85.75
92.8125
96.5625
98.1875
98.625
98.3125
97.625
96.8125
95.375
93.4375
90.4375
85.6875
80.5
77.6875
76.8125
75.9375
75.5
75.5
75.1875
74.875
74.5625
73.875
72.9375
71.8125
70.6875
69.4375
68.125
66.8125
65.9375
65.1875
65.875
71.375
81.0625
89.125
93.25
95.1875
96.0625
95.875
94.875
93.5625
92.25
90.4375
87.5
83.125
78.4375
76.125
75.625
74.875
74.25
74.125
74.0625
73.5625
72.9375
72.4375
71.6875
70.625
69.4375
68.5
67.375
66.25
65.375
64.625
65.3125
71.0
80.8125
88.8125
93.0
95.25
96.5
96.4375
95.5625
94.75
93.4375
91.5
88.75
84.5625
79.75
76.875
76.25
75.75
75.1875
74.9375
74.6875
74.375
73.875
73.3125
72.375
71.3125
70.375
69.3125
68.0
66.875
66.0
65.1875
66.1875
72.625
82.6875
90.1875
94.1875
97.0625
98.5
98.5625
97.8125
96.6875
95.5625
93.8125
91.125
87.0
82.0625
78.8125
77.75
77.0625
76.375
76.0
75.8125
75.5625
75.25
74.625
73.6875
72.625
71.5
70.3125
69.0625
68.0
67.1875
66.25
67.625
74.5625
84.75
92.1875
96.1875
98.6875
99.9375
100.1875
100.0
99.25
98.125
96.8125
94.5
90.375
85.1875
81.5
80.375
79.8125
79.0625
78.75
78.8125
78.625
78.3125
77.875
77.125
76.125
75.0
73.6875
72.4375
71.3125
70.3125
69.5625
72.375
81.0
91.0625
97.75
101.5625
103.8125
104.6875
104.5625
103.9375
103.5
102.8125
100.8125
97.75
93.4375
88.25
84.6875
83.625
82.9375
82.3125
81.875
81.5625
81.25
80.875
80.125
79.25
78.1875
76.8125
75.5
74.25
73.125
72.0
71.625
76.375
86.625
95.9375
101.25
104.25
105.8125
106.1875
105.9375
105.3125
104.5
103.1875
100.8125
96.9375
91.4375
85.625
82.4375
81.6875
81.0
80.75
80.625
80.1875
79.4375
78.625
77.8125
76.8125
75.5625
74.0625
72.6875
71.5625
70.3125
69.25
69.5
74.9375
84.9375
93.5625
98.3125
101.0
102.25
102.625
102.3125
101.0
100.25
98.9375
95.875
91.3125
85.875
82.1875
80.875
80.0
79.1875
78.8125
78.625
78.25
77.75
77.0625
76.25
75.125
73.875
72.5625
71.25
70.0
69.0
68.25
70.1875
77.75
87.75
94.6875
98.375
100.625
101.75
101.3125
100.5
99.4375
98.0625
96.0625
92.5625
87.1875
82.125
79.9375
79.375
78.625
78.0625
77.875
77.6875
77.1875
76.5625
75.75
74.6875
73.5
72.25
71.125
69.875
68.9375
68.0625
68.625
74.375
84.6875
93.0625
97.375
99.875
101.5625
101.875
101.0625
100.125
99.5
98.4375
95.625
90.9375
85.5625
81.8125
80.375
79.375
78.5
78.3125
78.1875
77.75
77.125
76.5
75.5625
74.3125
73.0625
71.875
70.75
69.5625
68.4375
68.25
72.1875
81.5
91.0
96.6875
99.875
102.0625
103.125
103.125
102.0625
100.625
99.375
97.3125
93.875
88.5625
83.4375
81.0
80.125
79.125
78.4375
78.4375
78.1875
77.75
77.1875
76.3125
75.0625
73.875
72.875
71.875
70.6875
69.75
69.125
71.3125
79.5625
90.375
97.375
100.8125
103.125
104.625
105.0625
104.625
103.8125
102.5
100.625
97.75
93.25
87.6875
84.1875
83.0625
82.25
81.4375
81.0
81.0
80.75
80.0625
79.3125
78.5625
77.3125
76.0625
74.8125
73.4375
72.25
71.375
72.8125
80.25
90.875
98.625
103.0625
106.1875
107.5625
107.1875
107.0
106.375
105.1875
103.25
100.5
96.1875
90.375
85.9375
84.3125
83.375
82.5
82.3125
82.3125
81.8125
81.25
80.75
79.6875
78.1875
76.3125
74.4375
73.0
71.9375
70.625
70.625
76.625
87.125
95.875
100.9375
103.75
104.9375
105.0
104.6875
103.5
102.1875
100.6875
98.0625
93.75
87.875
83.1875
81.375
80.5
79.625
79.3125
79.125
78.6875
78.125
77.25
76.3125
75.25
74.0
72.375
71.0625
69.9375
68.875
68.375
72.0
81.5
91.3125
96.8125
99.4375
101.5
102.3125
101.1875
100.1875
99.1875
97.0625
94.3125
89.875
83.625
78.9375
77.5625
77.25
76.75
76.375
76.375
76.375
75.875
74.875
74.0625
73.0625
71.75
70.5
69.25
68.1875
67.25
66.75
70.125
79.5
89.0625
94.625
97.8125
100.0
100.875
100.5625
99.625
98.125
96.4375
94.1875
90.25
84.6875
80.3125
78.75
78.0
77.0625
76.5625
76.5625
76.3125
75.75
75.25
74.5625
73.3125
72.0
70.8125
69.5625
68.4375
67.5625
67.125
70.4375
79.625
89.4375
95.25
98.4375
100.5625
101.625
101.5625
100.375
99.3125
97.9375
95.5
91.8125
86.5
81.75
79.4375
78.5
77.6875
77.125
76.9375
76.875
76.6875
75.875
75.0
74.0625
72.8125
71.375
70.125
69.0625
67.9375
67.3125
70.6875
80.0
89.875
95.875
99.5
101.75
102.75
102.8125
101.5
100.25
99.0625
97.0625
93.4375
88.125
82.75
80.0625
79.3125
78.625
78.1875
78.1875
78.0625
77.75
77.1875
76.4375
75.5
74.4375
73.25
72.0
70.875
69.9375
69.6875
73.375
83.0
92.9375
98.9375
102.75
105.375
106.625
106.375
105.375
104.375
102.6875
100.4375
96.875
91.5625
86.3125
83.625
82.6875
81.75
81.25
81.25
81.0
80.5625
79.9375
79.1875
78.125
76.75
75.5
74.125
72.9375
71.8125
71.5625
76.25
86.8125
96.5625
102.0
105.25
107.3125
107.9375
108.0
107.375
105.875
104.3125
102.125
98.3125
92.75
87.625
85.125
83.8125
82.625
82.125
82.0
81.5625
80.875
79.9375
78.9375
77.6875
76.0625
74.4375
73.0
71.875
70.8125
70.5
74.875
84.875
94.625
100.5
103.75
105.1875
105.25
105.0625
104.6875
103.1875
101.0625
98.25
93.625
87.625
83.125
81.5
80.625
79.8125
79.6875
79.625
79.375
78.75
77.875
76.8125
75.5625
74.25
72.9375
71.5625
70.5
69.5
69.4375
74.25
84.375
93.875
99.125
101.8125
103.5625
103.875
103.3125
102.3125
100.8125
98.75
95.75
90.8125
85.25
81.8125
80.6875
79.8125
79.0
78.6875
78.5625
78.25
77.625
76.9375
75.9375
74.6875
73.5625
72.3125
71.0625
69.9375
68.9375
70.0
76.75
87.375
95.3125
99.5625
102.3125
104.1875
105.0625
104.0
102.0625
100.875
99.0
95.625
90.25
84.25
80.9375
80.25
79.625
79.0
78.8125
78.75
78.25
77.625
76.75
75.6875
74.5
73.1875
71.8125
70.5625
69.625
68.875
71.4375
80.375
90.9375
97.4375
101.0625
104.0
105.6875
105.5625
104.5
103.3125
102.0
99.6875
95.625
90.25
85.0625
82.1875
81.125
80.1875
79.5625
79.375
79.3125
78.9375
78.125
76.9375
75.875
74.75
73.3125
71.9375
70.8125
70.0
69.75
74.4375
84.875
94.1875
99.5625
103.0
105.4375
106.5625
106.375
105.5
104.25
102.75
100.5
96.625
90.9375
85.6875
83.1875
82.375
81.625
81.25
81.1875
81.0
80.625
79.9375
78.9375
77.75
76.5625
75.375
74.0
72.75
71.75
73.375
81.3125
92.1875
100.0625
104.8125
108.125
109.75
109.5625
109.0
108.375
106.9375
104.8125
101.625
96.8125
91.0625
87.0625
85.5
84.375
83.5
83.3125
83.125
82.625
82.0625
81.375
80.375
78.9375
77.4375
76.1875
75.0
73.6875
73.375
77.875
88.125
97.875
104.25
108.375
110.75
111.1875
110.5625
109.625
108.125
106.1875
103.375
99.1875
93.375
88.0
85.375
84.125
83.0
82.375
82.1875
81.8125
81.125
80.5
79.375
77.8125
76.25
74.875
73.625
72.375
71.125
71.875
78.4375
89.3125
97.9375
102.6875
105.875
107.5
107.25
106.25
105.0625
103.8125
101.375
97.5625
92.3125
86.75
83.4375
82.125
80.9375
80.3125
80.25
80.0625
79.5625
79.0
78.25
77.0625
75.625
74.3125
72.9375
71.5625
70.5
69.9375
72.8125
81.625
92.0
98.875
102.375
104.875
106.4375
105.9375
104.4375
102.8125
101.1875
98.4375
93.5625
87.4375
82.875
81.25
80.4375
79.5625
79.3125
79.3125
79.0625
78.625
77.8125
76.75
75.625
74.3125
73.0
71.8125
70.75
69.75
70.9375
78.5
89.375
96.9375
101.375
105.0
106.625
105.9375
105.3125
104.25
102.6875
100.4375
96.9375
91.5
85.9375
82.5625
81.4375
80.6875
80.0
79.75
79.625
79.125
78.375
77.4375
76.4375
75.25
73.9375
72.625
71.5
70.5625
70.375
74.9375
85.3125
95.0625
100.4375
103.9375
106.4375
107.125
106.6875
105.625
104.6875
103.25
100.375
96.0
90.0
84.625
82.125
81.25
80.25
79.9375
80.0625
79.875
79.25
78.375
77.1875
75.875
74.625
73.3125
72.0
70.9375
70.0625
71.8125
80.0625
91.375
99.125
103.6875
107.125
108.8125
108.9375
107.6875
106.5625
105.8125
103.875
100.4375
95.375
89.5
85.5
84.0
83.0625
82.3125
82.1875
82.1875
81.6875
81.0
80.375
79.375
78.125
77.0
75.6875
74.3125
73.1875
73.3125
78.8125
89.5
98.9375
104.75
108.75
111.125
111.6875
111.125
110.125
108.8125
107.0
104.375
99.9375
94.0
89.0
86.5625
85.25
84.375
84.0625
83.8125
83.3125
82.9375
82.1875
81.125
79.9375
78.4375
76.8125
75.625
74.5
73.4375
76.0625
85.625
96.4375
103.5625
107.75
110.25
111.0625
110.9375
110.25
108.5
106.5625
104.125
100.1875
94.375
88.0
84.1875
82.75
82.125
81.75
81.5
81.375
81.0
80.0
79.1875
78.0625
76.375
74.8125
73.5
72.0625
71.0
70.9375
75.6875
86.375
96.375
101.6875
105.125
107.5
108.0625
107.375
105.875
104.375
102.4375
98.875
93.8125
87.9375
83.9375
82.25
81.0625
80.25
80.0
79.875
79.625
78.9375
78.1875
77.3125
75.875
74.5
73.4375
71.9375
70.8125
70.1875
71.625
79.4375
90.6875
98.25
102.5
105.75
107.0625
106.6875
105.5625
104.625
102.5625
99.75
95.8125
90.0
84.8125
82.4375
81.1875
80.25
79.75
79.5625
79.4375
79.1875
78.3125
77.1875
76.1875
74.8125
73.5
72.4375
71.125
70.125
70.5625
75.625
86.125
95.75
101.125
104.75
107.6875
107.9375
106.9375
106.3125
105.3125
102.875
99.8125
95.1875
88.9375
84.5
82.875
81.5625
80.75
80.5
80.3125
80.0625
79.5625
78.5625
77.625
76.375
74.9375
73.75
72.375
71.3125
70.4375
72.5
81.25
92.25
99.625
104.375
108.25
110.0
109.25
108.375
107.5625
105.875
103.6875
99.9375
94.5625
88.6875
84.75
83.25
82.25
81.25
81.3125
81.375
81.0625
80.25
79.0625
78.125
77.0
75.75
74.25
72.875
72.125
72.5
78.0625
88.75
98.5
104.5625
108.875
111.8125
112.0
111.6875
111.25
110.0625
108.1875
105.375
101.375
95.4375
89.8125
87.0
85.625
84.8125
84.5
84.4375
84.0625
83.4375
83.0
82.0
80.8125
79.25
77.75
76.5625
75.3125
74.5
77.125
86.75
98.1875
105.625
110.25
113.4375
115.25
115.3125
114.5
113.5
111.875
109.6875
106.25
100.875
94.4375
89.6875
88.125
87.125
86.4375
86.125
85.6875
85.5625
84.9375
84.0
82.5625
81.0
79.6875
78.3125
76.9375
75.0
74.875
80.875
92.125
101.625
107.1875
111.375
113.5
113.6875
112.625
111.5
110.4375
108.5625
105.5625
100.4375
93.9375
88.6875
86.125
84.9375
83.875
83.625
83.75
83.375
82.625
81.5625
80.5
79.125
77.625
76.1875
74.625
73.5625
72.75
74.4375
82.5
93.625
101.9375
106.5625
109.75
111.125
110.5
110.0
108.8125
107.0
104.1875
99.875
93.75
86.75
83.1875
82.375
81.875
81.5625
81.75
81.75
81.0625
80.375
79.5
78.3125
76.875
75.3125
74.0625
73.0
72.0625
72.0625
76.75
87.6875
97.75
103.6875
107.375
109.6875
110.0625
109.3125
108.5625
107.125
104.875
102.0
96.9375
90.4375
84.9375
83.125
82.875
81.875
81.75
82.0
81.3125
80.875
80.0
78.875
77.5625
76.125
75.0625
73.875
72.8125
72.0
74.5625
83.875
95.0
102.25
106.875
110.125
111.4375
111.125
110.3125
109.1875
107.75
105.5625
101.4375
95.5625
89.1875
85.4375
84.5625
83.4375
82.8125
82.6875
82.5
82.25
81.4375
80.375
79.0
77.9375
76.75
75.3125
73.875
72.625
73.5
79.9375
91.1875
100.4375
106.0625
110.3125
112.375
112.8125
112.25
111.3125
110.3125
108.5
105.0625
100.0625
93.9375
88.5
86.0
84.6875
83.75
83.625
83.625
82.875
82.3125
81.9375
80.875
79.5625
78.25
77.0625
76.0625
74.875
74.3125
78.0625
88.75
99.875
106.8125
111.4375
114.375
115.4375
115.3125
115.25
114.25
112.0
109.8125
106.1875
100.0625
93.0
88.9375
87.875
86.9375
86.1875
86.1875
86.25
85.625
85.125
84.125
82.6875
81.4375
79.9375
78.5625
77.0
75.875
78.0625
86.375
98.0
106.4375
111.875
115.875
117.875
117.9375
117.0
116.1875
115.1875
112.9375
109.5
104.5625
98.0
92.5
90.0625
88.625
87.875
87.75
87.5
87.1875
86.4375
85.375
83.8125
81.875
80.0
78.4375
77.1875
75.8125
75.25
79.875
91.0625
101.9375
108.4375
112.6875
115.1875
115.5625
115.0625
114.5
113.125
111.0
108.1875
103.5625
97.0625
90.8125
87.3125
85.9375
85.125
84.6875
84.375
84.0
83.625
82.6875
81.5625
80.1875
78.4375
77.125
75.5625
74.3125
73.3125
74.4375
82.0
93.4375
102.1875
107.3125
110.9375
112.625
112.1875
111.4375
110.25
108.25
105.875
101.875
95.875
89.625
85.9375
84.5625
83.5
83.0
82.8125
82.5
82.0625
81.375
80.5
79.1875
77.6875
76.4375
75.0625
73.9375
72.75
72.5625
77.5625
88.375
98.5625
104.4375
108.875
111.875
112.1875
111.625
110.1875
108.4375
106.625
103.4375
98.3125
91.9375
87.0625
85.0625
83.6875
82.6875
82.5625
82.625
82.25
81.5
80.5625
79.5625
78.25
76.8125
75.5625
74.3125
73.125
72.25
75.0625
84.4375
95.9375
103.3125
108.0
112.0
113.5625
112.6875
111.5625
110.1875
108.625
106.375
102.25
96.4375
90.3125
86.4375
84.875
83.6875
83.125
83.125
83.0625
82.5625
81.6875
80.625
79.25
77.9375
76.5625
75.125
73.8125
72.625
73.375
80.0625
91.5625
101.125
106.9375
111.3125
113.6875
113.625
113.25
112.375
110.6875
108.6875
105.9375
101.125
94.25
88.125
85.625
84.8125
84.0
83.75
83.9375
84.0
83.4375
82.5
81.1875
80.0625
78.875
77.625
76.3125
75.0625
74.5625
78.5
88.875
100.0
107.3125
112.375
116.0625
117.125
117.0
115.875
114.5
113.1875
110.9375
107.0
100.875
93.9375
89.6875
88.3125
87.1875
86.625
86.5
86.375
85.875
85.25
84.25
83.0
81.5
80.0
78.5625
77.375
76.1875
77.4375
85.8125
97.8125
106.75
112.6875
117.125
118.875
118.375
117.75
117.25
115.6875
113.25
110.125
105.1875
98.1875
92.4375
89.9375
88.75
87.875
87.25
86.75
86.125
85.4375
84.4375
83.0
81.1875
79.5625
78.0625
76.375
74.9375
74.25
78.4375
89.0625
100.125
107.3125
112.1875
115.5
116.125
115.25
114.0
112.5625
110.8125
107.6875
102.75
96.1875
89.9375
86.75
85.1875
84.25
83.9375
83.9375
83.625
83.125
82.3125
81.3125
79.8125
78.25
76.6875
75.25
74.0
72.9375
73.6875
80.4375
91.8125
101.1875
106.875
111.0
112.8125
112.5625
111.8125
110.625
108.5
106.0
102.0625
96.1875
89.875
85.875
84.375
83.375
82.75
82.625
82.4375
82.0
81.4375
80.5625
79.1875
77.8125
76.5
75.125
74.0
72.875
72.25
75.75
85.6875
96.875
104.125
108.875
112.3125
112.9375
111.9375
111.125
110.0
107.5625
104.4375
99.875
93.4375
87.875
85.25
84.0
83.0625
82.75
82.6875
82.375
81.75
81.0625
80.0625
78.6875
77.1875
75.8125
74.625
73.5625
72.4375
73.4375
80.75
92.4375
101.5625
107.125
111.5
113.625
113.5
112.75
111.75
110.1875
107.9375
104.4375
99.0
92.5
87.625
85.4375
84.25
83.5
83.4375
83.5
83.0625
82.3125
81.3125
80.125
78.8125
77.375
75.9375
74.6875
73.5
72.875
76.75
87.1875
98.5
105.5
110.5625
114.25
115.125
114.5
113.625
112.5
110.75
108.1875
104.4375
98.5
91.875
88.0
86.625
85.625
85.0
84.9375
84.8125
84.4375
83.875
82.875
81.5
80.4375
79.1875
77.625
76.25
75.25
76.375
83.875
95.9375
105.6875
112.125
116.9375
118.875
118.3125
117.875
116.9375
115.5
113.6875
110.4375
105.375
98.625
93.0
90.25
89.0
88.0625
87.8125
87.625
87.3125
86.5625
85.8125
84.6875
83.0625
81.5
80.0625
78.6875
77.375
76.5625
80.3125
90.875
102.375
110.25
116.25
119.8125
120.3125
119.9375
119.125
117.6875
116.0625
113.5625
109.6875
103.3125
95.75
90.875
89.0
87.9375
87.1875
87.0625
86.75
85.9375
85.0
84.0
82.4375
80.4375
78.75
77.5
76.1875
74.8125
75.0
81.0
92.75
103.125
109.6875
114.25
116.3125
116.1875
115.375
114.0625
112.0
109.6875
106.3125
100.875
94.0
88.8125
86.5625
85.3125
84.75
84.5
84.4375
84.0625
83.6875
83.0
82.4375
81.5
79.625
78.125
80.125
84.625
88.75
90.5
90.0625
87.9375
83.75
78.0625
73.5625
71.6875
70.875
70.1875
70.25
70.5625
70.5625
70.375
70.0625
69.5
68.8125
68.0
67.375
66.8125
66.3125
66.0
65.75
65.1875
64.5
63.8125
63.1875
62.5625
61.875
61.125
61.1875
66.0625
79.125
92.25
100.125
107.1875
112.75
114.375
114.125
113.375
111.9375
110.0625
107.4375
103.4375
98.0
91.875
87.1875
85.4375
84.75
84.25
84.25
84.3125
83.9375
83.1875
82.1875
81.0625
79.6875
78.125
76.8125
75.5625
74.1875
73.25
75.75
83.875
94.4375
102.375
107.875
111.75
112.9375
112.6875
111.75
110.4375
108.8125
106.3125
102.1875
96.0625
89.8125
86.1875
84.6875
83.6875
83.125
83.1875
83.25
82.75
81.875
81.0
79.8125
78.5
77.3125
75.875
74.4375
73.375
74.75
82.875
95.625
105.375
111.625
116.5
118.5
118.25
117.6875
116.625
115.0
113.0625
110.25
105.3125
98.4375
92.25
89.0
87.625
86.75
86.5
86.5
86.25
85.75
84.875
83.875
82.625
81.0625
79.5
78.1875
76.8125
76.125
79.5625
89.625
101.125
109.125
114.75
118.625
119.3125
118.25
117.375
116.25
114.4375
112.125
108.4375
102.4375
95.5625
90.9375
89.0625
87.9375
87.375
87.25
87.125
86.8125
86.125
85.25
83.9375
82.3125
80.75
79.375
78.0625
76.6875
77.5
85.1875
97.75
107.625
114.1875
119.1875
121.0625
120.6875
119.4375
117.4375
115.625
113.5
110.125
104.875
97.9375
92.0
89.125
87.6875
86.6875
86.25
86.125
85.6875
84.9375
83.9375
82.6875
81.0
79.375
77.875
76.375
75.125
74.0625
75.625
83.75
95.375
104.1875
110.0625
114.1875
115.5625
114.5625
113.1875
111.5625
109.4375
106.625
102.25
95.8125
89.5625
86.1875
84.8125
83.6875
83.3125
83.4375
83.375
83.0625
82.6875
82.25
81.75
80.1875
78.0625
78.6875
82.375
86.0625
88.125
88.3125
86.625
82.75
77.375
72.9375
70.8125
69.6875
69.125
69.1875
69.375
69.5
69.5625
69.25
68.75
68.0625
67.375
66.8125
66.25
65.75
65.3125
65.125
64.75
64.25
63.625
62.9375
62.3125
61.75
61.125
60.5
61.4375
69.0
83.5625
95.0625
102.1875
109.125
113.4375
114.6875
114.625
112.9375
110.875
108.8125
105.875
101.5625
95.75
89.875
86.375
85.3125
84.8125
84.5625
84.5
84.4375
84.0625
83.1875
82.125
80.875
79.375
78.0625
76.8125
75.5
74.25
73.875
77.3125
86.75
97.5
104.9375
110.375
113.8125
114.5
113.9375
112.8125
111.625
109.9375
107.0
102.5625
96.25
89.9375
86.625
85.25
84.25
84.0
84.125
84.125
83.75
83.0
81.9375
80.6875
79.3125
77.875
76.4375
75.1875
74.125
76.375
85.875
98.6875
108.0
114.4375
119.4375
121.125
120.375
119.0625
118.125
116.875
114.5
111.1875
106.25
99.4375
93.375
90.5
89.1875
88.25
88.125
88.125
87.8125
87.25
86.25
85.0
83.75
82.375
80.8125
79.375
78.0625
77.625
82.3125
93.4375
104.8125
112.5
117.9375
121.0625
121.1875
120.1875
119.3125
118.25
116.5
113.8125
109.875
103.75
96.9375
92.5625
90.75
89.625
89.25
89.3125
89.0625
88.625
88.3125
88.1875
87.125
85.3125
86.5
91.5
95.75
97.75
98.25
96.4375
92.0625
85.75
79.9375
76.5625
75.25
74.5
74.1875
74.3125
74.5
74.375
73.875
73.1875
72.5
71.875
71.0
70.0625
69.375
68.8125
68.375
68.0
67.5
66.625
65.875
65.0625
64.375
63.6875
62.8125
62.375
64.875
75.5
90.3125
100.375
108.0
115.0625
118.0
117.875
117.5
116.5
115.0
112.75
109.25
104.5
98.1875
92.0
89.0
88.0625
87.1875
86.6875
86.8125
86.875
86.3125
85.1875
83.9375
82.75
81.3125
79.8125
78.3125
77.125
76.0
75.6875
80.125
90.375
100.75
107.875
113.125
116.1875
116.4375
115.1875
113.625
112.1875
110.0625
106.625
101.25
94.3125
88.9375
86.9375
86.0625
85.25
85.1875
85.3125
84.9375
84.25
83.5
82.5
81.0625
79.625
78.3125
77.0
75.6875
75.1875
79.1875
90.375
102.8125
111.0625
116.625
120.4375
121.3125
120.0625
118.8125
117.875
116.375
113.8125
109.375
103.125
95.625
90.4375
88.8125
88.0625
87.25
87.1875
87.25
86.875
85.875
84.5
83.0625
81.8125
80.5625
78.9375
77.5625
76.3125
76.6875
82.8125
94.3125
104.5625
111.5
116.8125
119.5
119.375
118.3125
117.3125
116.0625
114.1875
111.1875
106.375
99.375
92.1875
88.625
87.75
86.9375
86.375
86.5625
86.5
86.0
85.125
83.8125
82.5625
81.375
80.125
78.875
77.625
76.9375
80.1875
90.4375
102.9375
111.875
118.3125
122.625
123.4375
122.8125
122.1875
121.0625
119.375
116.9375
113.375
107.8125
100.5625
94.8125
92.375
91.3125
90.625
90.6875
90.625
90.125
89.25
88.375
87.1875
85.6875
84.1875
82.625
81.25
80.0625
80.4375
87.0625
99.3125
110.25
117.75
123.1875
125.625
125.5625
124.75
124.0625
123.0
121.0
118.0625
113.375
106.375
99.0
94.8125
93.375
92.375
92.0
92.125
92.0
91.375
90.3125
89.0
87.375
85.875
84.1875
82.1875
80.4375
79.375
82.1875
92.1875
104.875
114.375
120.875
124.875
125.375
124.4375
123.8125
122.6875
121.125
118.6875
114.6875
108.4375
100.3125
93.9375
91.375
90.375
89.9375
90.0625
90.1875
89.6875
88.6875
87.375
85.875
84.125
82.5625
81.1875
79.9375
78.4375
77.8125
81.875
92.25
104.0
112.4375
118.375
121.6875
121.625
120.5625
119.75
118.5625
116.8125
113.875
108.9375
101.5625
94.0
90.125
89.125
88.5
88.25
88.375
88.1875
87.625
86.75
85.4375
83.875
82.5
81.125
79.625
78.375
77.1875
78.0625
85.0625
97.5
108.1875
115.125
119.875
121.8125
121.6875
120.6875
119.625
118.3125
116.25
112.6875
107.0625
99.5
93.1875
90.8125
89.875
89.125
88.8125
88.6875
88.3125
87.5625
86.4375
85.0625
83.625
82.25
81.0
79.5
78.1875
77.125
79.5
88.5625
101.0625
110.375
116.6875
121.1875
122.625
122.3125
121.3125
120.1875
119.0625
116.8125
112.875
106.875
99.3125
93.4375
91.0
89.9375
89.1875
89.1875
89.125
88.5625
87.75
86.625
85.1875
83.625
82.3125
81.125
79.6875
78.125
77.25
80.25
90.1875
102.9375
112.1875
118.625
123.125
124.3125
123.8125
122.8125
121.875
120.75
118.6875
114.875
109.0625
101.375
94.75
91.8125
90.75
90.0
90.0
90.25
89.875
88.9375
87.875
86.8125
85.5625
83.9375
82.4375
81.125
79.875
79.0
81.5625
90.875
103.5625
113.4375
120.375
124.8125
126.125
126.0
125.375
124.8125
123.6875
121.4375
117.875
112.4375
104.9375
98.25
95.0625
93.8125
93.0625
92.875
92.75
92.3125
91.4375
90.5
89.375
87.875
86.1875
84.6875
83.3125
81.8125
80.4375
81.9375
90.625
104.0625
114.6875
122.1875
127.5
129.125
128.875
128.375
128.0625
127.25
124.8125
121.3125
116.5
109.3125
101.1875
96.5
95.1875
94.625
94.125
93.5625
92.6875
91.875
91.0
89.6875
87.875
85.875
84.1875
82.6875
81.0625
79.375
78.9375
83.9375
95.75
107.875
116.125
122.125
125.375
125.5
124.625
123.8125
122.9375
121.375
118.375
113.6875
106.8125
98.9375
93.8125
91.75
91.0
90.9375
90.875
90.625
90.0
88.875
87.6875
86.4375
84.75
82.875
81.375
80.0625
78.75
77.6875
79.5625
88.1875
100.75
111.0
117.625
121.8125
123.1875
123.0
122.375
121.375
119.8125
117.5625
113.5625
107.0625
99.5625
94.0625
91.875
90.8125
90.1875
90.125
89.8125
89.25
88.75
88.4375
87.8125
85.5625
83.0
82.3125
83.875
86.0
86.75
85.75
82.875
78.4375
74.875
73.0
71.75
71.25
71.3125
71.0625
71.1875
71.375
71.0625
70.4375
69.875
69.0
68.5
68.0
67.5
67.0625
66.6875
65.9375
65.4375
65.3125
64.875
64.375
64.125
63.8125
63.375
63.125
62.625
62.0625
62.875
69.5
83.6875
96.5625
105.25
113.625
118.8125
120.0625
120.875
120.1875
118.5
117.5625
115.5625
111.625
106.125
99.375
93.625
91.0625
90.5
90.1875
89.9375
89.75
89.375
88.625
87.5
86.1875
84.6875
83.25
81.9375
80.5
79.125
77.9375
76.5
77.375
84.375
96.3125
106.375
113.375
118.875
121.25
121.75
121.25
120.1875
119.5625
117.8125
114.8125
110.1875
102.875
95.875
92.375
90.8125
90.0
89.875
89.625
89.6875
89.4375
88.5
87.5
86.125
84.75
83.6875
82.0625
80.4375
79.0
78.75
84.25
96.5625
109.25
118.1875
124.4375
127.5625
128.3125
127.125
126.25
126.0
124.1875
121.5625
118.125
112.1875
104.6875
98.1875
94.875
93.8125
92.9375
92.5
92.5
92.0
91.25
90.125
88.625
87.0625
85.4375
84.0
82.75
81.125
79.6875
80.5625
87.25
99.625
110.875
118.4375
123.8125
125.3125
124.5625
124.0625
123.5
122.6875
120.75
117.4375
112.9375
106.0625
98.5
93.75
91.4375
90.4375
90.375
90.1875
89.8125
88.8125
87.625
86.875
85.5
83.8125
82.0625
80.125
79.0
77.75
76.5
78.25
86.875
99.3125
109.6875
116.625
121.1875
122.875
122.0
120.8125
120.0625
118.8125
116.625
112.75
106.8125
99.375
93.375
90.6875
89.625
88.75
88.75
88.75
88.375
87.8125
86.5
85.1875
83.75
82.1875
80.9375
79.25
77.6875
76.6875
76.125
79.4375
88.6875
100.4375
109.6875
116.0625
120.0625
120.9375
120.125
119.125
118.25
116.625
113.875
109.25
102.375
95.375
91.0
89.4375
88.75
88.25
88.5625
88.3125
87.625
86.8125
85.5
84.4375
83.1875
81.6875
80.3125
78.8125
77.625
76.625
77.0625
83.8125
96.0
107.0625
114.6875
120.3125
123.0
122.625
121.75
121.25
120.375
118.8125
115.25
110.125
103.3125
96.1875
92.5625
91.3125
90.5
90.5
90.375
90.0625
89.375
88.1875
86.9375
85.375
84.0625
82.5
80.8125
79.6875
78.375
77.5
79.8125
89.0
101.75
111.3125
118.0
122.3125
123.5625
123.6875
123.1875
122.5625
121.4375
119.375
115.6875
110.0625
102.6875
96.25
92.8125
91.6875
91.4375
91.1875
91.0
90.25
89.375
88.5625
87.0
85.75
84.625
83.0
81.75
80.6875
79.4375
79.375
84.75
96.75
109.125
117.875
123.9375
127.0625
127.625
127.5
127.625
126.75
124.875
122.5
118.4375
111.8125
103.875
98.0625
96.0
95.0625
94.625
94.6875
94.125
93.25
92.5
91.4375
90.125
88.3125
86.9375
85.8125
84.125
82.625
81.25
82.0625
89.875
102.75
114.1875
121.9375
127.5
130.375
130.8125
130.0
129.1875
129.125
127.75
124.5625
119.9375
112.875
104.75
99.4375
97.5625
96.625
95.8125
96.0
95.9375
95.0625
93.6875
92.0625
90.5625
88.4375
86.625
85.125
83.625
81.875
80.5625
82.5
90.9375
104.125
115.25
122.75
127.0625
128.125
128.375
127.8125
127.125
126.125
124.125
120.625
115.125
107.4375
99.5
95.4375
94.25
93.875
93.5
93.25
93.0625
92.1875
90.625
89.0
87.875
86.1875
84.375
82.875
81.5
80.125
79.0625
81.375
90.1875
103.125
113.625
120.5625
124.5
125.5625
125.375
124.875
124.125
122.5625
120.1875
116.1875
109.6875
101.4375
95.25
93.3125
92.5
91.875
92.0625
92.0
91.5
90.25
89.0625
87.9375
86.25
84.8125
83.3125
81.9375
80.625
79.4375
78.8125
82.1875
92.9375
106.0
115.375
121.6875
125.875
127.0625
126.4375
125.625
124.75
123.25
120.75
116.625
109.8125
101.375
95.9375
94.125
93.5
93.0
92.875
92.5625
91.8125
90.9375
89.3125
87.8125
86.6875
85.25
83.625
82.125
80.8125
79.125
79.0
83.9375
95.0625
107.5625
116.5
122.6875
125.875
126.625
126.5625
126.3125
125.5625
123.875
121.625
117.625
111.0625
102.625
96.5
94.5625
93.75
93.25
93.0625
92.875
92.125
91.0
89.9375
88.3125
86.9375
85.5625
84.125
82.4375
80.875
79.6875
79.6875
85.4375
97.5625
109.75
118.5
124.8125
128.0625
128.125
127.875
128.125
127.5625
126.375
123.875
119.875
113.8125
106.0625
99.5
96.25
95.5625
95.4375
95.1875
94.625
93.9375
93.25
92.0
90.8125
89.3125
87.875
86.5625
85.1875
83.5625
81.9375
81.8125
86.5
98.0
111.375
120.875
127.1875
131.0
132.125
131.8125
131.5625
131.4375
130.25
127.75
124.0625
118.5625
110.5625
102.75
99.125
98.3125
97.75
97.4375
97.3125
96.8125
96.0
95.625
94.8125
92.75
91.1875
92.375
95.6875
98.0
98.25
96.3125
91.9375
86.3125
82.1875
80.25
79.1875
78.75
78.75
79.0
78.9375
78.3125
77.375
76.6875
76.1875
75.25
74.4375
73.8125
73.25
72.3125
71.375
70.75
70.0
69.0625
68.3125
67.9375
67.75
67.5625
67.25
66.875
66.375
66.0625
65.6875
65.0625
66.0625
74.0625
89.1875
102.1875
111.5
119.5625
124.25
125.5625
125.3125
125.3125
124.875
123.1875
120.5625
116.6875
110.8125
103.375
97.1875
94.75
94.1875
93.875
93.625
93.4375
92.75
91.5625
90.25
88.875
87.5625
86.125
84.6875
83.0625
81.5625
80.3125
78.8125
77.4375
79.1875
87.0625
99.4375
110.0625
117.1875
122.1875
124.0
123.9375
123.3125
122.6875
121.9375
119.9375
116.3125
110.625
103.0625
96.0625
92.625
91.625
91.0625
90.875
90.75
90.4375
89.625
88.5625
87.25
85.8125
84.625
83.375
81.75
80.1875
78.6875
77.375
78.0625
84.5
97.25
109.5
117.75
124.0
126.5625
126.5
126.0625
125.875
125.3125
123.5
120.6875
116.4375
110.375
102.5625
96.3125
93.75
92.875
92.375
92.0
91.625
90.9375
89.9375
88.75
87.3125
86.1875
84.8125
83.25
81.75
80.25
78.625
77.3125
79.0
87.3125
100.125
110.75
118.125
123.5
125.75
125.5
125.1875
125.1875
124.5
122.8125
119.6875
115.0625
108.5
100.875
95.4375
93.4375
92.625
92.1875
92.0625
91.5
90.875
90.1875
89.0
87.75
86.625
85.3125
83.9375
82.375
80.875
79.4375
79.125
83.4375
94.5625
107.9375
117.6875
124.5
128.6875
129.5625
129.3125
129.0625
128.625
127.4375
125.25
121.9375
116.875
109.375
101.9375
97.9375
96.75
96.125
95.8125
95.75
95.3125
94.3125
93.1875
92.125
90.75
89.125
87.5625
86.125
84.6875
83.0
81.375
82.6875
90.8125
104.0
115.6875
123.75
129.4375
131.8125
132.0
132.1875
132.5625
132.1875
130.25
127.4375
123.5625
117.25
109.1875
102.75
100.0
99.0
98.3125
97.9375
97.3125
96.25
95.0
93.5
92.1875
90.5625
88.8125
87.1875
85.375
83.6875
81.875
81.1875
84.875
95.3125
108.8125
119.1875
126.125
130.0
130.875
131.0625
130.875
130.5
129.5625
127.375
123.8125
118.1875
110.1875
102.5625
98.375
96.8125
96.3125
96.25
96.25
95.625
94.4375
93.0625
91.6875
90.25
88.5625
86.9375
85.6875
84.125
82.5
80.8125
81.375
87.875
100.125
112.25
120.4375
126.375
129.0
128.5625
128.375
128.5625
128.0
126.375
123.125
118.375
111.375
103.25
98.0
96.1875
95.5625
95.5
95.375
94.8125
94.0625
92.9375
91.375
90.0625
88.75
87.25
85.6875
84.1875
82.75
81.125
80.8125
85.375
96.625
109.75
119.25
125.6875
129.0
129.5
129.6875
129.8125
129.4375
128.3125
126.125
122.0625
115.5
107.1875
100.375
97.6875
96.8125
96.25
96.3125
96.0625
95.125
93.875
92.6875
91.375
89.75
88.1875
86.875
85.4375
83.75
82.0
81.3125
84.375
93.875
107.1875
117.8125
124.875
129.4375
130.75
130.9375
131.375
131.4375
130.5
128.5625
125.5
120.3125
112.375
103.375
98.1875
97.125
96.6875
96.6875
96.9375
96.375
95.1875
93.9375
92.5
90.8125
89.375
88.125
86.625
84.8125
83.1875
81.875
83.4375
91.75
105.375
117.0625
125.125
130.8125
133.0
133.1875
133.875
134.875
134.5625
133.125
130.5
126.0
119.4375
111.0
104.125
101.25
100.375
100.125
100.0625
99.5625
98.9375
97.875
96.3125
94.75
93.5
92.125
90.4375
88.875
87.125
85.1875
85.5
91.625
104.1875
117.375
126.875
133.0625
135.5625
136.1875
137.1875
137.6875
137.5
136.5625
134.375
130.75
125.5
117.625
109.3125
104.5
103.125
102.5625
102.1875
102.0625
101.625
101.0625
100.125
98.3125
95.8125
94.5
96.125
99.5
100.875
99.625
96.5
91.5625
86.3125
82.9375
81.5
80.8125
80.5
80.5
80.3125
80.0
79.3125
78.6875
77.75
76.75
75.9375
75.375
74.8125
74.375
73.625
72.6875
72.125
71.75
70.8125
70.25
70.1875
69.875
69.375
69.125
68.75
68.3125
68.0625
67.6875
68.1875
74.5625
89.125
103.4375
113.6875
122.125
127.625
129.0625
128.8125
129.1875
129.25
128.25
125.6875
122.0625
116.9375
109.5625
102.125
98.3125
97.6875
97.4375
97.375
97.3125
96.75
95.5
94.0625
92.8125
91.375
89.5625
87.9375
86.375
84.625
83.25
81.625
80.5625
83.3125
92.625
105.4375
115.75
122.75
127.1875
128.6875
128.625
128.25
127.9375
127.0
124.5625
121.25
115.6875
107.25
99.375
95.9375
95.125
94.5
94.4375
94.5625
94.0625
92.9375
91.75
90.4375
88.875
87.25
85.8125
84.5
82.9375
81.0
80.25
84.125
94.9375
108.4375
118.5625
126.0
130.4375
131.3125
131.3125
131.4375
131.375
130.375
127.8125
124.375
119.3125
111.875
103.5625
98.25
96.5625
95.9375
95.6875
95.625
95.1875
94.125
92.6875
91.1875
89.875
88.4375
87.0
85.625
84.0625
82.3125
81.0625
83.125
91.4375
104.375
115.5
123.125
128.0625
129.4375
129.1875
129.375
129.6875
129.375
127.8125
125.0
120.75
114.125
105.8125
99.5
97.1875
96.5
96.25
96.5
96.3125
95.5
94.375
93.0625
91.75
90.5
89.125
87.4375
85.75
84.0
82.3125
82.9375
90.0
103.375
116.125
124.8125
130.75
133.1875
133.375
134.0
134.8125
134.5625
133.25
131.1875
127.5625
121.5625
113.375
105.9375
102.375
101.25
100.8125
100.5625
100.0625
99.1875
98.4375
97.9375
97.0
95.0
93.9375
96.125
100.6875
103.625
104.1875
102.4375
97.875
91.75
86.5
83.6875
82.5
82.0625
82.25
82.5625
82.6875
82.5625
82.125
81.625
81.0
80.25
79.625
78.9375
77.9375
76.8125
75.75
74.875
74.0
72.8125
71.875
71.3125
70.875
70.375
69.75
69.0625
68.5
68.1875
67.6875
67.6875
71.875
85.125
101.0625
112.625
122.125
128.875
131.375
131.125
131.125
131.75
131.125
129.25
126.25
121.9375
115.75
107.75
101.75
99.8125
99.625
99.4375
99.1875
98.5
97.25
95.625
94.125
92.5625
91.0
89.3125
87.625
85.9375
84.3125
82.625
81.0625
81.6875
87.8125
99.8125
112.125
121.0
127.0
129.625
129.8125
129.75
129.8125
129.3125
127.875
125.0
120.3125
113.125
104.5625
98.875
96.9375
96.3125
95.875
95.8125
95.375
94.5
93.1875
91.8125
90.375
89.0625
87.5
85.875
84.4375
82.9375
81.1875
81.3125
87.0625
99.5625
112.9375
122.5625
129.0625
131.9375
132.1875
132.6875
133.0
132.5
131.1875
128.875
125.0625
119.1875
110.8125
102.9375
99.125
98.0625
97.4375
97.1875
96.75
95.8125
94.375
92.9375
91.5625
90.0625
88.5625
87.1875
85.75
84.1875
82.5
81.1875
82.75
90.6875
104.0625
115.9375
124.0
129.625
131.75
131.5
131.6875
132.375
131.9375
130.25
127.375
123.1875
116.625
107.9375
100.75
98.0
97.375
97.0
96.75
96.6875
96.0
94.8125
93.4375
92.125
90.75
89.3125
87.75
86.25
84.625
82.8125
81.375
82.5625
89.75
103.375
116.5
125.4375
131.625
134.375
134.8125
135.6875
136.9375
136.6875
135.0625
132.6875
129.1875
123.875
115.8125
107.6875
103.375
102.25
102.0
101.8125
101.5
100.75
99.4375
97.9375
96.625
95.3125
93.8125
92.1875
90.5625
88.6875
86.75
84.9375
84.125
87.375
97.6875
111.8125
123.375
131.375
136.0
137.125
138.0
139.875
140.625
139.875
138.375
136.125
132.0625
125.5
116.5625
108.9375
105.6875
104.875
104.375
104.0625
103.125
101.625
99.9375
98.1875
96.625
95.0
92.75
90.6875
89.125
87.75
86.125
84.5625
85.6875
93.1875
106.875
120.0
129.1875
135.0625
137.1875
137.25
137.8125
138.875
138.8125
137.375
134.375
130.375
124.625
116.0625
107.1875
102.25
101.1875
101.125
101.0625
100.5
99.4375
98.0625
96.5
94.9375
93.5
91.9375
90.25
88.5
86.75
85.125
83.5625
82.8125
85.9375
95.9375
109.875
121.0
128.25
132.625
133.8125
134.375
135.0
134.75
133.9375
132.125
128.75
123.5625
116.0
107.25
101.75
100.0625
99.6875
99.5625
99.375
98.5625
97.3125
95.9375
94.5
93.0625
91.75
90.3125
88.625
86.875
85.25
83.5
81.75
81.75
86.25
97.625
111.5
121.8125
128.8125
132.625
133.125
133.875
135.0
135.125
133.9375
131.9375
128.875
123.625
115.8125
107.25
102.125
100.875
100.5
100.3125
99.9375
98.9375
97.5625
96.1875
94.625
93.1875
91.6875
90.0625
88.4375
86.8125
85.375
83.5
81.625
81.6875
86.25
97.5
111.4375
122.0625
129.25
133.0625
133.875
134.5625
136.0
136.6875
136.1875
134.3125
131.0
126.0625
118.6875
109.75
103.5
101.625
101.25
101.0625
100.5625
99.625
98.3125
96.75
95.1875
93.875
92.5
90.875
89.3125
87.875
86.3125
84.4375
82.6875
82.1875
85.3125
95.4375
109.8125
121.25
129.3125
134.5
136.1875
137.0625
138.25
139.125
138.875
137.25
134.6875
130.75
124.625
115.8125
107.6875
104.25
103.625
103.375
103.25
102.625
101.4375
100.0625
98.5625
97.1875
95.75
94.5
93.0
91.25
89.5625
87.875
86.0625
84.8125
86.375
94.25
108.375
121.625
130.8125
136.625
139.0
139.9375
141.0
141.9375
142.125
140.875
138.6875
135.8125
130.9375
123.0625
114.0625
108.125
106.25
105.9375
105.75
104.9375
103.8125
102.4375
100.75
99.0
97.3125
95.9375
94.4375
92.5625
90.75
88.9375
87.0
85.125
85.4375
91.6875
104.6875
118.6875
128.5625
134.6875
137.4375
138.375
139.125
140.0625
140.625
139.6875
137.25
133.875
128.9375
121.375
112.25
105.8125
103.5
103.0
102.8125
102.4375
101.375
99.8125
98.1875
96.5
94.8125
93.4375
91.75
90.0
88.25
86.6875
85.0625
83.3125
82.8125
86.375
96.625
110.625
121.75
129.4375
134.0
135.3125
135.625
136.4375
137.0
136.25
134.125
131.0625
126.4375
119.1875
110.0
103.5625
101.375
100.8125
100.6875
100.6875
100.0
98.375
96.75
95.4375
94.0
92.625
91.25
89.625
87.75
86.3125
84.6875
82.875
81.625
83.125
90.1875
103.3125
116.5
125.5
131.625
134.1875
135.125
136.0625
136.5625
136.3125
135.125
132.875
129.375
123.4375
114.9375
106.6875
102.4375
101.5625
101.5625
101.5
100.6875
99.5625
98.125
96.5625
95.125
93.75
92.25
90.625
89.0625
87.4375
85.625
83.75
82.25
82.4375
86.9375
98.4375
112.5
122.8125
130.0
134.4375
135.6875
136.0
136.75
137.75
137.4375
135.5
132.625
128.1875
120.875
111.5
104.5625
102.25
101.75
101.8125
101.625
100.6875
99.25
97.75
96.3125
94.8125
93.375
91.9375
90.3125
88.75
87.375
85.625
83.5
82.0625
82.625
88.0625
100.5
114.625
124.5625
131.625
135.75
137.0625
138.0
139.4375
140.625
140.0625
138.0625
135.5
131.625
125.1875
116.125
108.5625
105.4375
104.8125
104.875
104.6875
103.6875
102.3125
100.75
99.125
97.6875
96.3125
94.9375
93.5625
91.9375
90.1875
88.4375
86.625
85.125
86.0
92.0625
104.75
118.8125
129.0625
135.6875
139.0625
140.4375
141.875
143.0
143.625
142.875
140.9375
138.4375
134.25
127.6875
118.75
111.0
107.875
107.25
106.6875
106.4375
105.625
103.8125
101.875
100.1875
98.5
97.3125
96.0
94.25
92.625
91.1875
89.3125
87.0625
85.0
84.4375
87.6875
97.9375
112.75
124.9375
133.125
137.9375
139.3125
140.3125
141.6875
142.5
142.3125
141.0
138.625
135.125
130.0
122.125
112.625
106.5625
104.875
104.5625
104.3125
103.9375
102.5
100.5625
98.8125
97.0625
95.4375
94.1875
92.8125
90.75
89.0
87.5625
86.125
84.5625
82.75
82.3125
85.9375
95.6875
110.0
121.625
129.3125
134.5
136.125
136.8125
137.9375
138.5625
138.125
136.9375
134.375
130.5
124.4375
115.625
107.375
103.4375
102.625
102.5625
102.4375
101.9375
100.5
98.375
96.5
95.25
93.8125
92.25
91.125
89.5625
87.9375
86.5625
84.9375
83.0
81.625
81.0625
83.25
91.625
106.125
118.6875
126.8125
132.875
135.5625
136.25
137.25
138.625
138.6875
137.375
135.25
132.125
126.9375
119.25
110.25
104.375
103.0625
103.0625
102.75
102.25
100.9375
99.0625
97.375
95.6875
94.125
93.0
91.625
90.0625
88.625
87.0625
85.625
83.875
82.125
81.125
82.625
89.0
101.5625
115.125
124.625
131.4375
135.125
136.0
137.125
139.125
139.4375
138.375
136.75
133.9375
129.9375
123.625
114.25
106.4375
103.75
103.1875
103.0
102.5625
101.625
100.4375
98.5625
96.5625
95.375
94.125
92.625
91.1875
89.5625
88.125
86.5
84.5625
83.0625
82.0
83.4375
91.0625
104.875
118.0
127.0
133.3125
136.625
137.75
139.25
140.875
141.3125
140.625
138.8125
136.0625
132.3125
125.5625
116.375
109.125
106.3125
105.8125
105.3125
104.875
104.3125
102.625
100.8125
99.1875
97.5625
96.3125
95.0625
93.8125
92.3125
90.3125
88.9375
87.375
85.6875
84.5
85.25
91.75
105.0
119.125
129.4375
135.875
139.0
140.3125
141.6875
143.125
143.6875
143.375
141.8125
139.4375
135.9375
129.875
121.3125
112.75
108.5625
107.5625
107.0
107.0
106.3125
104.75
102.625
100.125
98.3125
96.75
95.4375
94.0
92.0
90.375
88.6875
86.875
85.0
83.3125
84.1875
90.0
102.625
116.75
126.9375
133.875
137.125
138.25
139.4375
140.625
141.4375
140.875
138.9375
136.0625
132.4375
126.4375
117.5
108.9375
104.9375
104.25
104.1875
103.875
102.75
101.375
99.6875
97.9375
96.25
94.5625
93.4375
91.9375
90.3125
88.375
86.8125
85.375
83.5625
82.25
82.5625
88.0
100.4375
114.375
124.1875
130.9375
135.0
136.25
136.9375
138.0625
138.5
137.75
135.9375
133.25
128.8125
122.3125
113.5
106.125
103.0625
102.5625
102.8125
102.625
101.75
99.9375
97.8125
96.25
94.6875
93.3125
91.6875
90.4375
89.1875
87.6875
86.1875
84.4375
83.0
81.5625
80.625
81.5
86.9375
99.875
114.0
124.0
130.875
134.375
135.75
137.4375
138.9375
139.25
138.6875
137.375
134.9375
131.4375
125.1875
116.5
108.375
104.5625
103.5625
103.25
103.0625
102.25
100.6875
98.5
96.6875
95.1875
93.8125
92.4375
90.6875
89.5625
88.125
86.625
84.9375
83.1875
81.8125
80.8125
81.6875
86.8125
99.1875
113.4375
123.375
130.25
133.8125
135.5625
136.8125
138.0625
138.875
138.5
137.125
134.875
131.4375
125.6875
117.375
108.6875
104.25
103.125
102.8125
102.875
102.1875
100.6875
98.5625
96.875
95.75
94.625
93.25
91.625
90.375
89.125
87.8125
85.75
83.8125
82.625
83.0
87.5625
98.625
112.9375
124.25
132.0
136.375
137.6875
139.125
141.0
142.25
141.625
139.6875
137.8125
134.9375
130.125
122.0
112.9375
107.625
106.0
105.625
105.125
104.625
103.5
101.625
99.9375
98.1875
96.75
95.4375
94.1875
92.6875
90.6875
89.1875
87.75
86.1875
84.375
83.8125
87.0625
96.75
111.1875
123.4375
132.125
137.625
139.3125
140.25
141.75
143.5
143.8125
142.5625
140.1875
137.4375
133.25
126.0625
116.375
108.25
105.4375
105.1875
105.1875
104.625
103.3125
101.625
99.5625
97.5625
95.5
94.0625
92.8125
91.375
89.5
87.5
86.125
84.6875
83.125
81.8125
82.375
88.6875
101.5625
115.625
125.5625
132.25
135.625
136.6875
137.875
138.9375
139.625
138.5625
136.75
134.125
130.1875
124.0
115.0
107.3125
103.75
103.0
102.8125
102.6875
101.9375
100.0625
98.125
96.25
94.6875
93.0625
91.375
90.1875
88.875
87.25
85.375
84.0
82.75
81.25
80.0
80.5625
86.3125
98.6875
112.875
122.9375
129.875
133.875
135.0
135.9375
136.75
137.375
137.0
135.25
132.4375
128.4375
122.5625
114.0625
106.3125
102.75
102.0625
102.25
102.0625
101.25
99.4375
97.3125
95.625
94.0
92.4375
91.1875
89.9375
88.625
87.125
85.5625
84.0625
82.5
80.9375
79.75
80.25
85.0625
96.8125
111.125
121.5625
128.9375
133.25
134.5
135.875
137.25
137.75
137.375
135.8125
133.5
130.1875
124.625
116.4375
108.0625
103.625
102.6875
102.4375
102.0625
101.375
99.8125
97.875
96.125
94.4375
93.0
91.5625
90.1875
88.8125
87.3125
85.875
84.3125
82.5
80.8125
80.0
81.6875
88.8125
102.25
115.3125
124.5
131.0625
134.125
135.1875
136.5
138.25
138.8125
137.5
135.5625
133.125
129.4375
123.4375
114.875
107.0
103.625
103.0
102.75
102.625
102.0
100.4375
98.5625
96.9375
95.5625
94.25
92.9375
91.625
90.25
88.6875
86.9375
85.25
83.6875
82.375
82.625
87.375
99.25
113.9375
124.9375
132.5625
136.9375
138.5625
139.625
141.0
141.9375
141.625
140.0625
137.5625
134.5625
129.75
121.75
112.6875
107.5
106.125
105.625
105.375
104.8125
103.375
101.4375
99.75
98.375
97.4375
96.8125
97.0625
100.5625
105.6875
108.9375
109.9375
108.5625
104.25
98.125
92.0625
87.625
85.3125
84.25
84.0625
84.25
84.4375
84.375
83.8125
82.9375
82.1875
81.5
80.625
79.6875
78.9375
78.125
77.0
75.875
74.75
73.6875
72.8125
72.125
71.5
70.8125
70.3125
70.0625
69.625
69.3125
69.25
69.25
69.125
68.875
68.6875
68.5625
68.3125
67.6875
67.0625
66.9375
71.5
85.0
100.5
111.5625
120.6875
127.0
129.1875
129.5
130.6875
131.625
131.125
129.25
126.3125
122.0625
115.9375
108.125
101.875
99.75
99.8125
99.875
99.75
99.125
97.6875
95.75
93.9375
92.375
90.875
89.375
88.0
86.5625
85.0625
83.625
82.25
80.75
79.3125
78.0625
78.0625
81.625
91.4375
105.0
115.6875
123.3125
128.1875
129.6875
130.0625
130.1875
130.3125
129.75
127.875
125.0
121.25
115.1875
106.875
100.1875
97.625
97.125
97.0625
97.0
96.375
95.125
93.625
92.25
90.875
89.5
88.0
86.5
85.0
83.5625
81.875
80.0
78.25
77.5
79.9375
88.625
102.5
114.5625
122.875
128.625
130.6875
131.1875
131.75
132.1875
132.0
130.5
127.8125
124.0625
119.25
112.25
104.1875
99.0
97.5625
97.3125
97.1875
96.875
95.75
94.1875
92.875
91.625
90.0
88.375
86.875
85.5
84.125
82.375
80.5625
78.6875
77.4375
78.875
86.125
99.375
112.0625
121.0625
127.5625
130.4375
130.875
131.5
132.1875
132.5625
131.4375
128.875
126.0
121.875
115.125
106.875
101.125
99.3125
99.125
99.1875
98.9375
98.1875
96.9375
95.5
94.0
92.4375
91.125
90.0
88.5625
86.8125
84.9375
83.25
81.625
80.4375
81.8125
89.5
103.5
117.1875
126.5625
132.5625
135.125
136.1875
137.0625
137.5625
137.375
136.125
134.0
131.0
126.8125
120.3125
111.875
105.375
103.125
102.6875
102.5
102.0625
101.1875
99.875
98.1875
96.375
94.875
93.4375
92.0625
90.3125
88.1875
85.9375
84.0625
82.4375
81.0625
81.9375
88.8125
102.1875
115.75
125.375
131.6875
134.4375
135.25
135.8125
136.3125
136.3125
135.125
133.0625
130.0625
125.4375
118.625
109.875
103.375
101.0625
100.5625
100.5625
100.3125
99.375
97.8125
96.125
94.4375
92.8125
91.3125
89.75
88.125
86.375
84.8125
83.1875
81.4375
79.875
79.8125
84.0625
95.3125
109.75
120.8125
128.4375
132.5625
133.3125
133.6875
134.3125
134.4375
133.6875
131.5625
128.4375
124.0625
117.375
108.25
100.6875
98.625
98.9375
99.1875
99.25
98.625
97.125
95.25
93.625
92.125
90.6875
89.25
87.6875
86.0
84.5
82.875
81.1875
79.375
78.3125
80.0
87.75
101.625
114.75
123.9375
130.125
132.375
132.625
133.625
134.625
134.5
133.0625
130.6875
127.3125
122.4375
115.0
106.625
101.5
100.25
100.0625
100.0
99.5625
98.5
96.8125
95.0
93.5
92.0625
90.5625
89.1875
87.625
86.0
84.5625
82.9375
81.125
79.625
79.125
82.1875
92.0
106.6875
118.6875
127.0
132.5
134.3125
134.875
135.75
136.5
136.375
134.75
132.0
128.625
123.625
115.9375
107.6875
102.8125
101.5625
101.3125
101.125
100.625
99.3125
97.4375
95.5
93.8125
92.375
91.0625
89.6875
88.0625
86.4375
84.875
83.5
81.8125
80.25
79.5625
81.6875
90.0
104.5
117.9375
127.0
133.0625
135.75
136.5625
137.8125
139.4375
139.375
137.75
135.6875
133.0
129.0
122.4375
113.5625
106.8125
104.375
104.0625
104.0625
103.75
102.75
101.0
99.0
97.1875
95.625
94.1875
92.75
91.4375
90.0625
88.4375
86.9375
85.3125
83.75
82.375
81.875
83.9375
92.375
107.125
120.8125
130.4375
136.5
139.1875
140.5
141.8125
142.9375
142.8125
141.75
139.6875
137.125
133.4375
127.25
118.375
110.5
106.9375
106.25
106.125
105.875
104.75
102.5625
100.25
98.375
96.875
95.75
95.0
94.5
96.75
101.25
104.375
105.4375
104.25
100.3125
94.4375
88.3125
84.0625
82.375
81.75
81.8125
82.0
81.9375
81.75
81.5
80.6875
79.75
79.0625
78.3125
77.5
77.0625
76.4375
75.375
74.3125
73.5
72.4375
71.375
70.75
70.3125
69.6875
69.125
68.75
68.3125
67.9375
68.0
67.875
67.6875
67.6875
67.5
67.375
67.25
66.875
66.4375
65.6875
65.125
68.4375
80.375
96.25
108.3125
117.9375
124.75
127.375
128.375
129.4375
129.875
129.5625
127.8125
124.8125
120.8125
115.3125
108.0625
101.375
98.5625
98.375
99.0
99.125
98.1875
96.8125
95.375
93.75
91.75
89.8125
88.5
87.375
86.125
84.625
83.0
81.75
80.625
79.125
77.8125
76.75
76.875
80.6875
90.625
104.3125
115.3125
123.0625
127.5625
128.5625
128.9375
129.5625
129.875
129.3125
127.4375
124.75
121.1875
115.6875
107.75
100.25
97.0
96.6875
96.375
96.25
95.9375
94.875
93.375
91.75
90.3125
88.9375
87.6875
86.375
84.875
83.4375
82.0
80.25
78.5
76.875
76.25
78.4375
86.875
101.0625
113.5
121.9375
127.9375
130.3125
130.5
131.0625
131.9375
132.0
130.5625
128.125
125.125
120.75
114.0625
105.5
99.375
97.6875
97.4375
97.3125
97.0625
96.3125
95.0
93.375
91.8125
90.375
89.0625
88.0
86.75
85.25
83.8125
82.375
80.875
79.25
77.9375
78.1875
83.125
94.875
109.0625
119.625
127.1875
131.75
133.0
133.4375
134.125
134.4375
133.6875
132.0
129.4375
126.1875
121.125
113.5625
105.5625
101.25
100.5625
100.5
100.5
100.125
99.0
97.25
95.375
93.8125
92.3125
90.9375
89.625
88.375
86.8125
85.25
83.75
82.1875
80.625
79.5625
80.4375
86.625
100.0625
114.4375
124.8125
131.75
134.8125
135.5625
136.4375
136.75
136.75
135.9375
134.1875
131.5
128.125
122.8125
114.75
106.375
102.125
101.0625
100.875
100.6875
100.25
98.875
96.8125
94.75
93.125
91.6875
90.3125
88.8125
87.3125
85.6875
83.9375
82.4375
80.9375
79.5
78.3125
79.4375
86.0625
99.1875
112.75
122.4375
129.0
131.75
132.25
133.1875
134.0
133.875
132.75
130.5625
127.4375
123.3125
116.9375
108.4375
102.0625
100.0
99.625
99.5
99.375
98.625
97.0625
95.25
93.5
91.8125
90.25
89.0
87.6875
86.0625
84.5625
82.9375
81.5
80.0625
78.5
77.875
79.75
87.625
101.6875
114.8125
123.6875
129.875
132.6875
133.3125
133.8125
134.6875
134.5625
133.0625
130.625
127.5625
123.0625
116.0625
107.625
101.875
100.1875
100.0625
100.0
99.5625
98.625
97.0625
95.125
93.3125
91.875
90.4375
89.0625
87.75
86.375
84.75
83.3125
81.875
80.1875
78.875
77.875
79.0
85.375
98.375
112.1875
122.1875
129.3125
132.8125
133.4375
134.375
135.8125
136.125
135.25
133.375
130.625
127.0625
121.5
113.0
105.0625
101.625
101.0625
100.75
100.5625
100.0625
98.5625
96.6875
94.875
93.125
91.8125
90.625
89.0
87.5
86.125
84.5625
83.0625
81.5
79.8125
78.6875
79.75
85.75
98.5625
112.5625
122.75
129.75
133.3125
134.5625
136.3125
137.8125
138.25
137.875
136.1875
133.625
130.6875
125.5
117.125
108.125
103.3125
102.625
102.875
103.125
102.6875
101.375
99.4375
97.5625
95.75
94.375
93.1875
91.875
90.5
89.25
87.75
86.125
84.5625
82.9375
81.625
81.8125
85.75
96.4375
111.375
123.625
132.0625
136.9375
138.5625
139.8125
141.4375
142.625
142.5625
141.0625
139.1875
136.5625
132.75
126.5
117.375
109.8125
106.9375
106.375
106.25
105.9375
104.625
102.5625
100.6875
98.875
97.0
95.25
93.8125
92.375
91.0
89.125
87.0625
85.6875
84.4375
82.6875
81.125
81.0
84.4375
94.375
108.875
121.3125
130.0625
135.25
136.875
137.4375
139.125
140.5
140.5
139.25
137.25
134.8125
131.0625
124.5625
115.3125
107.4375
104.4375
103.75
103.4375
103.125
102.3125
100.375
98.0625
96.0625
94.25
92.625
91.4375
90.0625
88.3125
86.6875
85.3125
84.0625
82.625
80.8125
79.375
79.75
84.125
94.8125
109.125
120.5625
128.5625
133.0625
134.125
134.9375
135.6875
136.3125
136.375
134.5
131.875
128.875
124.25
116.6875
107.9375
102.875
101.8125
101.75
101.625
100.875
99.375
97.5
95.6875
93.9375
92.0
90.5625
89.4375
88.1875
86.625
84.875
83.625
82.125
80.5
79.125
78.6875
80.625
88.4375
102.6875
116.3125
125.375
131.0625
132.75
133.8125
135.5
136.8125
136.9375
135.5625
133.625
131.4375
127.625
121.125
112.4375
105.3125
102.5625
101.9375
101.5625
101.375
100.4375
98.75
96.875
94.8125
92.9375
91.5
90.375
89.0
87.1875
85.75
84.4375
83.1875
81.5
79.6875
78.5625
79.5625
85.5
98.1875
112.0
122.125
129.5
133.3125
134.3125
135.375
136.9375
137.8125
137.4375
135.5625
133.3125
130.375
125.4375
117.75
109.0625
103.8125
102.6875
102.4375
102.125
101.5
100.1875
98.125
96.0
94.25
92.8125
91.25
90.0
89.0
87.875
86.25
84.875
83.875
82.5625
81.0
79.875
80.375
84.6875
96.0
111.0625
122.875
131.0
135.8125
137.625
138.75
140.375
141.5
140.6875
139.4375
137.9375
135.625
131.5625
124.875
116.0
109.25
107.0
106.5
106.0
105.4375
104.25
102.1875
100.0
98.0625
96.1875
94.5625
93.125
91.9375
90.6875
89.375
87.75
86.25
85.0
83.9375
82.5625
81.625
82.5625
88.875
101.875
116.0
126.375
134.125
138.125
139.1875
140.0
141.625
142.6875
141.875
140.1875
138.4375
135.75
131.0
123.4375
114.5
108.1875
105.8125
105.125
104.875
104.25
102.6875
100.6875
98.1875
95.75
93.9375
92.5
91.125
89.625
88.3125
87.0
85.375
83.6875
82.625
81.3125
80.0
79.375
81.25
88.625
102.5
116.4375
126.0
131.875
133.875
134.875
136.25
137.4375
137.5625
136.5
135.1875
133.3125
129.875
123.875
115.375
107.5625
103.8125
102.6875
102.3125
102.125
101.5
99.75
97.375
95.375
93.6875
92.0
90.25
88.875
87.6875
86.4375
84.875
83.3125
82.1875
80.9375
79.4375
78.25
78.5625
82.5625
93.1875
107.4375
118.9375
127.0625
131.8125
133.125
133.9375
135.5625
136.75
136.125
134.6875
133.0
130.4375
125.8125
118.5625
109.75
103.875
102.5625
102.4375
101.9375
101.375
100.375
98.375
96.0
94.0625
92.4375
90.625
88.9375
87.5625
86.4375
85.3125
83.9375
82.5625
81.625
80.4375
78.8125
77.8125
78.0625
80.875
90.125
105.0
117.375
125.6875
131.125
133.1875
134.875
136.5625
137.625
137.9375
137.1875
135.125
132.5625
129.3125
123.25
114.375
106.9375
103.9375
103.0625
102.875
102.5
101.5
99.625
97.375
95.4375
93.75
91.8125
90.3125
89.3125
87.9375
86.3125
85.0
83.875
82.5625
81.0625
79.5625
78.4375
78.875
83.0
93.3125
107.6875
119.6875
127.8125
132.75
134.9375
136.0
137.4375
138.5
138.8125
137.8125
136.0625
133.75
130.4375
124.1875
115.0625
108.0
105.5625
104.8125
104.4375
104.375
103.1875
101.125
99.25
97.4375
95.375
94.0625
92.875
91.3125
90.125
88.9375
87.1875
85.625
84.0625
82.6875
81.8125
82.1875
86.3125
97.75
112.375
123.6875
132.125
137.25
138.8125
140.0
141.3125
142.4375
142.75
141.4375
139.0625
136.75
133.625
127.1875
117.75
110.4375
107.6875
106.8125
106.5625
106.125
104.875
102.875
100.75
98.25
95.75
93.9375
92.75
91.6875
90.125
88.1875
86.625
84.9375
83.4375
82.1875
80.6875
80.5625
85.5625
97.125
111.375
122.8125
130.5625
134.625
136.25
137.4375
138.6875
139.375
139.0625
138.0
136.3125
133.375
129.125
122.3125
112.8125
105.9375
104.0
103.5625
103.3125
102.8125
101.25
99.25
97.125
95.0625
93.25
91.375
90.0625
89.125
87.5625
85.875
84.5625
83.125
81.75
80.375
79.3125
78.9375
81.25
90.4375
104.9375
117.4375
126.5625
131.875
133.875
135.25
136.625
137.4375
137.125
136.125
134.5
131.75
127.9375
121.375
111.9375
105.3125
103.25
102.75
102.625
102.0
100.6875
98.875
96.75
94.75
92.625
90.9375
89.8125
88.3125
86.8125
85.8125
84.1875
82.6875
81.6875
80.625
79.375
77.8125
78.125
81.8125
91.25
105.9375
118.0
126.125
131.75
133.625
134.875
136.6875
137.625
137.75
136.875
135.1875
132.3125
128.1875
122.25
113.375
106.0625
103.5
102.9375
102.9375
102.625
101.3125
99.0625
96.875
95.1875
93.125
91.5625
89.9375
88.4375
87.375
86.1875
84.875
83.3125
82.0625
81.125
80.0
78.875
78.0
80.625
89.875
104.0625
116.4375
125.1875
131.5
134.1875
135.4375
136.75
137.625
138.5
138.1875
136.5
134.25
131.0
125.625
117.3125
109.1875
104.625
103.8125
104.1875
103.625
102.5625
101.0625
98.8125
96.8125
95.1875
93.8125
92.25
90.75
89.75
88.4375
87.0625
85.75
84.1875
83.0
81.75
80.875
82.0625
88.5
101.6875
116.0625
126.5
132.9375
136.25
138.0
139.9375
141.25
141.4375
141.375
140.25
138.4375
135.875
131.1875
124.0
115.1875
109.3125
107.5625
106.875
106.4375
105.8125
104.4375
101.875
99.5
97.875
96.125
94.625
93.25
91.6875
90.5
89.25
87.8125
85.9375
84.5625
83.4375
82.5
82.4375
85.3125
95.375
110.375
122.4375
130.5625
135.5625
137.9375
139.5
141.1875
141.875
141.8125
141.1875
139.5625
137.375
133.75
127.9375
119.3125
110.6875
106.375
105.0625
105.0
104.75
103.625
101.5625
99.125
96.875
94.8125
93.3125
91.5
89.875
88.9375
87.8125
86.125
84.4375
83.3125
82.0
80.8125
79.4375
79.0625
82.125
91.4375
105.9375
118.3125
127.125
132.75
134.75
135.75
137.0625
138.5625
138.75
137.5625
135.5
133.1875
130.0
123.9375
114.8125
106.375
103.4375
103.5625
103.4375
102.625
101.5
99.9375
97.6875
95.4375
93.375
91.75
90.1875
88.625
87.5
86.0
84.6875
83.625
82.6875
81.625
80.125
79.125
78.4375
78.375
80.875
90.375
105.25
117.8125
126.125
131.625
134.0625
135.5625
137.4375
138.5625
138.8125
138.25
136.4375
133.75
130.4375
124.75
115.875
108.125
104.8125
104.1875
104.0
103.625
102.3125
100.3125
98.25
96.25
94.25
92.1875
90.8125
89.5625
88.1875
86.625
85.5
84.5625
83.375
82.0625
80.6875
79.75
78.875
78.9375
81.8125
91.4375
106.125
118.3125
126.625
131.75
134.25
136.125
137.75
138.9375
139.4375
138.6875
137.125
134.875
131.8125
126.375
117.8125
109.3125
104.9375
104.4375
104.5
104.0
102.875
100.8125
98.8125
96.875
94.75
92.75
91.125
90.0625
88.9375
87.8125
86.5625
85.1875
84.25
83.4375
82.4375
80.875
79.875
80.25
83.875
93.9375
108.5
120.75
129.375
135.1875
137.625
139.0
140.8125
142.375
142.5625
141.5625
140.1875
138.4375
135.5625
130.0
121.3125
113.0
108.875
108.0
107.5625
106.625
105.5625
104.0625
101.875
99.625
97.5
95.9375
94.4375
93.0
91.1875
90.125
89.4375
88.125
86.6875
85.25
84.25
83.3125
82.4375
82.3125
85.8125
96.375
111.0
123.25
131.6875
136.875
139.1875
141.1875
142.8125
143.75
144.25
143.4375
141.6875
139.625
136.625
131.5
122.875
113.625
108.6875
107.375
106.875
106.3125
105.25
103.1875
100.5
98.0625
96.125
94.5
93.0
91.5
90.0625
88.875
87.5625
85.875
84.5625
83.5
82.1875
80.625
79.75
81.125
87.0625
99.5
113.6875
124.375
131.6875
135.0625
136.0625
137.5625
139.5625
140.3125
139.875
138.875
137.1875
134.5625
130.1875
122.6875
113.4375
107.125
105.1875
104.8125
104.5
103.8125
102.3125
100.125
97.8125
95.6875
94.125
92.6875
91.125
89.4375
88.1875
87.1875
85.75
84.3125
83.1875
81.8125
80.4375
79.5
79.875
83.625
94.25
109.0625
120.625
128.5625
133.375
135.25
136.875
138.625
139.5
139.4375
138.5
137.0
134.625
130.75
124.4375
115.5625
107.9375
104.8125
104.5
104.5625
104.0625
102.6875
100.5625
98.4375
96.3125
94.25
92.5625
91.1875
89.8125
88.375
87.0
85.8125
84.6875
83.6875
82.625
81.125
79.75
79.0
80.25
86.625
100.0625
114.125
124.25
131.25
134.6875
136.375
138.125
139.875
140.9375
140.375
139.0625
137.75
135.375
131.1875
124.0
114.75
107.9375
105.6875
105.375
105.0625
104.3125
102.5
100.25
98.1875
96.125
94.25
92.6875
91.25
89.75
88.1875
86.9375
86.0
84.8125
83.5625
82.625
81.6875
80.5625
79.3125
79.25
83.0625
93.6875
108.625
120.8125
129.3125
134.5625
136.8125
138.125
140.25
142.125
142.5
142.0625
141.125
139.25
135.9375
130.5
122.1875
113.3125
108.3125
107.125
107.125
106.9375
105.6875
103.5625
101.5625
99.6875
97.6875
95.8125
94.3125
92.875
91.1875
89.6875
88.75
87.9375
86.625
85.3125
84.625
83.6875
82.5
81.5625
81.75
85.5625
96.0625
110.6875
123.0625
132.0
137.1875
139.0625
140.875
143.0625
144.5625
145.25
144.5625
143.1875
141.5625
138.875
133.6875
125.4375
116.125
110.5
109.0
108.375
107.25
105.875
104.375
102.25
99.5625
97.25
95.5625
93.8125
91.875
90.3125
89.0
87.6875
86.6875
85.625
84.125
83.0
82.25
81.0625
79.8125
80.0
83.4375
92.75
107.0625
119.75
128.5625
133.6875
136.1875
138.0625
139.3125
140.3125
141.1875
140.4375
138.75
137.0
134.0625
128.875
120.5625
111.4375
106.5625
105.5625
105.0625
104.4375
103.8125
102.125
99.625
97.3125
95.375
93.6875
92.0625
90.5
89.0
87.9375
86.875
85.4375
84.125
83.1875
82.125
80.875
79.5625
78.8125
80.4375
86.875
99.9375
113.6875
123.625
130.625
133.875
135.0625
136.9375
139.0
139.6875
139.3125
138.125
136.25
133.6875
129.375
121.875
112.5625
106.4375
104.75
104.5
104.1875
103.375
101.875
99.75
97.5625
95.5625
93.6875
92.0625
90.5625
89.125
87.875
86.8125
85.5625
84.25
83.125
82.1875
80.8125
79.4375
78.625
79.625
85.0
97.3125
111.625
122.25
129.625
133.75
135.375
137.0625
139.0
140.25
140.0625
138.9375
137.25
135.0625
131.4375
124.9375
115.8125
108.25
105.25
104.75
104.4375
103.75
102.375
100.4375
98.1875
96.0625
94.25
92.625
91.125
89.6875
88.25
87.0625
85.75
84.5
83.4375
82.4375
81.0
79.625
78.8125
79.8125
84.875
96.9375
111.375
122.3125
130.125
134.4375
136.0625
137.8125
140.0
141.375
141.375
140.375
138.75
136.8125
133.5625
127.625
118.5
110.1875
106.75
106.375
106.125
105.4375
104.125
102.3125
100.1875
98.0625
96.1875
94.5625
93.0625
91.4375
89.9375
88.8125
87.8125
86.625
85.375
84.5
83.5625
82.3125
81.1875
80.8125
82.75
90.5
104.4375
118.25
128.375
134.9375
137.625
139.0625
141.3125
143.25
144.125
144.125
143.125
141.5625
139.3125
135.4375
128.6875
119.3125
111.6875
108.8125
108.25
107.8125
106.9375
105.3125
103.125
100.625
98.0625
95.8125
94.125
92.625
91.125
89.75
88.5
87.1875
85.75
84.25
83.0625
81.875
80.625
79.75
80.25
84.5625
95.6875
110.25
122.0
130.125
134.5
136.25
137.6875
139.625
140.875
140.8125
139.9375
138.4375
136.4375
133.25
127.4375
118.5
110.0
105.875
104.875
104.625
104.0625
102.875
100.875
98.625
96.4375
94.4375
92.6875
91.125
89.6875
88.4375
87.1875
85.875
84.4375
83.25
82.1875
80.9375
79.5
78.625
79.5
84.5625
96.5625
111.0625
121.8125
129.1875
133.125
134.375
136.0
137.6875
138.5
138.4375
137.25
135.25
132.75
128.875
122.125
113.0
106.25
104.0625
103.75
103.4375
102.8125
101.3125
99.1875
96.875
94.875
93.0
91.1875
89.6875
88.1875
86.8125
85.75
84.6875
83.375
82.1875
81.375
80.375
79.0
77.9375
78.125
81.75
92.1875
106.875
118.8125
127.1875
132.25
134.25
135.8125
137.5625
138.75
139.125
138.375
136.8125
134.75
131.6875
126.1875
117.625
109.1875
105.125
104.375
104.0
103.4375
102.25
100.3125
98.125
95.875
93.9375
92.1875
90.625
89.1875
87.75
86.5
85.375
84.0
82.9375
82.0625
80.9375
79.5
78.375
78.375
81.3125
90.4375
105.0625
117.4375
126.0625
131.75
134.25
135.75
137.5
139.25
139.9375
139.375
138.25
136.5
133.6875
128.8125
120.875
111.375
105.6875
104.625
104.625
104.4375
103.625
101.9375
99.75
97.75
95.9375
94.25
92.5625
91.0625
89.6875
88.3125
87.3125
86.1875
85.0625
84.125
83.0625
81.6875
80.625
80.375
82.6875
91.0625
105.25
118.75
128.5
134.875
137.75
139.125
140.75
142.4375
143.3125
143.1875
142.1875
140.4375
138.0625
133.8125
126.5
117.0625
110.25
108.125
107.75
107.25
106.25
104.5625
102.3125
100.125
98.125
96.0625
94.4375
93.0625
91.75
90.375
88.9375
87.25
85.5625
84.1875
82.8125
81.625
80.6875
80.8125
84.4375
95.0625
109.875
122.125
130.4375
134.875
136.5625
138.125
139.8125
140.75
141.0
140.4375
138.75
136.875
133.9375
128.375
119.75
110.8125
106.125
104.875
104.4375
104.0625
103.125
101.125
98.5625
96.375
94.5625
92.8125
91.0625
89.75
88.5625
87.125
85.6875
84.375
83.3125
82.0
80.4375
79.125
78.8125
81.0625
89.125
103.4375
116.75
125.8125
131.8125
134.6875
136.0
136.9375
138.1875
138.75
138.0
136.4375
134.5
131.5
126.0
117.625
108.9375
104.375
103.4375
103.3125
102.875
101.625
99.8125
97.75
95.5
93.375
91.6875
90.3125
88.8125
87.4375
86.375
85.125
83.5625
82.375
81.375
80.0625
78.625
77.9375
79.4375
86.0
99.5625
113.6875
123.6875
130.25
133.375
134.9375
136.5625
138.4375
139.0625
138.375
137.125
135.4375
132.9375
128.625
121.1875
112.25
106.3125
104.3125
103.75
103.375
102.5
100.8125
98.6875
96.4375
94.25
92.375
90.875
89.5
88.0
86.6875
85.5
84.3125
83.125
81.875
80.5625
79.3125
78.25
78.4375
81.5625
91.375
106.5
119.125
127.4375
132.4375
134.625
136.4375
138.3125
139.4375
139.8125
139.125
137.5625
135.8125
132.75
127.375
118.9375
109.875
105.1875
104.375
104.1875
103.6875
102.4375
100.625
98.625
96.4375
94.5625
92.875
91.625
90.375
88.9375
87.8125
86.6875
85.4375
84.3125
83.0625
81.75
80.625
79.9375
81.125
87.75
101.25
115.75
126.25
133.25
136.8125
138.5625
140.125
141.6875
142.875
142.6875
141.3125
139.6875
137.5625
133.625
126.875
117.5625
110.3125
107.75
107.25
106.75
105.9375
104.3125
102.0
99.875
97.6875
95.8125
94.25
92.75
91.25
90.0
88.75
87.5625
86.375
85.125
84.0625
82.9375
81.8125
81.0
81.0625
85.0625
96.125
110.875
122.6875
130.8125
135.6875
137.75
139.1875
141.25
142.5
142.5
141.9375
140.5625
138.5625
135.5625
130.1875
121.625
112.4375
107.0625
105.5625
105.1875
104.6875
103.625
101.6875
99.25
96.9375
94.875
92.9375
91.25
89.75
88.4375
87.25
86.0625
84.8125
83.4375
82.3125
81.1875
79.9375
78.8125
78.5
80.8125
89.0625
103.1875
116.5625
125.9375
131.8125
134.25
135.5
137.125
138.3125
138.875
138.625
137.25
135.375
132.5
127.375
119.1875
110.0
104.75
103.5
103.25
102.75
101.8125
100.0
97.8125
95.6875
93.6875
91.875
90.3125
88.8125
87.4375
86.3125
85.0625
83.75
82.5
81.375
80.3125
79.0
77.9375
78.0
80.9375
90.25
104.8125
117.375
126.1875
131.75
133.75
135.125
137.125
138.375
138.6875
137.875
136.25
134.125
131.125
125.875
117.375
108.8125
104.5
103.6875
103.375
102.8125
101.625
99.625
97.5
95.3125
93.4375
91.6875
90.0
88.5
87.125
85.875
84.6875
83.5625
82.3125
81.3125
80.3125
79.0625
77.8125
77.5
79.75
87.8125
102.125
115.5
124.625
130.8125
133.75
134.9375
136.5625
138.5625
139.4375
138.9375
137.6875
135.6875
132.9375
128.25
120.375
111.1875
105.4375
103.75
103.3125
102.8125
101.8125
100.25
98.0625
95.875
93.8125
92.0
90.625
89.25
87.9375
86.75
85.75
84.625
83.375
82.5
81.375
80.25
79.125
78.3125
79.5625
85.5625
98.6875
113.3125
124.0625
131.375
135.0
136.5
138.1875
139.9375
141.0
140.75
139.8125
138.25
136.0
132.5
126.0625
116.875
109.25
106.3125
105.8125
105.5
104.875
103.3125
101.125
99.0
97.125
95.25
93.375
91.75
90.3125
88.9375
87.8125
86.6875
85.6875
84.375
83.3125
82.1875
81.0
80.125
80.1875
83.375
93.125
107.8125
120.5625
129.5625
135.0
137.1875
138.625
140.1875
141.375
141.5
140.1875
138.75
137.3125
134.6875
129.75
121.375
112.125
106.6875
105.0625
104.5625
103.75
102.5625
100.625
98.25
96.0
94.0
92.25
90.625
88.9375
87.5625
86.1875
85.0625
84.0
82.625
81.375
80.25
79.25
78.25
77.375
77.6875
82.4375
94.25
108.9375
120.3125
127.9375
132.0625
133.25
134.5
136.1875
137.0625
136.8125
135.6875
134.1875
131.9375
128.0
121.6875
112.625
105.125
102.3125
101.875
101.625
101.0625
99.8125
97.8125
95.5
93.3125
91.625
89.875
88.125
86.625
85.3125
84.1875
83.125
82.125
80.75
79.8125
78.75
77.875
76.6875
75.75
76.875
82.5
94.9375
108.75
119.3125
126.875
131.0625
131.9375
133.0
135.0
136.0625
135.4375
134.125
132.25
129.6875
125.4375
118.6875
109.9375
103.6875
101.625
101.5
101.25
100.4375
98.9375
97.0625
94.875
92.625
90.875
89.0625
87.5625
86.1875
84.875
83.75
82.75
81.4375
80.0625
79.25
78.3125
77.0625
75.8125
76.1875
80.0
90.375
104.5625
116.3125
124.8125
129.875
131.25
132.6875
134.6875
135.75
135.375
134.5625
133.375
131.0
127.5625
121.9375
113.375
105.25
101.875
101.4375
100.9375
100.0
99.25
97.6875
95.5
93.375
91.4375
89.6875
88.25
87.0
85.5
84.0
82.8125
82.0
81.0625
79.875
78.8125
77.9375
77.0
77.3125
81.6875
92.6875
107.0625
118.875
127.1875
131.8125
133.6875
135.1875
136.5625
137.5
137.625
136.875
135.25
132.875
129.375
123.625
115.1875
107.4375
103.8125
103.125
103.125
102.75
101.5625
99.75
97.625
95.3125
93.5625
92.0
90.5
89.3125
87.9375
86.625
85.4375
84.0625
82.75
81.5625
80.5
79.5
78.75
80.25
87.6875
101.4375
115.125
125.3125
132.1875
135.0625
136.3125
138.0625
139.125
139.6875
139.4375
138.4375
136.6875
134.0
129.6875
122.3125
112.625
106.0
104.0625
103.5
103.0
102.3125
100.6875
98.5
96.3125
93.9375
91.875
90.1875
88.5625
87.3125
86.125
84.625
83.1875
82.0625
80.75
79.4375
78.3125
77.25
77.25
81.25
91.8125
106.3125
118.4375
126.75
131.5
133.125
133.9375
135.3125
136.0
135.8125
134.5625
132.5625
130.1875
126.5
120.125
111.5
104.625
101.625
100.9375
100.5625
99.9375
98.75
97.1875
95.0625
92.875
91.0625
89.375
87.8125
86.6875
85.5625
84.0625
82.6875
81.4375
79.9375
78.5625
77.375
76.3125
77.1875
82.25
94.1875
108.875
119.5625
126.75
130.75
131.9375
132.75
134.0
134.8125
134.1875
132.6875
130.5
127.5625
123.1875
116.0625
107.125
101.625
100.5
100.1875
100.0625
99.3125
97.6875
95.9375
93.875
91.8125
90.1875
88.6875
87.0
85.875
84.625
83.1875
81.875
80.625
79.0625
77.75
76.5
76.125
78.9375
87.9375
102.25
115.25
124.125
129.6875
131.75
132.4375
134.125
135.6875
135.5
134.3125
132.6875
130.25
127.125
121.75
113.25
105.0625
101.25
100.4375
100.5
100.0625
99.0
97.25
94.9375
93.125
91.3125
89.5
88.1875
86.6875
85.3125
84.3125
82.875
81.4375
80.25
78.625
77.25
76.4375
76.9375
82.125
94.25
108.6875
119.875
127.5625
131.75
133.25
134.125
135.75
137.0625
136.875
135.5
133.5
130.9375
127.375
120.875
111.875
104.8125
102.0625
102.0
101.9375
101.375
100.1875
98.125
96.1875
94.5
92.6875
91.125
89.5
87.9375
87.0
85.8125
84.4375
83.1875
81.6875
80.625
79.375
78.375
79.0625
84.1875
96.9375
112.0625
123.375
131.125
134.75
136.5
138.3125
139.5625
140.375
139.6875
138.5
137.1875
134.9375
131.3125
124.625
115.625
108.3125
105.25
104.625
103.9375
103.25
102.25
100.25
98.25
96.0625
94.0
92.625
90.9375
89.5
87.6875
85.8125
84.625
83.25
81.9375
80.6875
78.9375
78.0
78.0625
81.6875
92.3125
106.875
119.5
128.25
133.0
134.5
135.25
136.75
137.75
137.6875
136.625
134.5
132.25
128.75
122.8125
114.0625
105.625
102.0625
101.375
101.125
100.875
99.5
97.75
95.8125
93.8125
91.75
89.5625
88.125
86.8125
85.375
84.1875
82.6875
81.5
80.375
79.125
78.0
76.875
75.75
76.6875
82.25
94.8125
109.625
120.1875
127.5
131.1875
132.375
133.6875
134.1875
134.5
134.1875
132.75
130.75
127.5
122.8125
115.875
107.125
101.625
100.25
99.875
100.0
99.375
97.75
95.625
93.375
91.5625
89.6875
88.0
86.4375
84.625
83.625
82.6875
81.75
80.375
78.875
78.125
77.25
76.0
75.0625
75.5625
81.5
94.3125
108.625
119.25
126.6875
130.3125
131.75
133.0
134.1875
134.9375
134.4375
133.3125
131.4375
128.5625
124.1875
116.875
108.3125
102.5
100.6875
100.375
99.75
99.25
98.0625
96.125
93.875
91.5
89.8125
88.3125
86.8125
85.1875
83.8125
83.0625
82.0
80.625
79.25
78.25
77.4375
76.0
75.125
75.875
81.125
93.8125
108.1875
119.0
126.5625
130.1875
131.5625
132.75
134.375
135.1875
134.5625
133.75
132.125
129.5
125.1875
118.5625
110.125
103.3125
101.1875
100.8125
100.625
100.0625
98.8125
96.9375
94.6875
92.875
91.125
89.5625
88.0625
86.4375
85.3125
84.5
83.5625
81.9375
80.9375
80.1875
79.125
77.6875
76.6875
77.75
83.125
95.375
109.9375
121.4375
129.125
133.3125
134.8125
135.9375
137.5
138.375
138.0625
136.75
135.1875
133.4375
129.875
123.4375
114.375
107.25
104.5
103.8125
103.25
102.375
101.25
99.4375
97.5
95.1875
93.0625
91.75
90.375
88.6875
87.125
86.3125
85.25
83.875
82.4375
81.3125
80.3125
79.125
78.375
78.5625
83.625
96.125
110.75
121.8125
129.0
132.875
134.5
135.9375
136.6875
136.9375
137.125
136.0
134.25
131.6875
127.875
121.4375
112.4375
104.875
101.9375
101.625
101.3125
100.6875
99.0
96.9375
95.0
92.875
90.875
88.875
87.5
86.375
85.125
83.8125
82.375
81.25
80.0625
79.0
77.75
76.3125
75.625
76.5625
81.6875
93.625
108.125
119.3125
126.75
130.4375
131.25
132.875
134.8125
135.4375
134.5625
132.875
131.0
128.3125
124.1875
117.0
108.25
102.5625
100.8125
100.4375
99.8125
99.1875
97.9375
95.9375
93.75
91.3125
89.5625
87.9375
86.4375
84.875
83.4375
82.6875
81.6875
80.4375
78.9375
78.25
77.375
76.1875
74.9375
75.0
79.125
90.0
104.875
116.3125
124.3125
129.5625
131.5
132.3125
133.125
134.375
134.8125
133.5625
131.625
128.9375
125.4375
119.5625
111.125
104.0
101.0
100.625
100.3125
99.6875
98.1875
96.1875
94.375
92.4375
90.625
88.6875
87.0625
85.875
84.375
83.1875
82.0
80.75
79.625
78.75
77.5625
76.3125
75.375
75.75
79.6875
90.5625
105.3125
116.9375
125.125
130.0625
132.0625
132.9375
134.1875
135.5
135.4375
134.3125
132.625
130.5
127.0625
121.0625
112.4375
104.75
101.5625
101.0625
100.6875
100.0625
98.875
97.0625
95.0
93.0
91.1875
89.625
88.1875
86.75
85.4375
84.3125
83.25
82.125
81.0625
80.125
79.125
77.9375
76.875
76.875
80.0625
89.8125
104.875
117.875
126.6875
132.0
134.1875
135.5
137.1875
138.4375
138.5
137.8125
136.4375
134.5
131.5625
126.5625
118.5
109.875
105.25
104.25
103.8125
103.1875
102.0625
100.3125
98.25
96.1875
94.25
92.5
90.8125
89.3125
87.8125
86.5625
85.4375
84.4375
83.375
82.3125
81.3125
80.25
79.125
78.375
78.9375
83.8125
95.8125
110.4375
122.0
130.0625
134.375
135.75
136.5
137.6875
139.0
139.1875
138.0625
136.375
134.3125
131.0
125.125
116.0625
107.5
103.6875
103.0
102.5
101.75
100.5625
98.75
96.5
94.25
92.125
90.3125
88.75
87.125
85.5625
84.25
83.3125
82.25
80.875
79.75
78.875
77.875
76.6875
75.9375
77.5
84.375
97.75
111.625
121.625
128.375
131.375
132.1875
133.8125
135.625
136.0
135.1875
133.75
132.0
129.3125
124.8125
117.375
108.5625
103.125
101.625
101.1875
100.6875
99.8125
98.1875
96.125
93.875
91.875
90.125
88.4375
86.6875
85.125
83.75
82.6875
81.8125
80.6875
79.625
78.75
78.0625
77.0
75.8125
75.125
76.125
81.875
94.6875
109.0625
119.5625
126.75
130.3125
131.75
133.25
134.9375
135.625
135.1875
134.0625
132.4375
130.0
125.8125
118.6875
109.6875
103.3125
101.4375
101.1875
100.8125
100.0
98.5625
96.5
94.1875
92.1875
90.3125
88.5
86.9375
85.3125
83.875
82.8125
81.8125
80.9375
79.875
78.9375
78.25
77.4375
76.3125
75.25
75.25
78.4375
88.25
102.875
115.1875
123.75
129.0625
131.25
132.6875
134.3125
135.5
135.75
135.0
133.5625
131.625
128.8125
123.625
115.3125
106.875
102.6875
101.8125
101.4375
100.9375
99.9375
98.125
96.0
93.75
91.8125
90.25
88.6875
87.25
85.8125
84.625
83.6875
82.8125
81.8125
80.9375
80.1875
79.1875
78.0
77.0
77.125
80.625
90.6875
105.5
117.9375
126.5
131.9375
134.0625
135.1875
136.8125
138.3125
138.8125
138.1875
136.875
134.9375
131.9375
126.8125
118.8125
110.4375
106.0625
104.9375
104.5
103.875
102.75
100.875
98.6875
96.6875
94.75
92.875
91.25
89.9375
88.625
87.25
86.1875
85.125
83.875
82.625
81.5625
80.5
79.5625
79.375
82.4375
92.25
106.9375
119.6875
128.8125
134.125
135.8125
137.3125
139.4375
140.4375
140.3125
139.5625
138.3125
136.8125
134.25
129.375
121.0625
111.5
105.6875
104.125
103.5625
102.875
102.0625
100.4375
98.0625
95.6875
93.75
92.0
90.3125
88.9375
87.75
86.375
84.875
83.375
82.125
80.8125
79.5
78.5
77.875
79.25
85.9375
99.3125
113.375
123.4375
130.25
133.6875
134.6875
135.875
137.375
137.8125
137.25
136.125
134.3125
131.5
126.8125
119.3125
110.375
104.3125
102.4375
102.125
101.6875
100.8125
99.25
97.25
95.0
92.8125
91.125
89.5625
87.9375
86.5625
85.4375
84.3125
82.9375
81.75
80.8125
79.625
78.3125
77.125
76.625
78.4375
86.0
100.1875
114.125
123.8125
130.1875
133.0
134.4375
136.0
137.4375
137.9375
137.0625
135.75
133.875
131.125
126.375
118.5
109.5
104.1875
102.8125
102.4375
102.0
101.0625
99.3125
97.1875
94.9375
92.875
91.0
89.3125
87.75
86.4375
85.1875
84.125
83.125
82.0
80.875
80.0625
79.0
77.6875
76.75
77.125
81.3125
92.4375
107.3125
119.1875
127.375
132.25
134.375
135.875
137.375
138.5
138.625
137.6875
136.1875
134.1875
130.9375
125.0
115.8125
107.125
103.3125
102.8125
102.625
102.0
100.75
98.75
96.6875
94.6875
92.75
91.0
89.3125
87.5625
86.25
85.0625
84.0
82.875
81.6875
80.9375
80.375
79.5
78.375
77.4375
77.6875
81.25
91.5
106.4375
119.0625
127.875
133.25
135.4375
136.875
139.1875
140.8125
140.9375
140.5
139.375
137.5625
134.625
129.3125
121.0
112.1875
107.3125
106.0625
105.5625
104.9375
103.875
102.0
99.6875
97.5625
95.6875
94.0625
92.375
90.625
89.0
87.625
86.625
85.6875
84.6875
83.75
83.0
82.3125
81.25
80.0625
79.375
79.9375
84.875
96.9375
111.9375
124.0
132.125
136.5
138.375
140.4375
142.125
142.9375
143.0
142.375
141.4375
139.8125
136.625
130.6875
121.5
112.5
107.9375
106.75
106.0
105.0625
103.75
101.75
99.3125
96.875
94.75
92.8125
91.0
89.3125
87.8125
86.5625
85.5
84.5625
83.5
82.375
81.3125
80.25
79.0625
78.0625
77.625
79.5625
87.125
101.1875
114.9375
124.6875
130.9375
133.5625
134.875
136.6875
138.1875
138.75
138.0625
136.875
135.25
132.8125
128.3125
120.5625
111.3125
105.3125
103.625
103.125
102.75
101.9375
100.1875
97.9375
95.6875
93.6875
91.8125
90.0625
88.375
86.75
85.3125
84.1875
83.3125
82.4375
81.375
80.4375
79.75
78.875
77.6875
76.625
76.5
79.0625
88.1875
103.0
115.9375
124.9375
130.5
132.625
133.875
135.75
137.625
138.25
137.4375
135.75
133.5625
130.5625
125.4375
117.1875
108.6875
104.375
103.375
102.75
102.125
101.5
99.9375
97.4375
94.75
92.5
90.9375
89.625
88.0625
86.375
84.8125
83.6875
82.8125
82.0
81.0625
80.3125
79.5
78.375
77.0625
76.3125
77.3125
82.8125
95.4375
109.875
120.5
127.875
131.8125
133.4375
135.4375
137.25
138.125
138.0
136.9375
135.5
133.375
129.8125
123.625
114.75
107.0625
103.9375
103.3125
102.9375
102.25
100.8125
98.9375
97.125
95.5
93.8125
92.3125
92.375
96.125
101.8125
105.5625
106.5625
104.5625
99.8125
93.25
87.0
83.3125
82.125
81.75
81.75
82.0625
82.25
82.1875
81.875
81.25
80.6875
80.0625
79.375
78.75
78.125
77.125
75.9375
74.75
73.625
72.875
72.25
71.625
71.125
70.875
70.8125
70.625
70.3125
70.0625
69.8125
69.5625
69.3125
68.9375
68.5
68.0
67.5625
67.25
66.75
66.3125
66.1875
66.0625
65.875
65.6875
65.5
65.5
65.375
64.8125
64.25
66.0
75.25
91.75
106.5
118.125
127.125
131.5625
132.6875
133.875
135.6875
136.9375
136.375
134.25
131.5625
127.8125
122.3125
114.625
106.8125
103.0625
102.8125
102.75
102.3125
101.3125
99.375
96.9375
94.6875
92.5
90.4375
88.6875
87.125
85.5
84.125
82.9375
82.0625
81.375
80.375
79.25
78.25
77.5
76.5
75.5
75.4375
78.75
88.375
102.5
114.1875
122.25
127.0625
128.5
128.875
129.625
130.0625
129.875
128.5625
126.5
123.875
119.875
113.1875
104.9375
99.5
97.75
97.25
96.75
96.3125
95.1875
93.1875
91.1875
89.4375
87.75
86.0625
84.5
83.1875
82.0
80.8125
79.625
78.5
77.4375
76.25
75.0
74.0
73.1875
74.0625
80.0
92.875
107.1875
117.375
124.375
127.8125
128.375
128.9375
129.8125
129.8125
128.8125
127.0
124.625
121.5
116.75
109.75
101.9375
97.3125
96.3125
96.25
95.9375
95.125
93.75
91.9375
90.0625
88.125
86.5
85.0
83.3125
81.9375
80.875
79.8125
78.5625
77.375
76.5625
75.75
74.375
73.125
72.5625
73.625
79.5
92.3125
106.4375
116.5625
123.625
127.3125
128.4375
128.875
129.75
130.75
129.9375
127.9375
125.9375
123.375
119.0625
112.125
103.9375
98.625
97.4375
97.1875
96.6875
95.9375
94.75
93.0625
91.1875
89.1875
87.375
85.875
84.5
83.0
81.625
80.4375
79.375
78.4375
77.4375
76.5
75.375
74.25
73.375
73.625
77.0625
87.375
102.5625
114.9375
123.375
128.5625
130.375
131.4375
132.8125
133.875
133.9375
132.875
131.25
129.0625
125.75
120.1875
112.4375
104.9375
101.375
100.625
100.3125
100.0
99.125
97.375
95.375
93.5625
91.75
90.0625
88.5625
87.0625
85.625
84.375
83.3125
82.5
81.3125
80.1875
79.3125
78.4375
77.375
76.5
77.3125
83.1875
95.9375
110.5625
121.6875
129.1875
133.0
134.625
135.75
136.75
137.75
137.625
136.5
135.0625
132.5625
128.75
122.875
114.4375
106.8125
103.5
102.5625
101.875
101.125
99.75
97.6875
95.375
93.25
91.4375
89.625
87.9375
86.4375
84.9375
83.6875
82.75
81.5625
80.1875
78.8125
77.8125
76.8125
75.8125
75.375
77.5625
86.0625
100.5
113.8125
123.125
129.0625
131.4375
132.0625
132.9375
134.1875
134.5
133.5625
131.875
129.625
126.75
121.6875
114.125
106.0
101.375
99.9375
99.375
98.9375
98.0
96.4375
94.5
92.4375
90.4375
88.5625
86.9375
85.5625
84.3125
83.0625
81.8125
80.75
79.625
78.4375
77.125
76.0
75.0
74.8125
77.125
85.75
100.4375
113.5625
122.25
127.875
130.0625
131.0
131.8125
132.5
132.625
131.875
130.1875
127.875
124.375
118.8125
110.875
103.375
99.625
98.75
98.8125
98.5
97.1875
95.1875
93.375
91.625
89.8125
87.75
86.1875
84.9375
83.625
82.4375
81.375
80.1875
78.9375
77.8125
76.9375
76.0
74.875
74.3125
76.25
84.625
99.25
112.6875
121.6875
127.875
130.5
131.625
133.1875
134.3125
134.4375
133.5
131.9375
130.0
127.0625
122.125
114.4375
105.9375
100.9375
100.0
99.9375
99.3125
98.25
96.625
94.625
92.625
90.625
88.8125
87.3125
85.875
84.0
82.4375
81.625
80.8125
79.75
78.5
77.75
77.125
76.0
74.6875
74.25
76.25
83.75
97.875
111.8125
121.5
128.0
130.875
132.125
133.5625
135.5
136.0
135.0625
134.0625
132.1875
129.5
125.25
118.125
109.25
103.3125
101.8125
101.5
101.0
100.1875
99.0
97.125
94.9375
93.0
91.375
90.0
88.25
86.5
85.3125
84.3125
83.125
82.0
81.0625
80.3125
79.25
78.25
77.3125
76.75
77.5
84.0625
97.9375
112.25
122.75
129.9375
133.6875
135.1875
136.5625
138.1875
138.875
138.5
137.3125
135.8125
133.5
129.6875
123.5
114.875
107.1875
104.0
103.4375
102.6875
101.8125
100.6875
98.8125
96.3125
94.0625
92.125
90.0
88.25
87.0
85.875
84.5
83.125
82.0625
80.8125
79.375
78.1875
77.0625
75.9375
75.1875
76.9375
84.5625
98.0625
111.625
121.8125
128.125
130.8125
131.875
133.3125
134.5625
134.4375
133.875
133.125
130.75
127.8125
123.8125
116.75
107.625
101.375
99.875
99.5625
98.9375
98.0625
96.8125
94.6875
92.4375
90.75
89.125
87.0
85.5625
84.4375
83.0
81.5625
80.5
79.625
78.3125
77.3125
76.5625
75.375
74.0
74.25
78.375
88.8125
103.25
115.4375
123.8125
128.625
130.1875
130.6875
131.4375
132.4375
132.6875
131.5625
129.3125
126.9375
123.375
117.0
108.25
102.0
99.625
98.875
98.5625
98.125
96.625
94.4375
92.9375
90.9375
88.5
86.8125
85.5
84.0
82.25
81.125
80.375
79.1875
78.25
77.5
76.75
75.875
74.5625
73.4375
73.75
78.3125
89.1875
103.5
115.5625
123.75
127.9375
129.1875
130.75
132.6875
133.0625
132.875
132.125
129.9375
127.375
124.1875
118.375
109.5625
102.5
100.1875
99.5
98.75
98.4375
97.4375
95.125
92.875
91.25
89.3125
87.5625
86.5625
85.3125
84.625
86.0
90.9375
97.8125
103.4375
107.125
107.9375
105.9375
102.3125
97.1875
90.5
84.625
81.1875
80.0
79.6875
80.5
81.125
80.9375
80.75
80.5
79.75
78.75
78.3125
77.6875
76.4375
75.625
74.875
73.4375
71.9375
71.1875
70.4375
69.5
69.125
69.125
68.8125
68.1875
68.125
68.1875
67.8125
67.5
67.4375
66.8125
66.4375
66.25
65.75
65.4375
65.5625
65.0625
64.625
64.625
64.5625
63.9375
63.0
63.1875
67.75
80.6875
96.5
109.1875
119.375
125.8125
128.6875
129.6875
130.75
131.5
131.5
130.3125
127.75
124.625
120.6875
114.875
107.1875
101.5625
100.625
100.6875
100.3125
99.375
97.8125
96.25
94.4375
92.25
90.125
87.9375
86.125
84.8125
83.125
81.6875
80.9375
80.125
79.125
77.625
76.375
75.75
75.0
73.8125
73.25
75.625
83.1875
95.875
108.5625
117.6875
123.4375
125.75
126.3125
127.0625
127.5625
127.0
125.75
123.875
121.8125
118.6875
112.75
104.8125
98.25
95.5
94.875
94.375
94.0
93.375
91.75
89.6875
87.9375
86.25
84.375
82.875
81.5
80.0
78.875
77.875
76.875
75.6875
74.125
73.1875
72.5
71.375
71.0625
73.625
82.75
97.125
109.1875
117.8125
123.125
124.75
125.375
126.125
126.4375
125.8125
124.0625
122.125
119.4375
115.4375
109.625
101.5625
95.6875
94.125
93.875
93.5
92.75
91.75
90.6875
88.75
86.8125
85.0
83.0
81.5625
80.0625
78.75
77.6875
76.4375
75.5625
74.5
73.375
72.9375
72.0
70.625
70.0
70.6875
75.75
87.0625
100.875
112.0
119.6875
123.6875
124.3125
124.8125
126.1875
126.3125
125.5
123.6875
121.1875
118.875
114.5625
107.875
100.1875
95.0625
94.0625
94.0
94.0
93.5625
92.0
90.4375
88.8125
86.875
85.1875
83.25
81.4375
80.375
79.125
78.0625
77.0625
75.625
74.875
74.1875
73.1875
72.3125
71.0
70.5625
73.375
82.0
96.125
108.6875
117.4375
123.5
125.75
126.625
127.375
127.9375
128.5
127.6875
126.0625
123.6875
120.5
115.9375
108.5
101.0
97.4375
96.6875
96.5625
96.375
95.8125
94.4375
92.125
90.375
88.75
87.125
85.5
84.0
82.9375
81.6875
80.4375
79.375
78.4375
77.8125
76.9375
75.9375
74.75
73.75
74.125
77.1875
86.75
101.1875
113.5625
122.5
127.8125
129.875
130.875
132.0
133.0
133.125
132.5
130.75
128.5625
125.5
120.6875
113.25
104.9375
101.0
100.4375
100.125
99.375
98.125
96.875
95.125
93.0625
90.6875
88.9375
87.625
86.125
84.5
83.0625
82.0
80.75
79.4375
77.875
76.9375
76.375
75.3125
74.0625
73.4375
76.75
86.75
100.9375
113.0
121.6875
127.3125
128.875
129.4375
130.5
131.5
131.8125
130.5625
129.125
126.6875
123.1875
117.9375
110.0625
102.125
98.1875
97.6875
97.5625
97.125
96.1875
94.125
92.3125
90.5625
88.5625
86.4375
84.9375
83.5
82.0625
81.0
79.625
78.6875
77.8125
76.625
75.625
74.5
73.875
72.9375
72.8125
75.5
84.4375
98.875
111.5
120.125
125.0
126.875
127.8125
128.8125
129.5
129.125
128.3125
126.5
123.625
120.0
114.4375
106.6875
99.8125
97.375
96.8125
96.625
96.375
95.1875
93.25
91.375
89.6875
87.5625
85.875
84.25
82.375
81.0625
79.8125
78.875
77.8125
76.8125
75.9375
75.4375
74.875
73.75
72.5625
71.8125
73.125
78.875
91.1875
105.5
116.0
123.25
126.6875
127.8125
129.375
130.375
130.5
129.875
128.9375
127.0625
124.375
120.0
113.0
105.125
99.875
98.5
97.875
97.3125
96.75
95.25
93.6875
91.5625
89.375
87.5
85.875
84.5
82.625
81.0625
80.125
79.25
78.5625
77.5
76.25
75.9375
75.5
74.3125
73.1875
72.25
74.3125
82.125
95.625
108.875
118.3125
124.8125
127.8125
129.0625
129.9375
130.875
131.6875
131.375
129.8125
127.75
125.6875
121.6875
114.625
106.0
100.8125
99.6875
99.0625
98.6875
98.0
96.5625
94.5625
92.875
91.25
89.0625
87.3125
86.1875
84.5625
82.875
81.5
80.875
80.0625
79.25
78.875
78.0
77.0625
76.5625
75.8125
74.8125
74.8125
79.8125
91.8125
106.1875
117.625
125.625
130.0
131.5
133.125
134.3125
135.0
135.4375
134.875
133.375
130.875
128.0
122.75
114.3125
106.75
103.25
102.375
101.25
100.625
99.6875
97.875
95.5
93.5625
91.875
90.0
88.25
86.6875
85.3125
83.75
82.5625
81.0
79.75
79.4375
78.625
77.625
76.5
75.625
74.875
74.3125
75.5
82.25
95.6875
109.375
119.25
125.5
128.6875
130.0625
131.0625
132.25
132.8125
132.8125
131.8125
130.0625
127.125
122.875
116.0625
107.5
101.625
99.25
98.8125
98.625
97.875
96.5625
94.375
92.3125
90.4375
88.5625
86.875
84.9375
83.25
81.9375
80.5625
79.4375
78.625
78.0625
77.25
76.4375
75.75
75.25
74.5
73.3125
72.625
73.625
79.4375
92.1875
106.3125
116.3125
123.1875
126.6875
127.4375
128.625
130.375
130.875
130.375
129.25
127.25
124.375
120.1875
113.125
104.4375
99.1875
98.125
98.0
97.875
97.125
95.5
93.625
91.625
89.5
87.625
85.9375
84.3125
82.6875
81.1875
79.75
78.625
77.875
77.3125
76.75
76.0
75.4375
75.125
74.4375
73.375
72.25
72.25
75.8125
85.9375
100.25
111.9375
120.1875
125.25
127.125
128.375
130.0
130.9375
131.125
130.4375
128.8125
126.75
123.8125
118.5625
110.625
103.125
99.6875
98.9375
98.5625
98.0625
96.875
95.0625
93.0
91.0
89.0625
87.3125
85.75
84.1875
82.6875
81.25
80.0
79.125
78.4375
77.6875
76.875
76.3125
75.75
74.875
73.75
72.8125
73.1875
77.125
87.75
101.9375
113.3125
121.25
126.0625
127.9375
129.4375
131.25
132.4375
132.625
132.125
130.875
128.75
125.625
120.375
112.4375
104.8125
101.125
100.25
99.9375
99.5
98.625
97.0
94.9375
92.9375
91.125
89.4375
87.75
86.1875
84.6875
83.25
82.0625
81.1875
80.5625
79.9375
79.1875
78.5625
78.0
77.125
76.125
75.3125
75.75
80.6875
92.5
106.75
117.9375
125.625
129.875
131.5625
133.25
134.75
135.75
136.3125
135.625
134.0625
132.125
129.0
123.6875
115.625
107.5625
103.5
102.4375
102.0
101.4375
100.1875
98.4375
96.375
94.0
91.6875
89.625
88.0
86.8125
85.6875
84.4375
83.1875
81.8125
80.4375
79.25
78.0625
78.0
82.25
92.9375
106.5625
117.875
125.5625
129.375
130.6875
132.0
133.125
133.5625
133.1875
131.8125
129.9375
127.5
123.5625
116.6875
107.9375
101.75
99.625
99.1875
98.875
98.1875
96.75
95.0
92.9375
90.875
88.875
87.125
85.625
84.0625
82.375
80.6875
79.25
78.0
76.9375
76.0
75.1875
74.625
74.125
73.625
73.1875
73.0625
72.8125
72.3125
71.6875
71.25
71.0625
70.4375
69.25
68.0625
68.125
72.375
84.25
99.3125
111.5625
120.5625
125.6875
127.5
129.0625
130.875
132.0625
132.375
131.875
130.5
127.875
124.1875
118.5
110.625
103.4375
100.375
99.875
99.5625
98.8125
97.4375
95.5625
93.5
91.375
89.375
87.75
86.1875
84.625
83.0625
81.625
80.4375
79.5
78.875
78.375
77.75
76.9375
76.375
75.8125
74.9375
73.75
72.875
73.5625
78.3125
89.8125
103.5
113.75
121.0
125.25
126.875
128.0625
129.6875
130.9375
130.75
129.75
128.1875
125.9375
122.375
116.1875
107.5625
100.8125
98.625
98.375
98.0625
97.5
96.3125
94.4375
92.375
90.4375
88.6875
86.9375
85.4375
83.8125
82.1875
80.8125
79.75
78.9375
78.25
77.4375
76.75
76.375
75.875
75.125
74.1875
73.5
74.25
79.25
91.0
105.0
115.8125
123.4375
127.8125
129.5625
131.0625
132.9375
134.0
133.9375
133.1875
131.8125
129.8125
126.8125
121.375
113.25
105.6875
102.1875
101.4375
101.0625
100.5625
99.4375
97.6875
95.5625
93.5625
91.875
90.375
88.6875
87.0625
86.1875
86.75
90.9375
97.0
101.0
102.4375
101.4375
97.6875
92.125
86.5625
82.6875
81.0625
80.375
80.0
80.0
80.125
79.875
79.3125
78.6875
78.3125
77.75
77.0625
76.3125
75.6875
74.9375
73.875
72.8125
71.75
70.5625
69.25
68.4375
68.0625
67.6875
67.125
66.625
66.4375
66.125
65.625
65.125
64.875
64.4375
63.9375
63.5
63.1875
62.625
62.125
61.8125
61.5625
61.1875
61.0
60.875
60.625
60.1875
60.1875
60.125
59.4375
59.0
61.5
71.8125
87.25
100.4375
111.25
119.0625
123.1875
124.9375
125.8125
127.125
127.8125
127.125
125.5
122.75
119.3125
114.625
107.8125
100.8125
97.5625
97.3125
97.25
96.875
96.1875
94.5625
92.375
90.3125
88.5
86.5625
84.875
83.4375
81.875
80.375
79.3125
78.4375
77.625
76.9375
76.25
75.5625
74.875
74.1875
73.3125
72.3125
72.25
75.4375
84.6875
98.3125
109.5625
117.5625
122.75
124.3125
124.875
125.9375
126.875
126.75
125.4375
123.4375
121.1875
117.875
112.375
104.4375
97.5
94.875
94.5625
94.25
93.9375
93.125
91.4375
89.5
87.625
85.875
84.125
82.625
81.125
79.75
78.5
77.5
76.5625
75.5625
74.5625
73.875
73.0625
71.9375
70.875
70.5
72.8125
80.875
94.625
107.375
116.375
122.25
124.5625
125.125
126.3125
127.1875
127.25
126.5625
125.0
123.0
120.1875
115.6875
108.75
100.9375
96.125
94.8125
94.4375
94.0
93.375
92.0
90.125
88.1875
86.4375
84.75
83.1875
81.6875
80.25
79.0
78.0
77.1875
76.4375
75.5625
74.8125
74.25
73.5
72.4375
71.5
71.625
75.25
85.4375
99.75
111.5
119.75
124.75
126.6875
127.6875
128.4375
129.125
129.5
128.625
127.0625
124.875
121.6875
116.6875
109.3125
102.125
98.75
98.0
97.5625
97.1875
96.3125
94.6875
92.8125
91.0
89.3125
87.75
86.1875
84.75
83.3125
81.9375
80.9375
80.1875
79.3125
78.3125
77.4375
76.6875
75.875
74.875
74.3125
75.625
82.1875
95.125
108.875
119.3125
126.5
129.9375
131.0
132.0
133.375
134.125
133.8125
132.4375
130.3125
127.8125
124.125
118.0
109.5
102.625
100.25
99.8125
99.25
98.375
97.0
95.125
93.0
90.8125
88.8125
87.125
85.75
84.375
83.0625
81.875
80.9375
79.9375
78.6875
77.5
76.6875
75.875
74.75
73.8125
74.3125
78.5
89.25
103.625
115.4375
123.4375
127.6875
129.1875
130.125
130.875
131.625
131.8125
131.125
129.4375
127.125
123.5
117.5625
109.25
102.0625
99.3125
98.875
98.4375
97.875
96.6875
95.0625
93.3125
91.6875
90.0
88.625
87.75
89.0625
92.5
95.5
96.3125
94.5
90.1875
84.5
79.8125
77.4375
76.25
75.875
76.0625
76.1875
76.125
75.875
75.375
74.6875
74.0
73.5
72.875
72.3125
71.5625
70.75
69.875
68.875
67.9375
67.0625
66.4375
66.0
65.625
65.3125
65.0
64.6875
64.4375
64.1875
63.875
63.5625
63.1875
62.8125
62.5
62.125
61.75
61.375
60.9375
60.4375
60.125
59.8125
59.625
59.5625
59.4375
59.25
59.1875
59.125
58.8125
58.3125
58.1875
62.0625
74.8125
90.6875
103.0625
113.0625
119.75
122.5
123.5625
124.625
125.25
125.0625
123.9375
121.5625
118.125
113.5625
107.4375
100.8125
96.8125
96.25
96.625
96.625
96.0
94.625
92.75
90.75
88.75
87.0
85.375
83.75
82.25
81.0
79.875
79.0625
78.5625
78.0625
77.4375
76.75
76.3125
75.5625
74.6875
73.875
73.625
75.9375
84.0625
97.9375
110.625
119.5
125.25
127.4375
128.0625
129.25
130.0625
129.75
128.8125
127.3125
125.0625
122.125
117.25
109.8125
102.5625
99.1875
98.625
98.25
97.75
96.6875
95.0625
93.3125
91.5625
89.75
88.0625
86.6875
85.125
83.6875
82.5
81.5
80.6875
79.625
78.4375
77.4375
76.5
75.5625
74.8125
75.125
79.5625
90.875
105.4375
117.1875
125.375
129.75
130.875
131.6875
132.6875
133.0
132.4375
131.25
129.5625
127.4375
124.125
118.625
110.6875
102.9375
99.1875
98.1875
97.5
96.75
95.5
93.75
91.8125
89.8125
87.875
86.0625
84.6875
83.3125
82.0
80.75
79.6875
78.8125
77.6875
76.5
75.375
74.5
73.625
72.6875
72.75
76.5625
86.875
101.3125
113.0625
120.9375
125.5
126.75
127.25
128.5
129.0625
128.5625
127.3125
125.625
123.25
119.625
113.6875
105.6875
99.375
97.0625
96.4375
96.0
95.75
94.875
93.0
90.8125
88.9375
87.25
85.5
83.75
82.375
81.0625
79.6875
78.625
78.0625
77.25
76.0625
75.25
74.625
73.75
72.5
72.0
73.75
80.625
94.1875
108.125
117.9375
124.125
126.9375
127.875
128.5625
129.5
130.25
129.75
128.0625
126.1875
123.5
118.75
111.5625
103.6875
98.875
97.875
97.8125
97.3125
96.375
94.875
93.0
90.9375
88.9375
87.3125
85.8125
84.1875
82.6875
81.375
81.0625
82.25
87.3125
94.5
99.6875
102.6875
103.375
101.1875
96.875
91.25
85.0625
80.25
78.1875
77.8125
77.9375
78.1875
78.375
78.3125
77.875
77.125
76.5625
76.0625
75.3125
74.5
73.6875
72.6875
71.5
70.4375
69.4375
68.625
67.6875
66.9375
66.4375
66.0
65.5625
65.3125
65.1875
64.875
64.5
64.25
64.0
63.8125
63.6875
63.375
63.125
62.875
62.75
62.5625
62.3125
62.0625
62.0625
62.0
61.375
60.625
60.75
65.6875
78.9375
94.6875
107.1875
116.875
122.75
125.0625
126.375
128.5625
129.75
129.375
128.125
126.0
123.1875
119.375
113.5625
106.5
101.0625
99.1875
98.9375
98.75
98.25
97.25
95.625
93.375
91.3125
89.625
87.9375
86.3125
84.6875
83.25
82.125
81.125
80.1875
79.5
78.8125
77.9375
77.125
76.3125
75.4375
74.5625
74.4375
77.4375
86.75
100.375
112.0625
120.5
125.9375
127.6875
127.8125
128.0625
128.875
129.1875
128.5
127.0
124.8125
121.625
116.4375
108.9375
101.5625
97.75
96.4375
95.6875
95.25
94.625
93.0625
91.0
89.125
87.25
85.4375
83.875
82.4375
81.1875
79.9375
78.8125
77.875
76.8125
75.5625
74.5
73.5625
72.5
71.5625
71.9375
76.25
87.1875
101.4375
112.75
120.5
124.6875
125.6875
126.1875
127.125
127.3125
126.8125
125.5625
123.5625
121.1875
117.5
111.3125
103.3125
97.375
95.375
94.8125
94.3125
93.875
92.875
91.125
89.0625
87.1875
85.4375
83.75
82.125
80.625
79.375
78.25
77.25
76.4375
75.5625
74.625
73.8125
73.0625
71.9375
70.8125
70.4375
72.0625
79.1875
92.4375
105.6875
115.1875
121.5
124.125
124.625
125.4375
126.375
126.5625
126.0
124.625
122.5
119.625
115.0
107.875
100.375
96.375
95.375
95.0
94.5625
93.875
92.4375
90.5625
88.625
86.875
85.125
83.375
81.6875
80.375
79.125
77.875
76.9375
76.3125
75.5
74.6875
73.9375
73.1875
72.1875
71.125
70.75
73.25
81.75
95.8125
108.4375
117.375
123.3125
125.5
126.25
127.4375
128.0
128.25
127.6875
126.1875
124.125
121.1875
116.375
109.0625
101.375
97.25
96.375
96.0625
95.625
94.6875
93.0625
91.0625
89.125
87.3125
85.625
84.1875
82.75
81.375
80.125
79.125
78.3125
77.5625
76.6875
75.9375
75.375
74.75
73.75
72.5625
72.125
74.25
81.875
95.4375
108.625
118.25
124.6875
127.3125
128.0625
129.0625
130.375
130.8125
130.3125
129.0
127.125
124.5625
120.25
113.4375
105.3125
99.875
98.1875
98.0
97.8125
97.125
95.875
93.875
91.8125
89.9375
88.25
86.5
84.9375
83.6875
82.4375
80.875
79.75
79.125
78.4375
77.5625
76.625
75.75
74.8125
74.0
73.8125
76.5
85.625
99.8125
112.4375
121.375
126.625
128.1875
128.625
129.5625
130.625
130.875
130.4375
129.125
126.875
123.75
119.125
111.75
103.5625
98.6875
97.4375
97.0625
96.6875
95.8125
94.1875
92.25
90.1875
88.125
86.1875
84.5
83.0
81.5
80.125
79.125
78.25
77.1875
76.1875
75.375
74.3125
73.5
72.5
71.625
72.625
78.375
90.375
104.125
114.5
121.4375
125.0
126.125
126.625
127.5625
127.9375
127.4375
126.25
124.3125
121.75
117.4375
110.375
102.25
97.3125
95.9375
95.4375
95.1875
94.75
93.4375
91.5625
89.6875
87.6875
86.0
84.375
82.625
81.0
79.875
78.9375
77.6875
76.625
75.8125
75.0
74.375
73.625
72.5625
71.4375
71.125
73.3125
81.0625
94.625
107.75
116.9375
122.6875
125.0
126.0
127.1875
128.0
128.1875
127.3125
125.625
123.5625
120.5
115.375
107.875
100.5625
96.75
96.0
95.875
95.5625
94.8125
93.125
91.0625
89.375
87.75
85.4375
83.5625
82.375
80.875
79.375
78.1875
77.3125
76.8125
75.875
74.9375
74.3125
73.4375
72.625
71.6875
71.0625
72.625
79.875
93.3125
106.75
116.3125
122.6875
125.0625
125.875
127.375
128.625
129.0
128.6875
127.4375
125.25
122.25
118.0
111.375
103.125
98.125
96.75
96.3125
95.8125
95.125
93.625
91.6875
89.6875
87.875
86.25
84.6875
83.3125
81.875
80.375
79.3125
78.375
77.625
76.875
76.0
75.5
74.9375
74.0
73.0625
72.3125
72.375
75.6875
86.0
100.5
112.3125
120.75
125.875
127.625
128.625
129.875
130.6875
131.1875
130.875
129.0
126.6875
123.75
118.5625
111.0
103.75
100.0625
99.0625
98.6875
98.125
96.8125
95.375
93.5
91.3125
89.625
88.0
86.3125
84.8125
83.375
81.9375
80.75
79.8125
78.9375
78.25
77.5625
76.625
76.0
75.25
74.0
73.4375
74.0
79.125
91.125
104.75
115.25
122.8125
126.375
127.375
128.5
129.75
130.6875
130.75
129.5625
127.8125
125.5
121.75
116.0
107.75
100.8125
97.9375
96.875
96.5
96.1875
94.9375
93.1875
91.0
88.9375
87.375
85.4375
83.6875
82.1875
80.375
79.25
78.125
77.25
76.625
75.625
74.625
73.9375
73.25
72.5
71.25
70.5625
72.0625
78.1875
90.8125
104.125
114.1875
121.0625
123.8125
124.875
125.5625
126.0625
126.8125
126.625
125.3125
123.1875
120.25
115.9375
108.875
101.0625
96.3125
95.0625
95.0625
94.6875
94.125
92.6875
90.8125
89.3125
87.75
85.75
83.875
82.3125
81.6875
81.625
82.4375
82.625
81.375
78.875
75.25
72.75
71.5
70.4375
70.1875
70.1875
70.0625
69.75
69.25
68.9375
68.4375
67.875
66.9375
66.4375
66.0625
65.5625
65.125
64.125
63.4375
63.0
62.375
61.9375
61.25
60.9375
60.9375
60.5625
60.3125
59.6875
59.4375
59.4375
59.125
58.75
58.0625
57.875
57.75
57.4375
56.9375
56.25
56.1875
56.0
55.75
55.375
55.1875
55.3125
55.25
55.1875
54.8125
54.6875
54.5
54.0625
54.875
62.3125
77.4375
90.875
101.1875
109.0625
113.625
115.25
115.625
115.5625
115.125
114.4375
112.5
109.9375
106.5625
101.1875
95.25
90.875
89.375
89.5625
89.625
90.0625
90.0
89.125
87.4375
85.5
84.125
82.5625
81.125
79.875
78.4375
77.0625
77.125
81.375
90.75
101.9375
110.5
115.75
117.5
116.875
116.4375
115.5625
114.4375
112.125
108.5625
103.1875
95.9375
90.25
87.5625
86.9375
87.0625
87.4375
87.375
86.6875
86.125
84.9375
83.4375
81.625
80.0625
78.9375
77.5
76.0625
74.3125
73.125
72.125
71.125
70.125
69.1875
69.125
68.9375
68.8125
68.5
68.0625
68.125
67.875
67.4375
66.75
65.9375
65.25
65.125
69.4375
81.75
97.125
108.75
117.125
121.4375
122.25
122.9375
123.75
124.0
123.0625
121.125
118.75
115.6875
111.625
105.375
98.375
93.625
92.0
91.5
90.75
90.5
89.625
88.125
86.125
83.9375
82.4375
80.6875
78.875
77.1875
76.0
75.0
74.0625
73.0625
72.125
71.4375
70.5
69.6875
68.6875
67.875
67.1875
67.625
71.9375
82.0625
95.3125
105.8125
113.0
116.8125
117.375
117.3125
117.4375
117.0625
115.875
114.5625
112.5625
109.375
104.375
97.5625
91.625
88.8125
88.4375
87.875
87.8125
87.6875
86.875
85.1875
83.25
81.8125
80.25
78.625
77.0
75.875
74.6875
73.75
72.875
71.625
70.75
69.9375
69.125
67.9375
67.1875
67.0
69.8125
78.5
92.0
104.25
112.875
118.0625
119.375
119.75
120.0625
120.0625
119.625
118.25
116.3125
113.8125
110.1875
104.125
97.125
92.125
90.625
90.0625
89.875
89.8125
89.0
87.3125
85.375
83.8125
82.25
80.5
78.6875
77.5
76.4375
75.3125
74.125
73.25
72.5625
71.6875
70.75
69.5625
68.75
68.1875
68.4375
71.9375
82.25
96.5
107.625
115.0
119.25
120.875
121.25
121.75
122.0625
121.75
120.4375
118.4375
115.5625
112.125
106.4375
99.0
93.1875
91.4375
91.4375
91.25
90.4375
89.4375
88.5
86.9375
85.0
83.0625
81.5625
80.4375
79.125
77.4375
76.3125
75.75
75.0625
74.0
72.875
72.375
71.875
71.0
69.9375
69.6875
72.625
81.375
95.25
107.6875
116.5625
122.0
123.6875
124.375
125.0625
125.3125
125.625
125.0625
123.0625
120.625
117.5
112.3125
104.875
98.5625
95.6875
94.875
94.625
94.5625
93.5625
92.0625
90.375
88.5625
86.4375
84.75
83.4375
81.9375
80.375
79.3125
78.375
77.375
76.625
76.1875
75.125
74.125
73.3125
72.5
71.6875
71.8125
75.75
86.6875
100.625
111.875
120.0625
124.375
125.0625
125.375
126.1875
127.0625
127.0
126.0
124.125
121.6875
118.0
112.375
104.5
97.9375
95.125
94.3125
93.9375
93.625
92.625
91.125
89.5
87.4375
85.4375
83.625
82.0
80.625
79.375
78.0625
76.875
76.0
75.1875
74.1875
73.3125
72.3125
71.625
70.6875
69.875
70.875
76.8125
89.0625
102.75
112.8125
119.625
122.5625
123.125
123.75
124.375
124.5
124.0625
122.5625
120.375
117.6875
113.0625
106.0625
98.75
94.6875
93.9375
93.6875
93.25
92.5
91.125
89.25
87.5
85.9375
84.3125
82.875
81.5
80.5625
80.875
84.375
89.75
94.0
96.4375
97.125
95.3125
91.375
86.125
80.375
76.375
74.5625
73.8125
73.9375
74.4375
74.8125
74.75
74.375
73.6875
73.0625
72.3125
71.5
70.75
70.0625
69.375
68.4375
67.25
66.25
65.375
64.6875
63.9375
63.375
62.8125
62.625
62.375
62.125
61.9375
61.625
61.25
61.0
60.6875
60.3125
59.8125
59.375
59.0625
58.75
58.5
58.3125
57.9375
57.75
57.5625
57.4375
57.125
56.5
56.0625
58.625
69.0625
84.5
97.0625
106.875
113.75
117.125
117.75
117.5
118.0
117.9375
116.75
114.5
111.5625
107.6875
102.1875
95.875
91.8125
90.9375
91.125
91.5
91.5
90.8125
89.3125
87.4375
85.75
84.0625
82.625
81.4375
80.25
78.625
78.0
80.6875
88.75
99.5625
108.5625
114.5
117.1875
117.25
116.5
115.75
114.6875
112.625
109.1875
103.5625
95.8125
88.75
85.8125
85.625
86.1875
87.1875
87.875
87.5625
86.5
85.0625
83.625
82.0625
80.4375
79.125
77.75
76.3125
74.8125
73.4375
72.3125
71.1875
70.4375
69.875
69.4375
69.25
69.0
68.75
68.6875
68.5
68.375
68.0625
67.5625
67.0625
66.375
65.5625
65.0
68.3125
79.75
95.3125
107.8125
117.3125
123.0625
125.0
124.9375
125.0625
125.9375
126.125
124.625
122.1875
119.3125
115.625
110.625
103.6875
97.25
94.125
93.625
93.3125
92.8125
91.875
90.3125
88.5
86.625
84.5625
82.6875
81.0
79.625
78.25
76.75
75.5
74.875
74.5
73.625
72.375
71.375
70.8125
70.125
69.125
68.625
70.75
78.4375
91.5
103.8125
112.3125
117.4375
119.3125
119.5
119.625
119.6875
119.1875
118.3125
116.9375
114.5
110.75
104.9375
97.625
92.5625
91.125
90.8125
90.4375
90.3125
89.375
87.6875
86.0625
84.375
82.8125
81.125
79.5
78.125
77.0625
75.9375
74.9375
73.9375
73.0
72.125
71.375
70.5
69.5625
68.5625
68.4375
71.5625
80.75
94.6875
106.625
114.8125
120.0
121.5625
121.75
122.125
122.375
122.125
121.1875
119.3125
116.875
113.125
107.375
99.8125
94.1875
92.4375
92.3125
92.0
91.4375
90.625
89.375
87.5625
85.625
83.8125
82.3125
80.875
79.25
77.9375
76.8125
75.8125
75.0
74.0625
73.0625
72.375
71.5625
70.5625
69.5
69.4375
72.1875
80.75
94.4375
106.8125
115.3125
120.5625
122.625
123.4375
124.1875
124.5
124.375
123.6875
122.0
119.6875
116.375
111.4375
104.125
97.3125
94.25
93.6875
93.3125
93.0
92.25
90.625
88.875
87.125
85.3125
83.6875
82.25
80.875
79.625
78.625
77.75
77.0
76.1875
75.125
74.1875
73.5625
72.75
71.6875
71.1875
72.875
80.25
93.6875
107.1875
116.875
123.3125
126.0
126.75
127.4375
128.25
128.8125
128.375
126.875
125.0
122.4375
118.25
111.4375
103.75
99.125
97.8125
97.4375
97.0
96.4375
95.125
93.1875
91.375
89.5625
87.75
86.1875
84.6875
83.3125
81.9375
80.75
79.9375
79.25
78.375
77.375
76.5
75.8125
74.8125
74.0
74.0625
77.5
87.4375
101.5625
113.6875
122.1875
126.9375
128.3125
129.25
130.5
131.125
131.0
130.4375
129.375
127.4375
124.25
119.0
111.3125
103.75
99.5625
98.25
97.625
97.1875
96.25
94.6875
92.6875
90.5
88.625
87.125
85.5625
83.75
82.125
81.0
80.0625
79.0
78.0625
77.0
76.125
75.3125
74.4375
73.4375
72.5
73.375
78.4375
89.8125
103.75
114.6875
122.1875
125.9375
126.8125
127.625
128.75
129.25
129.0
128.125
126.375
123.9375
120.25
113.875
105.5
99.4375
97.5
97.1875
96.8125
96.25
94.9375
93.0625
91.4375
89.9375
88.25
86.625
85.4375
85.9375
88.5625
91.625
93.375
93.3125
90.8125
85.75
80.3125
76.6875
75.125
74.5
74.4375
74.625
74.625
74.625
74.375
73.75
72.875
72.125
71.75
71.1875
70.5
69.8125
68.875
68.0
67.25
66.4375
65.5625
64.9375
64.6875
64.4375
64.0625
63.625
63.375
63.1875
63.0625
62.6875
62.1875
61.8125
61.625
61.375
60.875
60.3125
59.8125
59.5625
59.4375
59.25
58.875
58.625
58.625
58.625
58.5
58.1875
57.6875
57.4375
58.6875
67.0
82.25
96.25
107.25
115.3125
119.25
120.375
120.9375
122.25
122.875
121.875
120.0
117.5625
114.0625
108.9375
102.4375
96.9375
94.9375
94.875
95.0
94.6875
93.8125
92.125
90.125
88.25
86.5
84.875
83.375
81.9375
80.6875
79.5
78.5
77.875
77.375
76.8125
76.0625
75.5
75.0
74.1875
73.25
72.5625
73.5
78.625
90.1875
103.875
114.0
120.6875
124.0625
124.9375
125.8125
126.8125
127.25
127.0625
125.875
123.9375
121.3125
117.25
110.6875
103.125
98.25
96.9375
96.625
96.25
95.5625
94.3125
92.625
90.75
89.0
87.25
85.625
84.125
82.875
81.625
80.4375
79.4375
78.5
77.625
76.6875
75.625
74.5625
73.625
73.375
75.5
83.5
97.125
110.1875
119.6875
125.6875
127.6875
127.9375
128.375
128.875
129.25
128.8125
127.5
125.5
122.6875
118.1875
111.1875
103.0
97.8125
96.1875
95.5
95.0
94.3125
93.0625
91.25
89.25
87.3125
85.4375
83.75
82.125
80.6875
79.5
78.4375
77.5
76.6875
75.625
74.625
73.75
72.875
71.75
70.8125
71.3125
75.4375
85.5
99.25
110.5
118.5
123.0
124.0
124.5
125.3125
125.8125
125.75
124.6875
122.875
120.5625
117.0
111.0
103.0
97.125
95.25
94.625
94.3125
94.25
93.25
91.1875
89.125
87.5625
86.0
84.125
82.4375
81.125
80.0
78.6875
77.3125
76.6875
76.25
75.375
74.25
73.5
73.0
72.0625
70.9375
71.4375
76.4375
88.0
102.0625
112.5625
120.0625
124.125
124.875
125.5
127.0625
128.25
127.9375
126.75
125.375
123.3125
119.3125
112.5625
104.4375
98.875
97.125
96.5625
96.1875
95.875
94.625
92.4375
90.5625
88.8125
87.0
85.1875
83.6875
82.5
81.0
79.625
78.9375
78.375
77.4375
76.3125
75.75
75.375
74.4375
73.25
72.25
72.6875
77.125
88.3125
102.5625
113.5625
121.125
125.4375
126.6875
127.6875
129.3125
130.1875
130.0625
129.4375
128.3125
126.3125
122.75
116.875
108.9375
101.9375
98.6875
97.8125
97.625
97.5
96.3125
94.3125
92.4375
90.5625
88.5
86.9375
85.6875
84.25
82.75
81.625
80.875
80.125
79.25
78.4375
77.6875
77.0
76.1875
75.1875
74.3125
75.25
80.75
92.9375
107.1875
118.125
125.4375
129.0
130.1875
131.625
133.5
134.375
134.4375
133.9375
132.375
130.125
127.1875
121.5625
113.0
105.375
102.4375
101.9375
101.4375
100.75
99.6875
97.75
95.3125
93.5625
92.0
90.125
88.5
87.3125
86.0625
84.6875
83.875
83.125
81.875
80.625
79.875
78.8125
77.5625
77.25
79.0625
85.75
98.875
112.8125
123.0
129.1875
131.8125
132.8125
133.75
134.625
136.0
136.4375
135.4375
134.0
132.1875
128.1875
121.4375
112.75
105.5625
102.3125
101.5
101.375
100.5
98.9375
97.125
95.0
92.75
90.75
89.0625
87.25
85.8125
84.875
83.625
82.4375
81.4375
80.4375
79.1875
78.125
77.375
76.375
75.6875
77.8125
85.8125
99.5
112.625
122.0625
128.0
129.875
130.5625
132.125
133.625
134.125
134.1875
133.25
131.5625
129.0625
124.25
116.375
108.0
102.75
100.9375
100.625
100.4375
99.0625
97.25
95.5625
93.5
91.25
89.5
87.9375
86.25
84.9375
83.75
82.625
81.875
80.9375
79.5
78.625
78.125
77.0625
75.5625
75.0
76.375
81.8125
94.1875
108.75
119.0625
125.875
129.8125
130.9375
131.875
133.5
134.6875
134.8125
133.9375
132.5
130.1875
126.25
119.5625
110.875
104.0
101.125
100.75
100.75
99.9375
98.125
96.375
94.375
92.125
90.375
88.75
87.0
85.5625
84.25
82.75
82.0625
81.375
80.25
79.125
78.5
77.625
76.375
75.25
75.0
77.0625
84.9375
98.625
111.8125
121.4375
127.625
129.8125
130.75
132.9375
134.875
135.5625
135.75
134.9375
133.1875
130.9375
126.6875
119.5625
110.625
103.875
101.625
101.3125
100.875
100.0625
98.4375
96.375
94.25
92.25
90.5625
88.875
87.4375
86.0625
84.625
83.25
82.625
81.9375
81.0
80.25
79.75
79.1875
78.125
77.0
76.25
76.0625
79.3125
89.4375
104.0
116.3125
125.1875
130.5
132.25
133.9375
136.125
137.6875
138.8125
138.9375
137.875
136.1875
133.625
129.1875
121.5625
112.25
106.375
104.8125
104.1875
103.75
102.875
101.0625
98.8125
96.8125
94.9375
92.875
91.3125
90.0625
88.5
86.625
85.4375
84.75
83.75
82.875
82.375
81.625
80.75
80.0625
78.875
77.625
77.5
79.8125
87.6875
101.4375
115.125
124.8125
130.4375
132.6875
133.6875
135.875
138.1875
139.5
139.625
138.5
137.0625
135.25
131.3125
124.25
115.0625
107.4375
104.0
103.3125
102.9375
102.0625
100.6875
98.625
96.3125
94.0
92.25
90.5
88.4375
86.75
85.5625
84.0625
82.625
82.0
81.6875
80.75
79.5625
78.875
78.3125
77.3125
76.125
75.3125
75.625
79.4375
90.125
104.6875
116.375
124.25
128.625
130.125
131.5
133.6875
135.0625
135.25
135.0
134.125
132.3125
129.0625
123.5625
115.125
106.5625
102.375
101.5625
101.125
100.375
99.3125
97.5
95.1875
93.0
91.1875
89.4375
87.75
86.1875
84.6875
83.0625
81.9375
81.0625
80.125
79.5625
79.0625
78.25
77.625
77.0625
76.0
74.625
73.8125
74.75
79.9375
92.0
106.375
117.0
124.1875
127.75
129.125
130.625
132.625
134.125
134.25
133.5
132.375
130.625
127.25
121.125
112.5625
104.9375
101.5
100.6875
100.5
99.8125
98.375
96.625
94.375
92.1875
90.375
88.9375
87.0625
85.3125
83.9375
82.4375
80.9375
80.125
79.8125
78.9375
78.125
77.8125
77.4375
76.375
75.125
74.0625
73.625
75.8125
83.875
97.5625
110.125
119.25
125.4375
128.0625
129.125
131.0
133.25
134.3125
134.125
133.5625
132.375
129.9375
125.9375
119.1875
109.875
103.0
101.125
100.8125
100.3125
99.8125
98.375
96.25
94.1875
92.1875
90.5625
89.0625
87.4375
85.9375
84.5
83.0
81.6875
81.0625
80.75
80.125
79.5
79.25
78.6875
77.625
76.375
75.375
75.3125
78.125
86.9375
100.9375
113.8125
122.6875
128.0
130.1875
131.5625
133.8125
135.9375
137.125
137.125
136.5
135.1875
132.875
129.0
122.125
112.9375
106.25
104.0
103.0625
102.625
102.0
100.375
98.375
96.375
94.1875
92.5625
90.6875
89.0625
87.625
86.25
84.5625
83.4375
82.875
82.125
81.25
80.625
79.75
78.4375
77.25
76.0625
75.25
75.875
80.5
91.625
105.6875
116.8125
124.1875
128.1875
129.75
131.1875
133.125
134.6875
135.25
134.6875
133.625
132.25
129.375
124.1875
116.0
107.3125
102.5625
101.0
100.0625
99.6875
98.875
97.125
95.0625
92.875
90.625
89.0625
87.375
85.4375
84.125
82.8125
81.1875
80.0
79.25
78.625
78.125
77.375
76.6875
76.3125
75.3125
73.9375
72.875
72.6875
75.8125
85.1875
98.8125
110.8125
119.4375
124.625
126.8125
128.0
129.6875
131.0625
131.625
131.25
130.375
128.8125
125.875
121.1875
113.375
104.4375
99.4375
98.25
98.25
98.1875
96.9375
95.375
93.375
91.0
89.25
87.8125
86.0
84.0625
82.9375
81.4375
79.875
79.0
78.4375
77.625
76.9375
76.1875
75.75
75.4375
74.3125
72.75
72.0
72.5
76.5625
87.5625
101.5
112.0625
119.75
124.25
126.125
127.6875
128.9375
130.25
131.3125
130.875
129.4375
127.875
124.75
119.4375
111.25
103.125
99.125
98.25
97.75
97.5625
96.5625
94.5625
92.625
90.6875
88.5625
87.0625
85.5
83.875
82.4375
80.75
79.625
78.875
77.875
77.375
76.875
75.9375
75.4375
74.8125
73.6875
72.5625
71.8125
73.625
81.1875
94.0625
106.875
116.5625
122.5
125.1875
127.0
129.0625
130.8125
131.625
131.625
131.5
130.1875
127.9375
124.375
117.875
109.375
102.75
100.125
99.5625
99.0
98.4375
97.625
95.4375
93.125
91.625
89.875
88.3125
86.75
85.125
83.5
82.125
80.9375
80.125
79.375
79.125
78.9375
77.75
77.1875
76.75
75.75
74.6875
73.875
76.0625
84.5625
98.3125
111.125
120.0
125.625
128.6875
130.125
131.8125
133.5
134.625
134.875
134.0625
133.0625
131.0
126.8125
120.6875
112.25
105.375
102.5
101.375
100.9375
100.5
99.1875
96.875
94.4375
92.875
90.8125
88.5625
86.75
84.9375
83.5
82.375
80.9375
79.6875
78.9375
78.375
77.8125
76.6875
75.8125
74.9375
74.0
73.3125
72.625
75.25
83.875
97.1875
109.6875
118.6875
124.0625
126.375
128.0625
129.75
130.4375
131.5
131.625
130.5
129.125
126.4375
122.125
115.1875
106.375
99.875
98.25
98.1875
97.5625
96.8125
95.0625
93.0
91.3125
89.1875
87.3125
85.5625
84.0
82.4375
81.0
79.8125
78.375
77.625
77.1875
76.4375
75.9375
74.9375
74.4375
73.9375
72.5
71.5625
71.375
74.375
84.0
97.6875
109.125
117.375
122.75
124.6875
125.625
127.125
128.25
129.3125
128.75
127.375
125.5
122.5
117.5
109.8125
102.0
97.75
96.8125
96.6875
96.25
95.5
93.5625
91.5625
89.625
87.9375
86.125
84.125
82.6875
81.375
80.0
78.375
77.125
76.5625
76.125
75.625
74.5625
74.125
74.0
73.4375
72.125
70.6875
70.4375
71.9375
78.1875
90.625
104.1875
114.0
120.25
123.125
124.0
126.0625
128.1875
129.1875
129.1875
128.5
127.375
125.25
121.4375
114.75
106.625
100.4375
98.125
97.25
96.5625
96.1875
94.875
93.0
90.6875
88.6875
87.25
85.75
84.0625
82.125
80.75
79.4375
78.25
77.125
76.1875
75.9375
75.5625
74.9375
74.1875
73.9375
73.3125
72.1875
71.1875
71.5625
76.375
87.5
101.375
111.9375
119.4375
123.9375
125.5625
127.25
129.25
130.875
131.625
131.375
130.1875
128.0
125.125
119.875
112.0625
104.25
100.1875
99.4375
99.0625
98.5625
97.25
95.5625
93.8125
92.0
90.0625
88.25
87.0
85.5625
84.125
82.25
80.875
80.125
79.375
78.875
78.1875
77.6875
77.1875
76.5625
75.625
74.3125
73.625
74.25
79.0625
90.3125
103.6875
114.75
122.4375
126.5625
128.125
129.625
131.6875
133.25
133.875
133.1875
131.9375
130.125
127.0
121.5
113.25
105.625
101.5
100.1875
99.125
98.1875
97.3125
95.5625
93.375
91.0
89.0625
87.375
85.8125
84.0
82.1875
81.0
79.8125
78.875
78.0
77.1875
76.5625
75.75
75.125
74.125
73.125
72.1875
71.75
73.0
79.25
92.0625
105.1875
114.875
121.0
123.9375
125.25
126.75
128.3125
129.0625
129.25
128.375
126.875
124.375
120.375
114.125
105.625
99.5
97.25
96.5
96.1875
95.5625
94.25
92.3125
90.1875
88.5
86.6875
84.875
82.9375
81.5
80.1875
78.9375
77.75
76.6875
76.3125
75.75
75.0
74.1875
73.625
73.0625
71.9375
70.8125
70.5625
73.875
83.25
96.75
108.75
116.9375
121.625
123.75
125.0
126.3125
127.5625
128.0
127.8125
126.625
124.8125
121.8125
116.625
108.9375
101.3125
97.5
96.4375
95.9375
95.5
94.3125
92.625
90.875
88.9375
87.125
85.5
83.75
82.25
80.875
79.4375
78.0625
77.0625
76.3125
75.6875
74.9375
74.375
74.0
73.5625
72.5
71.0625
70.1875
71.0625
76.125
87.5
101.125
111.75
118.9375
123.0
124.5
125.5
127.25
128.6875
129.125
128.5625
127.1875
125.0
121.75
116.1875
107.9375
100.5
97.4375
96.6875
96.25
95.6875
94.4375
92.8125
91.0
89.0625
87.1875
85.375
84.0
82.625
81.1875
79.75
78.6875
78.0
77.3125
76.6875
76.0625
75.5625
75.125
74.125
73.0625
72.3125
72.25
74.875
83.75
97.5625
110.0625
118.6875
123.8125
126.125
127.9375
129.625
130.875
131.8125
132.0
130.875
128.9375
126.625
122.375
115.0625
106.8125
101.625
100.0625
99.3125
98.5625
97.875
96.5
94.5
92.5
90.5625
88.9375
87.5
85.9375
84.25
82.9375
81.6875
80.4375
79.5
79.0625
78.6875
77.875
77.0
76.4375
75.6875
74.625
73.625
73.9375
78.125
88.9375
103.0
114.3125
121.8125
125.625
127.125
128.625
130.5625
131.9375
132.5
132.1875
130.9375
129.0
126.125
121.25
113.5
105.125
100.25
98.5625
97.9375
97.5625
96.75
95.0
92.9375
90.875
88.875
87.0
85.25
83.6875
82.1875
80.625
79.3125
78.375
77.6875
77.0
76.25
75.5
74.8125
74.1875
73.25
72.125
71.375
71.9375
76.5625
87.8125
101.75
112.4375
119.8125
123.6875
124.9375
126.25
127.8125
128.8125
129.125
128.4375
126.75
124.6875
121.25
115.3125
107.1875
100.3125
97.5625
96.9375
96.5
96.0
94.75
92.875
90.75
88.6875
86.9375
85.1875
83.625
82.125
80.5
79.1875
77.875
76.875
76.3125
75.8125
75.25
74.5
74.0
73.5625
72.75
71.625
70.5
70.625
74.25
84.1875
98.0625
109.5
117.4375
122.25
124.3125
125.5
126.8125
127.8125
128.5
128.25
127.0
125.0
122.125
117.0
109.125
101.375
97.625
96.875
96.4375
95.9375
95.0
93.3125
91.1875
89.25
87.375
85.75
84.125
82.6875
81.0
79.5
78.25
77.3125
76.5625
75.9375
75.375
74.6875
74.1875
73.8125
72.875
71.5625
70.6875
71.0625
74.75
84.875
98.625
110.125
118.125
122.75
124.4375
125.75
127.5625
129.125
129.625
129.1875
127.9375
126.1875
123.375
118.625
111.0
102.9375
98.625
97.625
97.125
96.6875
95.9375
94.375
92.3125
90.3125
88.6875
87.0
85.5625
84.0625
82.4375
80.9375
79.8125
78.9375
78.4375
77.75
77.0625
76.625
76.25
75.6875
74.9375
73.9375
72.9375
72.75
75.9375
85.3125
99.0
111.125
119.875
125.125
127.0625
128.5625
130.75
132.1875
132.9375
132.8125
131.9375
130.25
127.625
123.4375
116.5
107.9375
102.3125
100.625
100.0625
99.5625
98.6875
97.0625
95.0625
93.125
91.3125
89.4375
87.8125
86.1875
84.75
83.1875
81.875
80.6875
79.8125
79.0625
78.375
77.5
76.4375
75.5625
74.875
74.0
72.9375
72.375
74.375
82.125
95.125
107.8125
117.1875
123.125
125.8125
127.125
128.6875
130.125
131.1875
131.25
130.375
129.0
126.5625
122.5
115.75
107.1875
100.5625
98.125
97.5625
97.25
96.5
95.25
93.3125
91.1875
89.125
87.3125
85.6875
84.0625
82.4375
80.875
79.5625
78.375
77.4375
76.8125
76.25
75.5
74.8125
74.375
73.75
72.625
71.5
71.0625
72.625
79.375
92.3125
105.375
114.625
120.875
123.875
124.6875
125.9375
127.375
127.9375
128.0625
127.25
125.5625
123.0625
118.75
111.5625
103.1875
97.75
96.25
96.0625
95.8125
95.125
93.5625
91.4375
89.5625
87.875
86.0
84.25
82.6875
81.0625
79.5
78.1875
77.125
76.1875
75.625
75.25
74.75
74.0625
73.5625
73.1875
72.4375
71.25
70.125
70.3125
74.1875
84.5
98.4375
109.5
117.25
122.125
124.0625
125.375
126.875
127.9375
128.375
128.1875
126.875
124.6875
121.6875
116.6875
108.9375
101.25
97.5625
96.6875
96.5
96.0
94.875
93.125
91.25
89.3125
87.1875
85.375
83.8125
82.4375
80.75
79.125
77.8125
77.0
76.25
75.625
75.1875
74.9375
74.25
73.6875
73.125
72.25
71.125
70.3125
70.9375
76.1875
87.9375
101.375
111.8125
119.1875
123.125
124.6875
126.375
128.25
129.5
129.9375
129.3125
128.25
126.25
123.0625
117.75
109.8125
102.5
99.125
98.375
98.125
97.625
96.4375
94.75
92.8125
90.9375
89.125
87.375
85.9375
84.5
83.0
81.5
80.1875
79.0625
78.25
77.875
77.625
77.25
76.75
76.0625
75.4375
74.4375
73.4375
72.6875
73.875
80.0625
92.4375
105.75
116.125
123.25
126.5625
128.125
129.9375
131.5625
132.75
133.25
132.6875
131.625
129.8125
126.6875
121.125
113.0625
105.375
101.6875
100.625
100.125
99.0625
97.375
95.4375
93.375
91.3125
89.5
87.75
86.1875
84.25
82.5
81.1875
79.875
78.6875
77.8125
77.3125
76.875
76.1875
75.125
74.4375
73.8125
72.75
71.6875
71.9375
76.0
86.1875
99.6875
111.25
119.3125
123.5625
124.875
126.0
127.875
129.0
129.25
128.9375
127.875
125.9375
122.9375
117.9375
110.125
102.1875
98.25
97.3125
96.9375
96.375
95.5
93.8125
91.625
89.5
87.75
86.125
84.4375
82.8125
81.3125
79.8125
78.4375
77.5
76.75
76.125
75.5
74.9375
74.4375
73.75
72.9375
72.0625
71.0
70.875
74.125
83.75
97.5
109.1875
117.5
122.3125
123.875
124.8125
126.4375
127.625
128.125
128.0
126.75
124.8125
121.875
116.75
108.75
101.3125
97.625
96.5625
96.125
95.75
94.75
93.0625
91.125
89.25
87.1875
85.375
83.875
82.4375
80.8125
79.375
78.0625
77.1875
76.5
75.9375
75.3125
74.625
74.125
73.625
72.875
71.75
70.75
70.8125
74.125
83.75
97.6875
109.25
117.25
122.0625
123.9375
125.25
127.0
128.375
128.875
128.5
127.375
125.75
123.0625
118.25
110.5625
102.375
97.8125
96.8125
96.4375
96.0
95.1875
93.5625
91.5625
89.5625
87.625
85.875
84.25
82.6875
81.1875
79.6875
78.25
77.375
76.75
76.25
75.875
75.3125
75.0
74.6875
74.0625
72.9375
71.875
71.6875
74.375
83.125
96.9375
109.3125
118.0625
123.625
126.0625
127.3125
128.8125
130.375
131.375
131.4375
130.5625
129.0
126.5625
122.375
115.375
107.0
101.4375
99.75
99.3125
98.9375
98.125
96.625
94.625
92.625
90.75
88.9375
87.3125
85.8125
84.25
82.8125
81.4375
80.375
79.625
79.125
78.625
78.0625
77.375
76.6875
75.9375
74.9375
74.0625
74.1875
78.0
88.3125
102.0625
113.8125
122.0
126.625
128.5
129.75
131.3125
132.625
133.1875
132.8125
131.875
130.1875
127.4375
122.625
114.875
106.3125
101.125
99.4375
98.6875
98.0625
97.1875
95.5
93.4375
91.3125
89.3125
87.5625
85.875
84.25
82.75
81.1875
79.75
78.6875
77.875
77.375
76.75
75.875
75.125
74.5625
73.75
72.625
71.6875
72.125
76.5
87.3125
101.0625
112.25
119.875
124.0
125.3125
126.5625
128.1875
128.9375
129.125
128.9375
127.625
125.5625
122.25
116.625
108.5
101.1875
97.875
97.0
96.5625
96.0625
95.0625
93.25
91.125
89.125
87.375
85.6875
84.0
82.1875
80.625
79.3125
78.0625
77.0625
76.3125
75.8125
75.375
74.75
74.125
73.625
72.9375
72.0
70.8125
70.5625
73.625
82.875
96.6875
108.5
116.9375
122.125
124.0
124.6875
126.25
127.9375
128.625
128.25
127.125
125.375
122.4375
117.3125
109.5
101.9375
98.0
97.0
96.4375
95.9375
95.0625
93.3125
91.25
89.25
87.5625
85.8125
84.0625
82.5
81.0625
79.5625
78.125
77.0
76.3125
75.75
75.25
74.625
74.125
73.6875
73.1875
72.1875
71.0
70.1875
70.875
75.625
87.125
101.0625
111.75
119.0625
122.9375
124.25
125.5625
127.3125
128.4375
128.8125
128.4375
127.1875
125.1875
122.0
116.4375
108.3125
100.875
97.625
96.9375
96.4375
95.875
94.875
93.0625
91.1875
89.375
87.625
86.0625
84.5
82.9375
81.4375
80.0625
78.75
77.6875
77.0
76.5625
76.1875
75.8125
75.3125
74.9375
74.4375
73.5
72.3125
71.4375
72.375
77.8125
89.8125
103.8125
114.4375
121.625
125.1875
126.5
128.25
130.0625
131.1875
131.5625
130.75
129.5
127.6875
124.5
119.1875
111.25
103.8125
100.5
99.6875
99.0625
98.5
97.25
95.4375
93.375
91.375
89.5
87.75
86.1875
84.6875
83.125
81.6875
80.375
79.3125
78.5
77.9375
77.625
77.125
76.4375
75.5
74.3125
73.0
71.9375
71.9375
74.8125
83.6875
97.0625
109.125
117.9375
123.25
125.0625
126.0
127.5
129.0625
129.875
129.4375
128.5
127.0
124.4375
120.125
113.0
104.5625
99.1875
97.875
97.5
96.8125
95.875
94.3125
92.25
90.3125
88.875
87.5625
85.5625
84.6875
87.375
95.5625
106.3125
114.5
118.8125
119.9375
119.1875
118.3125
117.3125
115.0625
110.8125
103.8125
95.5
89.75
87.75
87.625
87.9375
88.5
88.5625
87.75
86.375
84.8125
83.4375
82.0625
80.375
78.75
77.1875
75.8125
74.3125
72.9375
71.8125
70.875
70.0625
69.4375
69.125
68.875
68.3125
68.0
67.75
67.375
66.625
66.0
65.625
65.1875
64.5625
64.125
64.0625
63.625
63.0
62.625
62.625
62.125
61.1875
60.5625
62.5
71.5
87.0
101.4375
112.625
119.8125
123.0
124.5625
125.1875
126.0625
127.0
126.5625
124.6875
122.125
118.875
114.0625
106.875
99.75
96.3125
95.875
95.625
95.125
94.25
92.6875
90.5
88.4375
86.75
84.875
83.125
81.75
80.25
78.4375
77.125
76.125
75.125
74.4375
74.1875
73.8125
73.1875
72.6875
72.25
71.6875
70.8125
69.5625
68.6875
69.6875
74.8125
86.4375
100.0625
110.125
116.6875
120.25
121.3125
122.1875
123.375
123.9375
124.0625
123.4375
121.875
119.5625
115.625
109.0
101.125
95.875
94.375
94.0
93.6875
93.3125
92.1875
90.625
88.75
86.9375
85.4375
83.9375
82.375
80.6875
79.3125
78.0625
77.0
76.1875
75.6875
75.25
74.5625
73.875
73.3125
72.625
71.6875
70.9375
72.125
78.25
90.5
103.9375
114.25
121.0625
124.1875
125.375
126.4375
127.5
128.25
128.375
127.6875
126.0
123.8125
120.25
114.125
106.125
99.875
97.5
97.0625
96.375
95.5625
94.375
92.625
90.8125
89.25
87.6875
86.0625
84.5625
83.375
83.125
83.625
84.0625
84.0
82.25
78.75
75.0625
72.875
71.6875
71.0
70.8125
70.625
70.125
69.875
69.375
68.625
68.0
67.4375
66.8125
66.25
65.625
65.0
64.4375
63.8125
62.9375
62.0
61.375
61.1875
60.8125
60.25
59.9375
59.75
59.4375
58.9375
58.625
58.375
58.125
57.875
57.5625
57.0625
56.6875
56.5
56.25
55.5
55.0625
55.0
54.8125
54.625
54.5
54.4375
54.375
54.125
54.0
53.8125
53.5
53.0625
54.625
63.5
78.6875
91.3125
101.5625
109.5
113.125
113.875
114.1875
114.375
114.3125
113.3125
111.1875
108.5
104.75
99.5625
93.8125
89.4375
88.5
89.0
89.3125
89.0625
88.375
87.0
85.25
83.125
81.3125
80.0
78.5
76.9375
75.5625
74.4375
73.25
72.375
71.75
71.25
70.8125
70.3125
69.6875
69.0625
68.5625
67.625
66.8125
67.6875
72.9375
84.3125
97.3125
107.0625
113.4375
116.5625
117.25
117.625
117.9375
118.0625
117.5625
116.375
114.5625
111.8125
107.1875
100.6875
94.0625
90.1875
89.25
89.0625
88.625
88.0
87.1875
85.5625
83.8125
82.3125
80.6875
78.875
77.4375
76.0
74.5625
73.625
72.75
71.875
71.0625
70.125
69.375
68.625
67.8125
66.875
66.5
69.0
77.625
91.0
103.1875
111.875
117.125
119.0
119.5
120.0625
120.4375
120.3125
119.25
117.5
115.25
112.0
107.125
100.5
94.1875
90.8125
90.25
90.0625
89.6875
89.0625
87.875
86.375
84.8125
83.0625
81.3125
79.8125
78.5
76.9375
75.5
74.625
73.75
73.125
72.4375
71.375
70.6875
70.1875
69.25
68.5
68.0625
70.375
79.0625
92.5
104.5625
113.25
118.75
120.3125
120.625
121.4375
121.875
122.0
121.5
120.0
118.0
115.25
110.6875
104.0
97.375
93.875
92.75
92.1875
91.875
91.25
89.875
88.25
86.5
84.25
82.125
80.5
79.0625
77.625
76.4375
75.3125
74.1875
73.5
72.6875
71.4375
70.4375
69.6875
68.625
67.875
67.625
69.875
78.4375
91.625
103.75
112.75
117.9375
119.5625
119.875
120.125
120.5
120.5625
119.9375
118.6875
116.5
113.1875
108.0625
100.6875
94.4375
91.5625
90.625
90.625
90.4375
89.6875
88.4375
86.625
84.625
83.1875
81.5
79.8125
78.375
76.6875
75.625
74.75
73.75
73.0625
71.9375
71.0
70.5
69.8125
69.0625
68.0
67.6875
70.75
79.5
93.125
105.0
113.0
118.0625
119.4375
119.4375
119.9375
120.0625
120.1875
119.5
117.5625
115.125
111.1875
105.5
98.5
93.125
91.375
90.875
90.6875
90.5
89.5
87.9375
85.875
84.125
82.6875
80.875
79.25
77.5
76.1875
75.25
74.1875
73.5
72.5625
71.8125
71.25
70.5
69.8125
69.0625
67.9375
67.75
70.0625
78.125
91.6875
103.9375
112.75
118.375
120.125
120.5625
121.125
121.5
121.8125
121.3125
119.875
117.3125
114.0
109.375
102.25
95.625
92.1875
91.4375
91.5625
91.1875
90.4375
89.0
87.3125
85.75
83.75
82.0
80.1875
78.75
77.375
76.0625
75.1875
74.0625
73.25
72.6875
71.875
71.25
70.375
69.375
68.75
68.25
70.4375
77.875
91.125
104.0
113.25
119.25
121.125
121.8125
122.875
123.5625
123.9375
123.1875
121.75
120.125
117.125
112.625
105.625
98.25
94.6875
93.875
93.6875
93.125
92.375
91.625
90.0
88.0625
86.1875
84.4375
83.0625
81.625
80.3125
78.75
77.5
76.8125
76.25
75.6875
74.4375
73.5625
73.375
72.625
71.75
70.9375
72.3125
79.1875
91.875
105.3125
115.3125
121.625
124.5625
125.3125
126.1875
127.125
127.75
127.9375
126.875
125.125
122.75
118.75
112.5625
104.5625
99.0
97.25
96.375
96.0625
95.5
94.1875
92.25
89.6875
87.6875
86.0
84.375
82.8125
80.875
79.5
78.375
77.375
76.5
75.375
74.5625
73.9375
72.875
72.0625
71.0
70.3125
70.5625
73.8125
83.5
96.875
108.5625
117.0
121.5625
122.9375
123.1875
124.125
125.1875
125.4375
124.6875
122.8125
120.6875
117.75
112.0
104.25
97.3125
94.625
94.125
93.625
93.3125
92.25
90.8125
89.0
86.9375
85.125
83.25
81.5625
80.25
78.75
77.3125
75.875
75.125
74.6875
74.0625
73.1875
72.125
71.75
71.3125
70.25
69.3125
69.0625
72.375
82.0
95.8125
107.5
115.375
120.125
121.75
122.25
123.125
123.5
123.6875
122.9375
121.25
118.9375
115.125
109.625
102.25
96.125
93.6875
92.9375
92.9375
92.6875
91.5625
90.0
87.875
86.1875
84.5
82.75
81.125
79.25
77.9375
76.625
75.4375
74.3125
73.4375
73.1875
72.75
72.0625
71.4375
70.8125
70.3125
69.375
68.375
68.1875
72.0
82.25
96.125
107.1875
115.0625
119.8125
121.25
121.875
122.3125
122.875
123.4375
123.0
121.375
119.125
115.9375
110.3125
102.875
96.375
93.75
93.3125
93.0625
92.4375
91.3125
89.875
88.125
86.1875
84.125
82.5625
81.1875
79.75
77.9375
76.4375
75.4375
74.5625
73.6875
72.875
72.5625
72.125
71.6875
71.0625
70.6875
70.0625
69.1875
68.5625
70.5
78.3125
91.4375
104.125
113.3125
118.875
121.5
122.6875
124.0
125.0625
125.4375
125.3125
124.4375
122.75
119.9375
115.5
108.9375
101.375
96.875
95.3125
95.0
94.9375
94.4375
93.0
91.0
89.3125
87.625
85.9375
84.125
82.625
81.375
80.0
78.5625
77.0625
76.3125
75.875
75.4375
75.0
74.3125
73.9375
73.4375
72.75
71.5625
70.6875
71.125
75.25
85.875
99.5
110.4375
118.125
122.375
123.875
125.0625
126.4375
127.5
127.9375
127.4375
125.9375
123.6875
120.375
115.1875
107.875
100.8125
97.125
96.0
95.4375
94.875
93.875
92.1875
90.125
88.125
86.1875
84.375
82.6875
81.1875
79.6875
78.25
76.9375
75.8125
75.0
74.3125
73.75
73.1875
72.5
71.8125
71.3125
70.625
69.625
68.6875
69.125
73.75
84.625
97.9375
108.5625
115.8125
119.5
120.75
121.75
122.625
123.125
123.1875
122.6875
121.3125
119.0
115.1875
109.0625
101.25
95.5
93.3125
92.875
92.6875
92.25
91.125
89.625
87.75
85.8125
83.9375
82.125
80.5625
79.1875
77.6875
76.25
74.9375
73.875
73.1875
72.6875
72.3125
71.875
71.375
70.875
70.375
69.625
68.625
67.5
67.5625
71.0625
80.75
94.125
105.375
113.1875
117.6875
119.25
120.125
120.75
121.5
122.0625
121.6875
120.0625
117.8125
114.5
109.0
101.5
95.375
92.75
92.25
92.0625
91.6875
90.875
89.375
87.5
85.625
83.8125
82.1875
80.625
79.0625
77.625
76.1875
74.875
73.75
72.75
72.0625
71.8125
71.375
70.9375
70.4375
70.0625
69.6875
68.75
67.4375
66.75
67.75
73.1875
84.875
97.9375
107.6875
114.5
118.0
119.3125
120.4375
121.4375
121.9375
122.125
121.625
120.25
117.8125
114.0
108.0
100.5625
95.0
92.875
92.5
92.25
91.8125
90.8125
89.0625
87.375
85.875
84.3125
82.625
81.0
79.5625
78.1875
76.8125
75.5625
74.625
73.9375
73.4375
73.125
72.8125
72.4375
72.0
71.4375
70.75
69.8125
68.9375
69.25
74.0
85.25
98.5625
108.75
115.875
120.0
121.5
122.5
123.75
124.6875
125.0
124.3125
122.875
121.0
117.9375
112.5625
105.125
98.875
96.0625
95.5
95.125
94.5625
93.4375
92.0625
90.25
88.3125
86.4375
85.0
83.5
81.875
80.3125
79.0625
77.75
76.5
75.625
75.3125
75.0625
74.4375
73.75
73.1875
72.125
70.75
69.6875
69.25
70.5625
76.5625
88.6875
101.625
111.1875
117.375
120.0625
121.0
122.0625
122.9375
123.8125
124.0625
123.3125
121.875
119.75
116.0
110.0625
102.4375
96.5
93.9375
93.125
92.9375
92.4375
91.3125
89.8125
88.0
85.875
84.0
82.375
80.75
79.1875
77.8125
76.5
75.25
74.25
73.6875
73.0625
72.375
71.75
71.125
70.5
69.75
68.875
68.0625
68.6875
73.3125
84.375
97.625
107.625
114.625
118.1875
119.1875
119.9375
120.625
121.0625
120.875
120.0
118.5
116.125
112.375
106.3125
98.8125
93.6875
92.125
91.8125
91.625
91.125
90.0
88.375
86.375
84.5625
82.9375
81.125
79.625
78.125
76.625
75.375
74.0625
73.0625
72.4375
71.9375
71.5
71.0
70.375
69.9375
69.4375
68.5
67.4375
66.9375
68.375
75.0625
87.625
100.25
109.4375
115.25
117.8125
118.8125
120.0
120.875
121.375
121.3125
120.5625
118.8125
116.1875
112.0
105.375
98.0
93.5
92.4375
92.1875
91.6875
91.0625
89.9375
88.25
86.375
84.5625
82.8125
81.1875
79.625
78.125
76.625
75.3125
74.25
73.375
72.6875
72.1875
71.75
71.125
70.6875
70.25
69.5
68.4375
67.5
67.5625
71.125
80.75
94.0625
105.3125
113.125
117.5
118.9375
120.0
121.375
122.375
122.6875
122.25
121.3125
119.5625
116.625
111.75
104.4375
97.5625
94.25
93.4375
93.25
93.0625
92.375
91.0
89.3125
87.4375
85.625
84.125
82.5
81.0
79.75
78.375
77.1875
76.125
75.1875
74.75
74.5
74.0625
73.4375
72.6875
72.0
71.1875
70.4375
70.6875
74.75
85.0
98.5625
109.8125
117.375
121.4375
122.625
123.5
124.8125
125.9375
126.5625
126.3125
125.25
123.1875
120.3125
115.625
108.5
101.6875
98.5
97.6875
97.125
96.375
95.0625
93.1875
91.375
89.8125
88.125
85.875
84.25
86.0
93.0
103.25
111.9375
117.0625
118.625
117.75
116.25
114.875
112.9375
109.4375
103.375
95.4375
89.0625
86.4375
86.125
86.4375
87.0
87.1875
86.5625
85.5
83.875
82.3125
80.875
79.375
77.9375
76.375
75.125
73.6875
72.25
70.875
69.8125
69.25
68.625
67.9375
67.3125
67.25
66.9375
66.4375
66.125
65.6875
65.25
64.5
64.0625
63.75
63.375
62.875
62.625
62.375
61.9375
61.3125
60.6875
60.25
60.75
66.9375
81.1875
96.25
108.0
116.0
119.75
120.875
121.6875
122.25
122.6875
122.5
121.0
118.5625
115.25
110.6875
104.0
97.5
94.25
93.625
93.5625
93.375
92.5625
90.9375
89.0
87.0625
85.1875
83.25
81.625
80.0
78.5
77.375
76.125
74.75
73.8125
73.3125
73.125
72.5625
72.0625
71.5
71.125
70.3125
69.5625
68.6875
67.875
68.125
73.125
84.6875
98.0
107.8125
114.8125
118.5
119.0625
119.5
120.4375
121.125
120.8125
119.75
118.3125
116.1875
111.75
105.125
98.0
93.5625
92.0625
91.875
91.75
91.0625
89.6875
88.125
86.5
84.5625
82.8125
81.4375
79.9375
78.125
76.6875
75.6875
74.5
73.5
73.125
72.75
71.8125
71.0625
70.8125
70.1875
68.9375
67.9375
68.4375
72.0
82.25
96.3125
108.0625
115.8125
120.0625
121.6875
122.5
123.125
123.9375
124.5625
123.5
121.8125
120.0625
117.1875
111.625
104.1875
97.9375
95.125
94.1875
93.8125
93.8125
92.9375
91.125
89.4375
87.875
86.0625
84.4375
83.0625
81.5
79.8125
78.5
77.6875
76.6875
75.8125
75.3125
74.625
73.6875
73.3125
73.125
71.9375
70.6875
70.8125
74.0
82.875
96.4375
108.4375
116.75
121.8125
123.625
124.3125
125.4375
126.75
127.25
126.5
125.3125
123.875
121.0
116.3125
109.5625
102.0625
97.625
96.875
96.5625
95.75
94.8125
93.6875
91.625
89.3125
87.5625
86.25
84.5
82.5
82.125
85.25
94.0
105.4375
114.1875
119.125
120.8125
120.5
119.8125
119.3125
118.5625
116.5625
112.75
106.625
98.5625
91.9375
89.25
88.9375
89.0625
89.5
89.75
88.625
86.875
85.5
84.0625
82.0625
80.5625
79.375
77.75
75.875
74.6875
73.5625
72.0625
70.9375
70.5
69.875
69.0625
68.8125
68.625
68.0
67.6875
67.5
66.875
66.375
66.4375
65.875
65.1875
65.125
64.875
63.6875
62.875
62.9375
66.75
78.8125
94.75
107.75
116.8125
121.75
123.25
123.5
124.25
125.4375
125.75
124.375
122.4375
119.625
115.3125
109.3125
102.1875
96.75
95.125
95.3125
94.9375
94.125
92.9375
91.0625
88.75
87.0
85.5
83.5
81.875
80.6875
79.1875
77.5
76.4375
75.6875
75.0
74.5625
74.125
73.4375
72.875
72.5
71.625
70.5
69.625
69.25
71.1875
79.125
92.5
104.75
113.6875
119.1875
121.0
121.8125
122.9375
123.625
124.125
123.875
122.625
120.625
117.75
112.6875
105.1875
98.375
95.0625
93.9375
93.5625
93.4375
92.5625
91.0
89.5
88.125
86.4375
85.0
83.8125
83.1875
85.0
88.5625
91.125
91.8125
90.375
86.5
80.875
76.25
73.9375
73.0
72.5
72.875
73.5
73.5625
73.375
73.0
72.375
71.8125
71.3125
70.625
69.6875
69.25
68.875
68.0
67.0625
66.375
65.6875
65.0
64.75
64.5
64.0
63.6875
63.6875
63.3125
62.875
62.8125
62.625
62.0
61.6875
61.6875
61.3125
60.75
60.375
60.1875
59.625
59.25
59.1875
58.9375
58.6875
58.6875
58.625
58.4375
58.375
58.5625
58.375
57.75
57.5625
60.375
70.625
85.9375
99.0625
109.625
116.25
118.6875
119.875
120.75
121.375
121.75
121.0625
119.25
116.75
113.25
108.125
101.5
95.9375
93.75
93.5
93.25
92.8125
92.125
90.625
88.625
86.4375
84.6875
83.0
81.375
79.75
78.3125
77.125
76.125
75.125
74.3125
73.8125
73.375
72.5625
71.6875
71.0
70.25
69.4375
68.5625
68.875
73.0625
83.375
96.625
106.875
114.125
117.6875
118.0
117.875
118.375
118.6875
118.5
117.4375
115.625
113.0625
109.0
102.5625
95.1875
90.9375
90.0
89.875
89.5
89.0
88.125
86.75
84.8125
82.875
81.375
80.0
78.625
77.0625
75.6875
74.6875
73.875
73.0
72.0625
71.3125
70.375
69.75
69.0
68.0
67.125
68.0625
73.875
86.25
99.625
109.5
115.8125
118.3125
118.5625
119.25
119.5625
119.25
118.75
117.625
115.5625
112.5625
108.25
101.9375
94.875
90.9375
90.0625
89.875
89.25
88.5625
87.625
86.1875
84.4375
82.4375
81.0
79.9375
78.375
76.5625
75.3125
74.3125
73.4375
72.75
71.75
70.75
70.125
69.375
68.5625
67.5625
66.6875
67.875
74.1875
86.375
99.125
108.6875
115.3125
118.0625
118.6875
119.4375
119.9375
120.0625
119.6875
118.5625
116.9375
114.4375
110.1875
103.9375
96.875
92.375
90.75
90.25
90.0625
89.6875
88.5625
87.0
85.375
83.8125
82.1875
80.625
79.125
77.75
76.375
75.125
74.1875
73.75
73.125
72.3125
71.6875
71.25
70.4375
69.375
68.5
69.0625
73.5
84.375
98.375
109.625
117.3125
121.1875
122.375
123.125
123.6875
124.375
124.625
123.875
122.5
120.4375
117.0
111.375
104.0
98.0
95.375
94.875
94.5
94.0625
93.0
91.5
89.75
88.0625
86.5
84.875
83.3125
81.8125
80.625
79.5
78.375
77.625
76.9375
76.0625
75.125
74.3125
73.5
72.625
71.9375
71.6875
74.9375
84.8125
98.6875
110.5
118.4375
123.375
125.25
126.0625
126.875
128.0625
128.6875
127.9375
126.25
124.0625
121.3125
116.8125
109.5625
101.6875
97.1875
95.875
95.125
94.5
93.8125
92.4375
90.5625
88.625
86.6875
84.8125
83.25
81.8125
80.25
78.8125
77.9375
77.1875
76.3125
75.1875
74.25
73.4375
72.6875
71.6875
70.6875
70.1875
71.625
77.8125
90.375
104.0625
113.9375
119.9375
122.125
122.875
124.0
124.75
125.1875
125.1875
124.25
122.5
119.75
115.3125
108.5
100.875
95.75
94.0625
93.5
93.3125
92.875
91.6875
89.8125
87.8125
86.0625
84.25
82.5625
81.0
79.75
78.375
77.125
76.1875
75.5625
74.875
73.8125
72.875
72.5
71.9375
70.6875
69.5
69.625
72.3125
80.3125
93.875
106.625
115.5
120.3125
121.5
122.25
123.6875
124.4375
124.6875
124.4375
123.375
121.375
118.4375
113.625
106.25
98.875
94.9375
94.0
93.875
93.625
92.8125
91.0
89.3125
87.625
85.875
84.125
82.5625
81.25
79.625
77.8125
76.6875
76.0
75.375
74.5625
73.6875
73.25
72.8125
71.9375
70.8125
70.0
69.5
70.75
77.0625
89.875
103.25
113.0
119.25
122.0
123.0
124.1875
125.1875
126.0625
126.625
126.0
124.4375
122.0
118.0
111.5
103.375
97.4375
95.375
94.9375
94.5
93.9375
92.875
90.875
88.75
87.125
85.6875
84.125
82.625
81.375
80.125
78.625
77.5625
76.9375
76.3125
75.6875
75.125
74.625
74.125
73.5
72.375
71.375
71.0
72.9375
80.375
93.5625
106.6875
116.25
122.25
124.5625
125.5
126.875
128.375
129.5625
129.9375
129.125
127.625
125.5625
121.75
115.1875
107.0
101.375
99.1875
98.3125
97.8125
97.3125
96.0
94.125
92.1875
90.4375
88.5625
87.0
85.625
83.9375
82.375
81.3125
80.125
79.0625
78.625
78.125
77.25
76.5
76.0625
75.0
74.0
73.4375
73.3125
76.375
86.375
100.0
111.1875
119.125
123.75
125.3125
126.875
128.5625
129.6875
130.5
130.4375
129.3125
127.625
125.0
120.3125
113.0625
104.75
99.0625
97.25
96.875
96.4375
95.75
94.5
92.4375
90.3125
88.5
86.25
84.4375
83.1875
81.625
80.1875
79.125
78.0625
77.0
76.375
75.625
74.5625
74.0625
73.5625
72.5
71.4375
70.6875
71.125
75.4375
86.25
99.9375
110.875
118.1875
121.8125
122.8125
123.9375
125.5
126.625
127.0625
126.4375
124.9375
123.0
119.6875
113.875
105.8125
98.8125
95.8125
95.25
94.875
94.375
93.5
91.9375
90.0
88.1875
86.25
84.5
83.0625
81.5
79.9375
78.375
76.9375
76.125
75.5625
74.9375
74.25
73.375
73.125
72.75
71.8125
70.6875
69.625
69.75
73.3125
82.9375
96.875
108.5625
116.3125
120.8125
122.3125
123.125
124.75
126.0625
126.5
126.0625
125.0625
123.3125
120.375
115.3125
107.625
100.125
96.625
95.6875
95.125
94.75
94.0625
92.3125
90.4375
88.5625
86.625
85.0
83.5
81.875
80.5625
78.875
77.5
76.625
75.875
75.375
74.6875
74.0625
73.6875
73.375
72.375
70.9375
70.0625
70.125
72.875
81.625
95.0
107.25
115.75
120.6875
122.6875
123.875
125.1875
126.75
127.75
127.8125
127.0
125.5625
122.8125
118.5625
111.5
103.25
98.25
96.8125
96.25
96.125
95.4375
93.875
92.125
90.3125
88.375
86.9375
85.375
83.8125
82.5
80.9375
79.625
78.6875
77.6875
77.125
76.875
76.3125
75.875
75.375
74.8125
74.0625
72.875
71.9375
72.0
75.1875
84.9375
99.0
110.6875
118.75
123.6875
125.4375
127.125
128.8125
130.1875
131.5625
131.5625
130.8125
129.375
126.5625
122.4375
115.4375
107.25
101.875
99.6875
99.375
99.0
98.0
96.5625
94.3125
92.25
90.4375
88.75
87.3125
85.625
84.1875
82.9375
81.5
80.25
78.75
77.75
77.1875
76.625
76.1875
75.1875
74.4375
73.75
72.6875
71.75
71.1875
73.75
82.4375
95.6875
108.0
116.375
121.6875
124.0
125.0625
126.75
127.8125
128.875
129.4375
128.6875
127.0625
124.3125
120.1875
113.375
105.0
99.25
96.9375
96.4375
96.375
95.5625
94.3125
92.25
90.0625
88.5
86.625
84.9375
83.3125
81.5
80.3125
79.0625
77.875
76.9375
75.9375
75.5625
75.1875
74.375
73.9375
73.1875
72.25
71.25
70.1875
70.3125
73.25
82.4375
96.0625
107.6875
115.875
120.375
122.25
123.625
125.0625
126.5
126.8125
126.5625
125.75
123.8125
121.0625
115.875
108.0625
100.6875
96.6875
95.875
95.4375
94.9375
94.4375
92.9375
90.9375
88.5625
86.75
85.375
83.8125
82.3125
80.4375
79.0625
77.9375
76.75
75.8125
75.0
74.875
74.625
74.0
73.3125
72.625
72.0
70.875
69.875
69.9375
73.625
83.8125
97.375
108.8125
116.1875
120.3125
122.1875
123.5
125.25
126.375
127.25
127.6875
126.625
124.6875
121.6875
116.875
109.5
101.4375
97.25
96.0625
95.9375
95.6875
94.625
93.125
91.0
89.0
87.3125
85.75
84.1875
82.1875
80.8125
79.625
78.375
77.3125
76.25
76.0
75.6875
74.875
74.25
73.6875
73.125
72.0
70.75
70.6875
72.6875
80.25
93.6875
106.5625
115.5
120.6875
123.3125
125.0625
126.75
128.125
129.0
129.75
129.3125
127.9375
125.6875
121.5
115.1875
107.0625
101.1875
98.875
98.1875
98.1875
97.4375
96.1875
94.375
92.0625
90.3125
88.75
87.3125
85.4375
83.875
82.8125
81.4375
80.25
79.25
78.6875
78.5
77.8125
77.1875
76.4375
75.75
74.8125
73.9375
73.625
75.9375
84.8125
98.4375
110.8125
119.25
124.375
126.5625
128.25
130.1875
131.5625
133.0
133.4375
132.8125
131.1875
129.0
125.625
119.125
110.625
103.75
100.9375
100.0
99.375
98.5625
97.1875
95.3125
93.0
91.0
88.8125
87.0
85.5
83.8125
82.375
80.8125
79.375
78.75
78.0625
77.625
76.8125
75.8125
75.3125
74.8125
73.6875
72.1875
71.75
73.5
80.0
92.125
105.125
115.375
121.875
124.5625
125.3125
126.75
128.625
129.875
130.1875
129.375
128.3125
126.5
122.75
115.9375
107.25
101.0
98.375
97.625
97.0
96.625
95.5625
93.5625
91.4375
89.25
87.625
86.0
84.5
82.8125
81.0625
79.875
78.75
77.875
76.8125
76.3125
76.0
75.5
74.6875
73.8125
73.25
72.4375
71.4375
71.0625
74.1875
83.6875
97.6875
109.3125
117.0
121.9375
123.6875
124.75
126.3125
128.125
129.1875
129.0625
128.0625
126.1875
123.6875
118.875
111.125
102.875
98.25
97.3125
97.0625
96.75
95.6875
93.9375
92.25
90.1875
88.4375
86.4375
84.75
83.4375
81.9375
80.5
78.8125
77.6875
77.0
76.4375
76.0
75.3125
74.875
74.3125
73.875
73.0
71.9375
70.875
70.5
72.5625
80.1875
93.625
106.5
115.5625
121.0
123.3125
124.5625
126.5625
128.375
129.5625
129.9375
129.375
128.0
125.875
122.1875
115.625
107.0
100.5625
98.25
97.75
97.375
96.6875
95.3125
93.25
91.1875
89.1875
87.4375
85.875
84.375
82.875
81.375
80.0625
79.0
78.1875
77.625
77.125
76.6875
76.1875
75.75
75.3125
74.4375
73.3125
72.25
72.375
75.5625
84.75
98.5625
110.6875
119.0625
123.9375
125.875
127.5
129.375
131.1875
132.5
132.6875
132.0625
130.8125
128.5
124.25
117.1875
108.625
102.5625
100.5
100.0625
99.6875
99.0
97.5625
95.5625
93.5
91.5
89.75
88.1875
86.6875
85.125
83.5625
82.0625
80.8125
79.875
79.25
78.8125
78.5
78.0
77.375
76.6875
75.875
74.75
73.8125
73.625
76.75
86.0625
99.5
111.1875
119.1875
123.9375
126.1875
127.875
130.0
131.5
132.5
132.8125
132.0
130.5625
128.375
124.1875
117.1875
108.4375
101.8125
99.3125
98.75
98.4375
97.875
96.5
94.4375
92.1875
90.1875
88.25
86.5625
84.875
83.375
81.8125
80.375
79.0625
78.0
77.25
76.75
76.375
75.75
75.125
74.5
73.875
72.8125
71.6875
71.0
72.0
77.625
89.625
103.1875
113.375
120.0
123.0
124.1875
125.6875
127.375
128.8125
129.25
128.875
127.8125
126.0
122.75
116.6875
108.3125
101.0625
97.875
97.125
96.875
96.375
95.25
93.375
91.3125
89.375
87.5625
85.875
84.25
82.6875
81.125
79.625
78.375
77.25
76.4375
75.875
75.5
75.0
74.375
73.875
73.5
72.75
71.625
70.4375
70.0625
72.1875
79.75
93.0625
105.75
114.625
120.1875
122.5
123.625
125.5
127.3125
128.5625
128.875
128.125
126.875
124.75
120.9375
114.1875
105.5625
99.4375
97.3125
96.875
96.5
95.9375
94.5
92.625
90.5625
88.5625
86.875
85.375
83.75
82.125
80.6875
79.3125
78.125
77.125
76.375
75.9375
75.5
74.875
74.4375
74.0625
73.3125
72.125
70.875
70.1875
71.75
78.4375
91.125
104.0625
113.5
119.625
122.3125
123.8125
125.6875
127.375
128.6875
129.3125
128.875
127.75
125.9375
122.5625
116.75
108.5
101.25
98.1875
97.625
97.3125
96.8125
95.75
94.0625
92.125
90.3125
88.5625
87.0
85.625
84.0625
82.5
80.875
79.6875
78.8125
78.125
77.625
77.1875
76.8125
76.375
75.9375
75.1875
74.0
73.0
72.375
73.8125
80.3125
92.875
106.1875
116.0
122.25
125.1875
126.6875
128.4375
130.25
131.6875
132.4375
132.3125
131.1875
129.4375
126.625
121.5
113.3125
105.3125
101.4375
100.4375
99.9375
99.3125
98.125
96.25
94.1875
92.3125
90.5
88.625
86.8125
85.125
83.5
81.75
80.125
79.0625
78.4375
77.75
77.1875
76.5625
75.8125
74.875
74.0
73.0
72.0625
71.5
73.375
80.75
93.625
106.5
115.8125
121.5
123.9375
125.375
126.8125
127.9375
129.0
129.5625
128.875
127.625
125.625
121.8125
115.3125
106.875
100.125
97.375
96.8125
96.5625
95.9375
94.6875
92.9375
90.75
88.5625
86.875
85.3125
83.625
82.0
80.625
79.1875
77.75
76.625
76.0
75.5625
75.0625
74.375
73.875
73.5
72.875
71.875
70.75
69.75
70.1875
74.375
84.875
98.625
109.5
116.875
120.875
122.3125
123.5625
125.0625
126.0625
126.6875
126.6875
125.875
124.0
120.625
114.9375
106.8125
99.375
96.1875
95.6875
95.4375
94.9375
93.9375
92.25
90.3125
88.3125
86.375
84.625
83.1875
81.625
80.1875
78.6875
77.3125
76.25
75.5
75.0
74.5
74.0625
73.5
73.0
72.5625
71.75
70.5625
69.5
69.4375
72.25
81.125
94.625
106.375
114.8125
119.75
121.5625
122.9375
124.875
126.375
127.0625
127.125
126.1875
124.625
122.0625
117.5625
110.3125
102.375
97.5625
96.125
95.6875
95.25
94.4375
92.9375
91.125
89.1875
87.3125
85.625
84.125
82.5
80.8125
79.375
78.0625
76.875
76.125
75.5625
75.0
74.375
73.8125
73.5
73.0
72.125
71.0625
70.3125
71.1875
76.1875
87.4375
100.9375
111.375
118.5
122.375
123.875
125.25
126.875
128.1875
128.8125
128.5625
127.5625
125.8125
122.8125
117.5625
109.5
101.3125
97.4375
96.9375
96.9375
96.8125
96.125
94.4375
92.375
90.375
88.5625
86.875
85.4375
83.875
82.375
80.875
79.5625
78.5625
77.8125
77.375
76.9375
76.3125
75.75
75.1875
74.25
73.3125
72.5625
72.8125
76.9375
87.25
100.8125
112.0
119.6875
124.0
125.75
127.0625
128.9375
130.5
131.25
131.1875
130.1875
128.125
125.1875
120.3125
112.8125
104.75
99.75
98.125
97.625
97.0
96.125
94.4375
92.3125
90.1875
88.125
86.375
84.5625
83.0
81.4375
80.0625
78.9375
77.8125
77.0
76.25
75.5
74.8125
74.0625
73.4375
72.625
71.625
70.6875
70.875
74.375
83.9375
97.625
109.125
116.875
121.3125
123.0
124.0625
125.3125
126.3125
126.875
126.8125
125.8125
124.0625
121.25
116.1875
108.5
100.875
96.6875
95.5625
95.25
94.8125
94.0
92.4375
90.4375
88.5
86.5625
84.75
83.1875
81.625
80.1875
78.75
77.375
76.375
75.625
75.0625
74.5625
73.875
73.25
72.8125
72.0
70.875
69.8125
69.6875
72.375
81.0625
94.75
106.875
115.125
119.9375
121.75
122.625
124.0
125.375
126.1875
126.1875
125.3125
123.6875
120.75
115.875
108.5625
100.75
96.4375
95.25
94.8125
94.5625
93.8125
92.3125
90.4375
88.375
86.5
84.875
83.3125
81.8125
80.25
78.6875
77.4375
76.1875
75.4375
74.9375
74.375
73.8125
73.1875
72.8125
72.3125
71.375
70.125
69.3125
70.125
75.0
86.1875
99.75
110.4375
117.5625
121.1875
122.375
123.5625
125.375
126.625
127.0625
126.6875
125.375
123.5
120.5
114.9375
106.8125
99.5
96.125
95.5
95.25
94.6875
93.625
91.9375
90.1875
88.3125
86.5
85.0625
83.5625
82.25
80.75
79.125
77.9375
76.875
76.1875
75.9375
75.4375
74.9375
74.5
74.1875
73.5625
72.5625
71.25
70.8125
73.125
80.75
94.125
106.875
116.0
121.8125
124.125
125.1875
126.9375
128.5
129.75
130.0
129.375
128.125
125.9375
122.25
115.8125
107.25
100.875
98.5
97.8125
97.625
97.0625
95.875
94.0
91.875
90.0
88.3125
86.75
85.125
83.6875
82.4375
80.875
79.5
78.5
77.875
77.375
76.8125
76.3125
75.875
75.1875
74.3125
73.1875
72.375
71.875
74.1875
82.75
96.1875
108.5625
117.25
122.375
124.125
125.25
126.8125
128.5
129.4375
129.5
129.0625
127.625
125.0
120.8125
114.25
106.0
99.5
96.875
96.5
96.125
95.1875
93.6875
92.125
90.25
88.25
86.125
84.625
83.25
81.6875
80.0625
78.5625
77.375
76.5
75.875
75.375
74.6875
74.0
73.25
72.75
72.3125
71.125
69.875
69.75
72.1875
80.1875
93.5625
106.125
114.625
119.75
121.9375
122.875
124.1875
125.625
126.5
126.25
125.0625
123.75
121.1875
116.6875
109.5
101.5
96.625
95.375
95.125
94.4375
93.75
92.4375
90.5625
88.5
86.8125
85.0625
83.4375
81.8125
80.4375
79.0
77.625
76.5625
75.5625
74.9375
74.4375
74.0625
73.3125
72.625
72.125
71.4375
70.25
69.1875
69.5625
73.375
83.625
97.6875
109.0
116.375
120.4375
121.875
123.0
124.375
125.5625
126.125
125.9375
124.875
123.1875
120.3125
114.875
107.0
99.75
96.1875
95.125
94.875
94.4375
93.4375
91.8125
90.125
88.25
86.375
84.6875
83.0
81.5
80.1875
78.625
77.3125
76.5
75.9375
75.1875
74.4375
73.75
73.25
72.625
71.8125
70.625
69.625
69.625
73.1875
82.875
96.5
107.9375
115.9375
120.5
122.125
123.25
124.875
125.9375
126.6875
126.625
125.625
123.9375
121.625
117.125
109.9375
101.875
97.375
96.0625
95.75
95.3125
94.5625
93.1875
91.5625
89.9375
88.0625
86.375
84.75
83.3125
81.875
80.4375
79.0625
78.0
77.25
76.75
76.1875
75.625
75.0
74.625
73.8125
72.75
71.75
71.875
75.5
85.5
99.3125
110.875
118.8125
123.375
125.3125
126.5625
128.125
129.5
130.3125
130.4375
129.4375
127.75
125.25
121.0
113.875
105.625
100.1875
98.4375
97.9375
97.5625
96.8125
95.375
93.4375
91.4375
89.5625
87.8125
86.0625
84.375
82.5
80.6875
79.3125
78.1875
77.3125
76.6875
76.125
75.375
74.5
73.6875
72.875
71.8125
70.8125
70.375
72.625
80.5625
93.8125
106.4375
115.5
120.9375
122.875
123.625
125.125
126.5
127.3125
127.625
126.875
125.4375
123.1875
119.1875
112.3125
103.9375
98.0625
95.75
95.0625
94.6875
94.0625
92.875
91.375
89.75
88.125
86.5
84.875
83.25
81.75
80.3125
78.6875
77.4375
77.9375
82.75
93.75
106.125
115.1875
120.5625
122.625
123.0
123.4375
124.0
123.9375
123.125
121.5625
118.6875
114.0
106.5
97.9375
92.75
91.5
91.5
91.75
91.5625
90.5625
89.0625
87.25
85.4375
83.6875
82.0625
80.5
79.0
77.375
75.8125
74.625
73.4375
72.375
71.5
70.875
70.4375
70.0
69.5
68.9375
68.4375
67.875
67.375
66.6875
66.25
66.0625
65.75
65.125
64.625
64.4375
64.125
63.25
62.25
61.875
64.5625
74.375
89.3125
102.6875
112.8125
118.8125
121.25
122.625
123.875
125.25
126.1875
126.0
124.6875
122.6875
119.6875
115.0625
107.9375
100.25
95.875
94.8125
94.5625
94.125
93.4375
92.0625
89.875
87.625
85.875
84.5
83.0
81.3125
79.75
78.25
77.0
75.9375
74.875
73.9375
73.375
73.25
72.875
72.125
71.5625
71.4375
70.75
69.4375
68.5
68.6875
71.3125
79.4375
92.875
104.6875
112.9375
117.9375
119.9375
120.875
122.125
123.25
124.0625
124.25
123.6875
121.75
118.8125
114.1875
107.125
99.6875
95.625
94.625
94.25
93.9375
93.1875
91.9375
90.25
88.375
86.6875
85.25
83.6875
82.125
80.5625
79.25
78.0
76.875
76.0
75.5
75.125
74.5
74.0
73.375
72.5625
71.5625
70.75
70.625
73.5
82.375
95.8125
107.8125
116.0625
121.0
122.75
123.375
124.5625
126.25
127.125
127.0
126.125
124.5
121.625
116.75
109.6875
101.875
96.8125
95.0625
94.5625
94.0
93.125
91.75
89.75
87.75
85.8125
84.0
82.1875
80.6875
79.3125
78.0625
76.6875
75.5625
74.8125
74.1875
73.1875
72.4375
71.875
71.0
70.1875
69.375
68.375
68.375
71.3125
80.0625
93.125
104.5
112.6875
117.625
118.9375
119.5625
120.8125
121.75
122.125
121.625
120.5
118.6875
115.875
110.9375
103.1875
96.0
92.375
91.5625
91.375
91.1875
90.625
89.125
87.25
85.4375
83.8125
81.875
80.25
78.875
77.3125
75.75
74.5625
73.5625
72.8125
72.375
71.8125
70.9375
70.25
69.9375
69.375
68.25
67.125
67.0625
69.75
78.4375
91.9375
103.6875
111.75
116.5
118.0625
118.75
119.8125
120.75
121.0625
120.8125
119.75
117.625
114.4375
109.5
102.3125
95.6875
92.4375
91.5
91.3125
90.9375
89.875
88.5
87.0625
85.125
83.25
81.75
80.1875
78.375
77.0
75.6875
74.1875
73.3125
72.6875
72.25
71.6875
70.75
70.3125
70.0
69.125
68.125
67.25
67.0
69.5
78.0
91.375
103.0
111.25
116.5
118.125
118.75
120.0
121.0
121.4375
121.125
120.125
118.5
115.375
110.625
103.875
96.625
92.625
91.5625
91.375
90.9375
90.125
88.75
87.125
85.4375
83.6875
82.0625
80.625
79.1875
77.6875
76.25
75.25
74.0
73.125
72.8125
72.375
71.625
71.4375
71.1875
70.4375
69.6875
68.6875
67.8125
69.125
75.0625
87.0625
100.4375
110.125
116.5625
119.6875
120.375
121.3125
123.125
124.0
124.0
123.5
122.125
119.6875
116.25
110.4375
102.75
96.875
94.375
93.9375
93.8125
93.125
92.125
90.6875
88.6875
86.9375
85.375
83.5625
82.0
80.6875
79.0
77.75
76.625
75.4375
74.75
74.375
73.6875
73.3125
72.75
71.875
71.25
70.5
69.4375
69.625
73.0
82.375
95.4375
106.3125
114.125
118.9375
120.5
121.3125
122.375
123.0625
123.625
123.5625
122.3125
119.9375
117.1875
112.5625
105.375
97.9375
93.5625
92.5
92.3125
92.0
91.375
90.1875
88.25
86.0
84.125
82.3125
80.6875
79.4375
78.0
76.375
75.3125
74.0
73.0
72.625
72.0625
71.25
70.75
70.0625
69.375
68.6875
67.875
66.9375
67.875
73.3125
84.5625
97.75
107.9375
114.25
117.3125
118.0625
118.8125
119.8125
120.4375
120.375
119.8125
118.3125
115.8125
111.9375
105.3125
97.9375
93.25
91.5
91.0
90.5
89.75
89.0
87.5
85.625
83.9375
81.9375
80.375
79.125
77.4375
75.9375
74.75
73.375
72.3125
71.9375
71.375
70.75
70.375
69.8125
69.25
68.9375
67.9375
66.625
66.125
67.5625
73.0625
84.9375
98.0
107.5625
113.9375
117.0625
117.625
118.4375
119.5625
120.1875
120.3125
119.6875
118.0
115.375
111.8125
105.5625
97.75
92.875
91.25
91.0
90.875
90.125
89.0625
87.75
85.75
83.8125
82.25
80.5625
79.0
77.6875
75.9375
74.625
73.625
72.5625
71.875
71.5625
70.875
70.375
69.875
69.3125
68.875
67.625
66.4375
66.625
69.5625
78.375
91.5625
102.875
111.25
116.125
117.5625
118.375
119.5625
120.5
121.25
120.8125
119.5
117.9375
115.0625
110.4375
103.75
96.8125
93.0
92.0
91.5
91.4375
90.875
89.5
87.9375
86.125
84.375
83.0
81.5
80.0625
78.375
76.9375
75.9375
74.75
73.875
73.25
72.6875
72.5625
72.1875
71.6875
71.0625
70.3125
69.625
68.8125
68.6875
73.125
83.875
97.3125
108.3125
115.375
119.5
120.8125
121.75
122.75
123.75
124.75
124.6875
123.375
121.0625
118.1875
113.375
105.9375
98.9375
95.375
94.6875
94.375
93.875
92.625
91.25
89.6875
87.875
86.0
84.0
82.6875
81.375
79.75
77.875
76.0
75.0
74.25
73.8125
73.0625
72.4375
71.9375
71.25
70.25
69.125
68.3125
67.9375
69.5625
76.125
88.5625
101.125
110.4375
116.25
118.3125
119.125
120.0
121.25
121.875
121.75
121.0625
119.5625
117.0625
112.5625
106.0
98.625
93.6875
92.0
91.3125
91.3125
90.8125
89.6875
87.8125
85.8125
84.1875
82.5
80.875
79.1875
77.625
76.375
75.25
74.0
72.75
72.1875
71.75
71.4375
70.625
69.8125
69.5625
69.0625
68.1875
66.75
66.5
69.3125
77.6875
90.8125
102.125
110.5625
115.75
117.3125
117.875
118.5
119.4375
119.8125
119.5625
118.125
116.0625
113.1875
107.75
100.4375
93.9375
91.125
90.6875
90.5625
90.1875
89.3125
88.25
86.3125
84.375
82.375
80.5625
79.3125
77.9375
76.625
75.0625
73.875
73.0
72.125
71.625
71.0625
70.4375
70.0
69.5
69.0625
68.0
67.0
66.375
67.5625
73.3125
84.8125
97.875
107.6875
114.0
116.75
117.4375
118.4375
119.375
120.1875
120.375
119.4375
118.0625
115.8125
112.0625
105.375
97.6875
92.8125
91.25
91.0
90.4375
90.1875
89.1875
87.625
85.625
83.875
82.5
80.8125
79.0625
77.3125
76.125
75.0
73.6875
72.75
72.0
71.75
71.125
70.5625
70.0
69.375
68.6875
67.6875
67.125
67.625
72.375
83.5
97.125
107.625
114.3125
118.125
119.375
120.0625
121.0625
122.1875
122.9375
122.375
121.125
118.9375
115.75
110.125
102.75
96.6875
93.875
93.3125
93.0
92.6875
91.375
90.0
88.5625
86.8125
84.9375
83.25
81.9375
80.3125
79.0
77.625
76.25
75.3125
74.6875
74.3125
73.5
73.0
72.8125
72.3125
71.375
70.375
69.8125
69.5
71.8125
79.625
92.75
105.375
114.125
119.5
121.125
121.875
123.3125
124.75
125.5625
125.375
125.0625
123.625
120.9375
116.5
109.75
101.9375
96.1875
94.3125
93.8125
93.4375
92.875
91.625
89.8125
87.5625
85.75
84.0
82.25
80.5
78.9375
77.8125
76.3125
75.125
74.1875
73.6875
73.0625
72.3125
71.6875
71.0625
70.5
69.625
68.5625
67.875
68.1875
72.0625
81.9375
95.25
106.625
114.125
117.875
118.8125
119.5
120.5625
121.25
121.5
121.25
120.1875
118.0
114.5625
108.8125
101.0625
95.125
92.625
92.0
91.5625
91.1875
90.375
88.875
87.0
85.0
83.3125
81.8125
80.3125
78.6875
77.125
75.75
74.6875
73.75
72.9375
72.25
71.75
71.3125
70.6875
70.125
69.5
68.6875
67.6875
66.9375
68.5
75.25
87.875
100.625
109.75
115.5
117.75
118.375
119.0
119.875
120.6875
120.8125
119.6875
117.875
115.25
110.875
104.0
96.8125
92.875
91.9375
91.8125
91.4375
90.6875
89.5
87.8125
85.8125
83.9375
82.3125
80.8125
79.1875
77.625
76.1875
74.9375
73.75
72.875
72.3125
71.9375
71.5
70.875
70.25
69.9375
69.3125
68.25
67.125
67.0
69.5625
77.625
90.6875
102.75
111.25
116.25
118.0625
119.1875
120.625
121.625
122.0
121.8125
121.0
119.3125
116.5625
112.0
105.0625
97.9375
93.9375
92.75
92.3125
91.875
91.1875
89.8125
88.0
86.125
84.25
82.625
81.25
79.8125
78.375
77.0625
75.875
74.8125
73.9375
73.5
73.125
72.625
72.1875
71.8125
71.4375
70.8125
69.75
68.6875
69.0625
72.9375
82.8125
96.375
107.6875
115.4375
119.6875
121.125
122.3125
123.625
124.375
124.9375
125.125
124.3125
122.375
119.375
114.4375
107.1875
100.25
96.6875
95.5625
95.125
94.9375
94.125
92.4375
90.375
88.375
86.8125
85.4375
83.8125
82.125
80.5
79.125
78.125
77.125
76.125
75.5
75.0625
74.6875
74.125
73.5
72.8125
71.9375
70.9375
70.375
71.6875
77.75
89.375
101.9375
111.75
118.1875
121.0
122.0
123.1875
124.4375
125.4375
125.8125
125.1875
123.75
121.5625
117.75
111.6875
104.0
97.6875
94.8125
93.8125
93.5625
93.4375
92.5625
90.8125
88.5
86.375
84.6875
83.125
81.4375
79.8125
78.375
77.1875
76.1875
75.125
74.125
73.4375
73.125
72.625
71.75
70.875
70.25
69.5625
68.6875
68.4375
71.0
79.6875
93.1875
105.0625
112.9375
117.375
119.3125
120.3125
121.1875
121.8125
122.375
122.375
121.25
119.1875
116.125
111.0625
103.75
96.875
93.4375
92.625
92.625
92.3125
91.1875
89.625
88.0
86.25
84.1875
82.3125
80.875
79.5625
77.875
76.375
75.3125
74.4375
73.5
72.875
72.5625
72.0625
71.25
70.5625
70.1875
69.5
68.3125
67.75
69.75
77.0
89.875
102.5625
111.4375
116.75
118.9375
119.75
120.875
121.8125
122.4375
122.625
121.625
119.625
117.0
112.75
105.9375
98.25
94.0
93.0
92.6875
92.1875
91.5
90.3125
88.5
86.5
84.75
83.25
81.5
79.875
78.5625
77.1875
75.625
74.5
73.9375
73.5
72.8125
72.125
71.5625
70.875
70.5625
70.0
68.75
67.625
68.25
72.5625
82.875
96.4375
107.6875
115.0625
118.625
119.8125
121.0
122.1875
122.9375
123.5
123.4375
122.1875
120.25
117.4375
112.4375
104.75
97.6875
94.625
93.9375
93.5
93.1875
92.5625
91.0
88.9375
87.375
85.875
84.1875
82.625
81.3125
79.875
78.3125
77.125
76.25
75.375
74.6875
74.3125
74.0625
73.5
72.875
72.375
71.5
70.3125
70.0
72.4375
80.0625
92.9375
105.6875
114.875
120.0625
122.25
123.375
124.5625
125.6875
126.8125
127.25
126.5
125.125
123.25
119.375
112.5
104.3125
99.0
97.0
96.25
95.9375
95.4375
94.125
92.1875
90.3125
88.3125
86.6875
85.125
83.3125
81.9375
80.8125
78.9375
77.0
76.0
75.4375
74.75
74.375
74.0
73.0
72.0625
71.6875
70.6875
69.25
68.9375
71.375
78.9375
91.5625
104.375
113.625
118.875
121.0
121.875
122.875
124.125
125.3125
125.3125
124.25
122.625
120.1875
116.0625
108.9375
100.6875
95.75
94.25
93.625
93.1875
92.8125
91.625
89.75
87.8125
85.9375
84.0625
82.4375
80.9375
79.5
78.25
76.75
75.375
74.3125
73.75
73.125
72.75
72.375
71.75
71.25
70.75
69.75
68.6875
68.0
68.5
73.3125
84.5
97.75
108.1875
115.125
118.375
119.375
120.5
121.625
122.3125
122.75
122.25
120.6875
118.4375
115.0
108.8125
100.8125
95.4375
93.5625
92.9375
92.625
92.3125
91.0625
89.25
87.5625
85.5625
83.625
82.1875
80.6875
78.9375
77.625
76.5
75.0625
73.875
73.25
72.625
72.125
72.0
71.625
70.9375
70.5
70.0625
68.875
67.75
67.25
68.5
74.4375
86.8125
100.0625
109.625
115.8125
118.5625
119.1875
120.3125
122.0
122.9375
123.0625
122.5
121.0625
118.75
115.125
108.875
100.875
95.5
93.875
93.25
92.8125
92.375
91.125
89.3125
87.6875
85.875
83.9375
82.4375
80.9375
79.3125
77.9375
76.75
75.375
74.3125
73.75
73.1875
72.75
72.4375
71.6875
71.125
70.9375
70.1875
68.9375
68.375
69.1875
74.0
85.375
98.9375
109.125
116.1875
119.8125
120.75
122.0625
123.625
124.75
125.375
125.25
123.8125
121.75
118.8125
113.25
105.5625
99.25
96.25
95.375
95.1875
94.75
93.625
92.25
90.5625
88.625
87.0
85.5
83.9375
82.6875
81.5625
80.375
80.375
83.75
89.1875
94.125
97.125
97.375
95.25
91.625
86.5
81.3125
77.8125
76.0625
75.5625
75.6875
76.0
76.125
76.125
75.6875
74.9375
74.5
73.875
72.875
72.25
71.5625
70.5625
69.625
68.625
67.25
66.1875
65.625
64.9375
64.3125
64.0625
63.5625
63.125
62.875
62.3125
61.75
61.5
61.0625
60.5625
60.3125
60.0
59.375
59.0
58.75
58.1875
57.875
57.625
57.1875
57.0625
57.0
56.5625
56.375
56.5
56.375
55.8125
55.5
57.0625
65.0625
79.25
92.5
103.25
110.75
113.8125
114.6875
114.9375
115.4375
116.125
115.9375
114.3125
111.9375
108.875
104.25
97.6875
92.0
89.875
89.875
89.875
89.6875
89.25
88.1875
86.375
84.3125
82.625
81.1875
79.5625
77.875
76.5625
75.3125
73.9375
72.6875
72.0
71.75
71.375
70.6875
70.125
69.75
69.25
68.4375
67.625
66.75
66.25
67.625
74.125
86.4375
98.5625
107.0
112.375
114.5625
114.875
115.1875
115.75
116.0625
115.625
114.125
112.0625
109.4375
104.625
97.4375
90.8125
88.0625
87.8125
87.5
87.4375
87.1875
86.0625
84.3125
82.5625
81.0625
79.5
77.8125
76.5
75.25
73.8125
72.3125
71.5
71.0
70.25
69.4375
68.8125
68.4375
67.75
67.0
66.125
65.25
65.5625
70.0625
80.8125
94.3125
104.9375
111.75
115.0625
115.6875
116.0625
117.25
117.625
117.3125
116.5
114.9375
112.75
109.375
103.875
96.8125
91.3125
89.125
88.5
88.0625
87.625
86.9375
85.8125
84.4375
82.8125
81.25
79.6875
78.375
77.1875
75.9375
74.4375
73.0625
72.375
71.875
71.1875
70.5625
70.0625
69.6875
69.0
67.9375
66.875
67.0
69.75
78.375
91.625
103.4375
111.625
116.3125
117.625
118.125
119.1875
119.875
120.125
119.875
118.625
116.9375
114.375
109.75
103.0625
96.5625
92.8125
91.75
91.625
91.25
90.6875
89.4375
87.75
86.3125
84.9375
83.3125
81.6875
80.125
78.6875
77.4375
76.25
75.4375
74.75
73.8125
73.0
72.25
71.625
71.0
70.125
69.375
69.25
71.5625
79.125
91.8125
103.9375
112.5625
117.5625
119.1875
119.8125
120.6875
121.4375
121.875
121.5625
120.6875
119.125
116.5
111.875
105.125
97.875
93.4375
91.9375
91.4375
91.25
90.8125
89.625
87.875
85.6875
83.9375
82.5
80.9375
79.4375
77.8125
76.4375
75.375
74.3125
73.5
72.875
72.0625
71.3125
70.5
69.75
69.0
68.125
67.5
68.3125
73.375
85.0625
98.5
108.3125
114.5625
117.375
118.1875
118.5
118.8125
119.3125
119.5625
118.75
117.125
114.625
110.75
104.5
97.0625
92.3125
90.6875
90.125
90.125
89.625
88.3125
86.875
85.3125
83.5
81.625
79.875
78.5625
77.125
75.75
74.625
73.5625
72.625
71.875
71.375
70.6875
69.9375
69.5
68.8125
67.6875
66.75
66.9375
70.0625
79.25
92.9375
104.5
112.25
116.5
117.625
118.0
119.125
119.9375
120.0625
119.75
118.5625
116.5625
113.4375
108.25
101.0625
94.375
91.3125
90.75
90.625
90.0625
89.125
88.125
86.4375
84.625
82.875
81.25
79.8125
78.25
76.625
75.4375
74.375
73.5625
72.6875
71.8125
71.375
70.8125
70.125
69.375
68.5625
67.5625
66.875
68.3125
74.6875
87.25
100.1875
109.4375
115.625
118.3125
119.0625
119.8125
120.6875
121.4375
121.5
120.4375
119.0
116.875
113.0
106.5
99.0
94.125
92.375
91.875
91.6875
91.0625
90.0
88.8125
87.125
85.125
83.5
82.25
81.0
79.4375
78.3125
77.0625
75.75
74.6875
74.0625
73.75
73.0625
72.3125
72.125
71.5
70.4375
69.5625
69.1875
71.125
78.875
92.25
105.125
113.9375
119.375
121.5625
122.0
123.3125
124.8125
125.6875
125.5
124.75
123.4375
120.8125
116.9375
110.6875
102.875
97.3125
95.4375
95.1875
94.75
94.0625
93.25
91.5625
89.3125
87.5
85.9375
84.1875
82.5625
81.375
79.9375
78.4375
77.4375
76.4375
75.125
74.4375
73.875
73.125
72.25
71.5
70.8125
70.0
69.1875
69.4375
74.5625
86.0
99.0
109.375
116.5
119.6875
120.5625
121.8125
123.25
123.875
124.25
123.6875
122.4375
120.625
117.0625
111.4375
103.9375
97.3125
94.0625
93.3125
93.1875
92.375
91.5
90.3125
88.125
86.25
84.5625
82.75
81.125
79.75
78.25
76.625
75.375
74.0625
73.1875
72.875
72.375
71.75
71.125
70.5
69.9375
69.4375
68.5
67.1875
67.5
71.75
81.875
95.5625
106.625
113.625
117.375
118.5
118.8125
119.875
120.875
121.125
120.75
119.3125
117.0
113.625
108.0
100.1875
94.0625
91.875
91.1875
91.0
90.75
89.875
88.625
86.6875
84.625
82.9375
81.4375
79.8125
78.25
76.9375
75.5625
74.3125
73.1875
72.625
72.0
71.3125
70.75
70.375
69.9375
69.25
68.4375
67.5625
66.4375
66.8125
70.8125
80.9375
94.1875
105.0625
112.4375
116.25
117.375
118.4375
119.5625
120.1875
120.5625
120.625
119.5
117.5
114.4375
109.1875
101.6875
95.1875
92.375
91.625
91.1875
90.75
90.125
88.6875
86.75
85.0
83.4375
81.6875
80.125
78.75
77.3125
75.875
74.4375
73.4375
72.75
72.0625
71.5625
71.3125
70.625
70.0625
69.6875
69.0
67.875
66.75
66.6875
69.1875
77.5
90.9375
103.25
111.5625
116.375
118.375
119.25
120.625
121.6875
122.4375
122.4375
121.75
120.3125
117.75
113.5
106.6875
98.9375
93.875
92.5625
92.75
92.6875
92.125
90.9375
89.4375
87.625
85.8125
84.0
82.5
81.0625
79.75
78.3125
77.0625
75.6875
74.8125
74.125
73.625
73.1875
72.9375
72.5
72.0
71.25
70.5
69.625
68.75
70.5
77.6875
90.3125
102.6875
111.9375
117.9375
120.375
121.0625
122.4375
124.0625
124.8125
125.0
124.5625
123.5625
121.125
117.5625
111.9375
104.0
97.5625
95.0
94.4375
93.8125
93.1875
92.125
90.4375
88.3125
86.375
84.6875
82.9375
81.1875
79.8125
78.4375
76.75
75.5
74.625
73.875
72.9375
72.5625
72.125
71.0625
70.375
70.0625
69.125
67.9375
67.5
69.1875
75.6875
87.9375
100.5625
109.5625
115.5625
118.1875
118.75
119.4375
120.3125
121.1875
121.25
120.6875
119.3125
116.75
112.75
106.3125
98.875
94.125
92.1875
91.5
91.1875
90.625
89.5625
88.0625
86.25
84.1875
82.625
80.9375
79.375
77.9375
76.5625
75.125
73.75
72.8125
71.9375
71.375
71.25
70.6875
69.9375
69.625
69.25
68.3125
67.375
66.5625
65.75
67.5
74.6875
87.25
99.4375
108.4375
113.9375
116.1875
117.0625
117.875
119.25
120.125
119.875
118.875
117.5
114.9375
110.6875
104.25
97.0625
92.6875
91.3125
91.0625
90.875
90.125
88.75
87.375
85.5
83.5625
82.125
80.3125
78.75
77.5625
75.875
74.5
73.4375
72.625
71.625
71.0
70.8125
70.3125
69.625
69.3125
69.25
68.25
67.1875
66.1875
65.5625
67.25
74.0625
86.3125
98.8125
107.5625
113.25
115.9375
116.9375
117.75
119.1875
120.25
120.25
119.625
118.375
115.9375
112.125
105.8125
98.375
92.9375
91.0
90.9375
90.6875
90.0625
89.5
87.8125
85.8125
84.125
82.5
81.125
79.9375
78.3125
77.0
75.75
74.3125
73.375
72.875
72.125
71.875
71.6875
71.0625
70.75
70.5625
69.625
68.4375
67.625
67.75
71.4375
80.9375
94.125
105.4375
113.125
117.3125
118.9375
119.625
121.0625
122.6875
123.3125
123.0625
122.1875
120.1875
117.5625
113.3125
106.25
99.125
95.125
94.125
93.9375
93.4375
92.8125
91.625
89.5
87.75
86.125
84.4375
82.9375
81.4375
80.0
78.8125
77.4375
76.125
75.25
74.25
73.8125
73.6875
73.125
72.4375
72.0
71.125
70.5
69.125
68.0625
68.9375
74.9375
87.0
99.875
109.25
115.1875
118.125
119.25
120.375
121.625
122.375
122.875
122.375
121.0
119.125
115.4375
109.875
102.3125
96.0
93.3125
92.25
92.0
91.9375
90.8125
89.3125
87.0625
85.3125
83.75
82.0625
80.5
78.6875
77.375
76.125
74.8125
73.75
72.5625
71.9375
71.625
70.9375
70.4375
70.125
69.375
68.875
68.3125
67.1875
66.3125
66.875
71.875
82.875
95.625
105.8125
112.5625
115.625
116.8125
117.5
118.4375
119.125
119.5
119.1875
117.6875
115.5625
111.75
105.75
98.6875
93.4375
91.5
90.8125
90.4375
90.4375
89.3125
87.75
86.125
83.875
82.25
80.75
79.3125
77.875
76.125
74.9375
74.0
72.75
71.8125
70.9375
70.4375
70.375
70.0625
69.4375
68.5625
68.5625
68.0
66.9375
65.6875
65.0625
67.9375
76.3125
89.0
100.25
108.625
114.0625
116.125
116.9375
117.5625
118.5
119.625
119.625
118.5625
116.4375
114.0
109.75
103.0
95.8125
91.9375
91.3125
91.0
90.6875
89.9375
88.375
86.9375
85.0625
83.25
81.375
79.9375
78.75
77.25
75.625
74.125
73.4375
72.3125
71.4375
70.625
70.25
70.1875
69.9375
69.4375
68.5625
68.1875
67.6875
66.8125
65.5
65.25
69.3125
79.5
92.5625
103.1875
110.375
114.8125
116.3125
117.5625
118.6875
119.75
120.75
120.6875
119.5625
117.4375
114.9375
110.5625
103.5625
96.75
93.125
92.5625
92.375
92.0
91.125
89.75
88.5
86.75
84.9375
83.0625
81.75
80.4375
79.0625
77.6875
76.25
75.1875
74.25
73.5625
72.875
72.5
72.5
72.0625
71.5625
71.0
69.9375
69.25
68.375
68.375
71.875
81.1875
94.4375
105.75
113.375
117.625
118.8125
119.75
121.3125
122.75
123.75
123.3125
122.625
121.3125
118.6875
114.5
107.5625
100.5
96.375
94.75
94.0
93.0625
92.0
90.9375
89.25
87.375
85.375
83.5
82.125
80.5
79.0625
77.4375
75.9375
74.9375
73.875
73.125
72.1875
71.75
71.5625
71.0625
70.3125
69.25
68.625
67.75
67.0625
68.0
73.5625
85.375
98.0
107.625
113.5625
116.3125
117.25
118.125
119.375
119.875
120.1875
119.6875
118.375
116.0625
112.25
106.4375
99.0625
93.875
91.6875
91.0625
91.0
90.625
89.375
87.6875
86.125
84.4375
82.75
80.9375
79.375
78.0625
76.6875
75.125
73.8125
72.875
72.0
71.375
70.6875
70.4375
70.125
69.6875
68.875
68.3125
67.75
66.8125
65.9375
66.4375
71.3125
82.375
95.375
105.0625
111.75
115.375
116.375
117.0625
117.9375
118.875
119.375
118.75
117.1875
115.25
111.9375
106.1875
98.6875
93.25
91.5
91.125
90.9375
90.3125
89.25
87.875
86.0
84.3125
82.375
80.75
79.4375
77.9375
76.5625
74.875
73.8125
72.9375
72.0625
71.3125
70.625
70.5625
70.25
69.6875
69.0625
68.5625
68.125
67.0
65.9375
65.6875
68.9375
78.25
91.25
102.4375
110.0625
114.75
116.4375
117.25
118.375
119.3125
120.125
120.1875
119.3125
117.4375
114.875
110.4375
103.3125
95.9375
92.125
91.25
90.9375
90.875
90.1875
89.0
87.375
85.5
83.8125
82.0
80.5625
79.1875
77.9375
76.5
75.1875
74.125
73.25
72.625
72.0625
71.75
71.625
71.3125
70.8125
70.375
69.75
68.75
67.625
67.625
70.8125
79.625
92.625
104.3125
112.5625
117.1875
118.75
119.6875
120.9375
122.25
123.25
123.5
122.625
121.0
118.5
114.3125
107.5625
100.5
96.3125
94.875
94.3125
93.875
93.25
91.8125
90.125
88.375
86.6875
84.9375
83.5
82.1875
80.8125
79.3125
77.9375
76.875
75.75
74.8125
74.375
74.0625
73.6875
73.1875
72.625
72.0
71.125
70.1875
69.125
68.625
71.5
80.875
94.0
105.1875
113.0625
117.5625
119.0625
119.75
121.125
122.5625
123.375
123.5625
123.0
121.375
118.6875
114.375
107.5625
99.8125
95.0
93.6875
93.6875
93.5
92.75
91.4375
89.5
87.375
85.625
84.3125
83.0
81.25
80.5
82.625
89.9375
100.75
109.5625
114.6875
116.375
116.0
115.25
114.6875
113.8125
111.75
107.375
100.375
92.6875
87.75
86.0
85.875
86.5
86.9375
86.625
85.6875
84.25
82.75
81.25
79.75
78.25
76.75
75.375
74.125
72.875
71.5
70.375
69.4375
68.6875
68.0625
67.5625
67.25
67.0
66.625
66.0
65.5
65.0
64.5625
64.0
63.375
62.9375
62.6875
62.375
62.0
61.625
61.25
60.9375
60.5
59.75
59.3125
62.375
73.3125
88.5625
101.5
111.0625
116.6875
118.8125
119.625
120.3125
121.125
121.8125
121.625
120.1875
117.8125
114.4375
109.0625
101.9375
95.75
93.125
92.875
92.6875
92.25
91.375
89.875
87.9375
85.9375
84.125
82.625
81.125
79.5625
78.125
76.875
75.6875
74.4375
73.5
72.8125
72.25
71.75
71.375
71.0
70.5625
70.0
69.375
68.5625
67.5
66.4375
67.0625
71.75
82.625
95.75
105.9375
112.8125
116.125
116.8125
117.5625
118.625
119.375
119.875
119.6875
118.625
116.5625
113.125
107.4375
100.0
94.4375
92.25
91.75
91.5625
91.3125
90.4375
89.0625
87.375
85.6875
84.0625
82.5625
81.125
79.6875
78.25
76.875
75.6875
74.6875
73.9375
73.3125
73.0
72.6875
72.25
71.75
71.1875
70.4375
69.5625
68.625
68.8125
72.875
83.3125
96.8125
107.875
115.3125
119.1875
120.4375
121.25
122.4375
123.625
124.3125
123.9375
122.9375
121.25
118.625
114.0625
107.0625
100.0
96.125
94.9375
94.5
94.0625
93.25
91.8125
90.0625
88.1875
86.25
84.5
82.625
80.8125
79.1875
77.8125
76.5625
75.375
74.3125
73.5625
73.0625
72.625
72.125
71.375
70.5625
69.8125
69.0
68.0625
67.375
68.6875
75.0
87.0625
99.875
109.375
115.1875
117.5
118.0625
118.875
120.0625
120.9375
121.375
120.8125
119.4375
117.3125
113.5625
107.1875
99.75
94.5625
92.5625
91.9375
91.6875
91.25
90.125
88.5
86.625
84.875
83.125
81.4375
79.9375
78.5
77.0625
75.8125
74.5625
73.4375
72.6875
72.1875
71.6875
71.3125
70.6875
70.125
69.625
68.9375
68.0
66.9375
66.6875
69.25
77.4375
90.5625
102.375
110.5
115.3125
116.875
117.5625
118.625
119.5
120.0
119.8125
118.8125
117.0
114.3125
109.5
102.375
95.75
92.375
91.5
91.25
91.0
90.3125
89.0
87.25
85.4375
83.8125
82.25
80.6875
79.1875
77.8125
76.4375
75.125
73.9375
73.0
72.375
71.8125
71.3125
70.9375
70.4375
69.875
69.375
68.625
67.5
66.5
66.5625
70.125
79.75
93.0625
104.125
111.75
115.875
117.3125
118.1875
119.4375
120.375
120.8125
120.8125
119.8125
117.9375
115.0
110.0
102.6875
96.0
92.6875
91.875
91.625
91.3125
90.5625
89.1875
87.5625
85.6875
83.875
82.3125
80.8125
79.4375
78.0625
76.625
75.3125
74.0625
73.1875
72.5
72.0625
71.6875
71.3125
70.9375
70.5
70.0625
69.1875
68.125
67.625
69.125
75.75
88.1875
100.9375
110.1875
116.1875
118.875
119.8125
121.0
122.0625
122.875
123.3125
122.9375
121.375
119.125
115.75
109.8125
102.375
96.6875
94.625
94.1875
93.875
93.4375
92.3125
90.8125
89.0625
87.3125
85.5625
83.875
82.5
81.125
79.5625
78.0625
76.9375
76.0625
75.25
74.5
74.125
73.875
73.5
72.875
72.1875
71.5
70.5625
69.625
69.875
73.875
84.1875
97.3125
108.125
115.6875
119.8125
121.0
121.6875
123.0
124.25
124.6875
124.75
124.125
122.5
119.625
115.125
108.25
100.75
96.125
94.625
94.0625
93.625
92.9375
91.625
89.75
87.625
85.6875
84.125
82.5625
80.9375
79.5
78.1875
76.6875
75.5625
74.75
74.0625
73.375
72.9375
72.4375
71.625
70.9375
70.375
69.5
68.375
67.9375
70.0
77.0
89.3125
101.6875
110.625
116.0
118.0625
118.8125
119.75
120.875
121.8125
122.125
121.4375
119.6875
117.25
113.125
106.375
98.875
94.1875
92.625
92.375
92.375
91.875
90.375
88.625
87.0
85.1875
83.1875
81.5625
80.1875
78.9375
77.375
75.9375
74.8125
74.0
73.1875
72.5625
72.25
71.8125
71.1875
70.625
70.125
69.4375
68.3125
67.25
67.625
71.5625
81.75
95.0625
105.875
113.25
117.0625
118.125
118.8125
120.125
121.25
121.625
121.3125
120.375
118.6875
115.625
110.25
102.625
95.9375
92.8125
92.125
92.0
91.8125
91.0
89.5625
87.75
85.9375
84.125
82.375
80.875
79.4375
78.0
76.6875
75.4375
74.25
73.3125
72.5625
72.125
71.8125
71.375
70.8125
70.3125
69.9375
69.1875
68.125
66.9375
66.875
70.125
79.375
92.625
104.0625
112.0
116.5625
118.25
119.125
120.4375
121.5625
122.3125
122.375
121.5625
119.8125
117.125
112.625
105.6875
98.375
94.25
93.125
92.8125
92.5625
91.9375
90.8125
89.25
87.5
85.875
84.3125
82.8125
81.375
80.0
78.6875
77.4375
76.25
75.3125
74.5625
74.0625
73.6875
73.25
72.875
72.4375
71.9375
71.0
69.9375
69.125
69.9375
74.9375
86.125
99.375
109.75
116.625
120.0625
121.0625
122.1875
123.75
125.0
125.6875
125.5
124.5625
122.8125
120.0
115.0625
107.625
100.5
96.875
95.9375
95.5625
95.25
94.375
92.8125
91.0
89.1875
87.4375
85.75
84.1875
82.75
81.375
80.0
78.6875
77.375
76.0625
75.125
74.5
74.0625
73.4375
72.8125
72.125
71.1875
70.125
69.25
69.5625
73.6875
83.875
97.0625
108.0
115.4375
119.125
120.3125
120.9375
122.25
123.75
124.375
124.0625
122.9375
121.25
118.5
113.625
106.1875
98.875
94.8125
93.5625
93.25
93.0
92.375
91.0
89.25
87.375
85.5625
83.8125
82.125
80.625
79.1875
77.8125
76.5
75.4375
74.5
73.8125
73.3125
72.6875
72.0
71.4375
70.8125
70.0625
69.0625
68.4375
69.6875
75.5625
87.5
100.375
109.8125
115.625
118.125
118.6875
119.5
120.75
121.5625
121.6875
121.125
119.6875
117.4375
113.625
107.25
99.6875
94.5
92.6875
92.375
92.1875
91.6875
90.625
88.9375
87.0625
85.25
83.5
81.875
80.375
78.9375
77.4375
76.0625
74.8125
73.8125
73.125
72.6875
72.25
71.6875
71.125
70.6875
70.125
69.1875
68.125
67.375
68.3125
73.625
85.125
98.25
108.1875
114.625
117.5625
118.375
119.25
120.625
121.75
122.1875
121.875
120.75
118.9375
115.6875
109.9375
101.875
95.4375
92.75
92.125
92.0
91.75
90.875
89.375
87.5
85.5625
83.6875
82.0625
80.5625
79.125
77.6875
76.375
75.125
74.0625
73.25
72.6875
72.25
71.75
71.1875
70.75
70.25
69.5
68.375
67.375
67.4375
70.5625
79.6875
93.0
104.5625
112.625
117.375
119.0625
119.8125
120.9375
122.125
123.0
123.3125
122.6875
121.1875
118.625
114.375
107.5
99.8125
95.3125
93.875
93.5625
93.3125
92.6875
91.5625
90.0
88.125
86.375
84.75
83.25
81.8125
80.375
78.9375
77.5625
76.3125
75.375
74.75
74.1875
73.8125
73.4375
72.875
72.3125
71.5625
70.5
69.5625
69.5625
72.6875
81.75
94.875
106.4375
114.625
119.25
120.875
121.6875
123.0625
124.5
125.375
125.375
124.4375
123.0625
121.0
117.0
110.1875
102.0
96.5625
94.75
94.125
93.625
92.9375
91.6875
90.0
88.0625
86.0
84.125
82.5
81.0
79.3125
77.6875
76.4375
75.375
74.375
73.5
72.9375
72.5
71.875
71.0625
70.375
69.75
68.8125
67.75
67.6875
70.625
79.0625
91.8125
103.375
111.5625
116.25
117.5625
118.125
119.1875
120.5
121.0625
120.9375
120.0625
118.375
115.4375
110.8125
103.9375
97.0
92.875
91.5
91.1875
91.0625
90.25
89.0
87.375
85.5625
83.5625
81.875
80.375
78.875
77.25
75.875
74.6875
73.5
72.4375
71.6875
71.1875
70.8125
70.1875
69.8125
69.375
68.75
67.9375
67.0
66.0
66.625
71.25
81.8125
94.75
105.125
112.25
115.5625
116.375
117.1875
118.1875
118.75
119.0
118.875
117.875
115.5625
112.25
106.6875
99.375
93.3125
90.8125
90.4375
90.0625
89.75
89.0625
87.6875
85.8125
83.875
82.25
80.625
78.9375
77.4375
76.125
74.8125
73.5
72.5
71.5
70.75
70.375
70.125
69.5
68.9375
68.5625
68.25
67.25
66.125
65.375
66.125
70.5625
81.3125
94.625
104.6875
111.1875
114.5625
115.5
116.125
117.125
118.375
119.0625
118.6875
117.4375
115.6875
112.5625
106.9375
99.4375
93.375
90.625
89.9375
89.6875
89.4375
88.6875
87.375
85.625
83.8125
82.125
80.5625
79.3125
77.875
76.5
75.1875
74.0
72.9375
72.0625
71.5
71.0
70.8125
70.4375
70.0625
69.625
69.0625
68.3125
67.3125
66.4375
67.3125
72.6875
84.125
97.0
106.8125
113.1875
116.5
117.625
118.4375
119.375
120.5
121.0625
120.625
119.25
117.1875
113.9375
108.6875
101.4375
95.5625
93.125
92.4375
91.9375
91.5625
90.75
89.25
87.5
85.875
84.125
82.4375
80.875
79.5625
78.1875
76.6875
75.5625
74.5625
73.6875
72.875
72.4375
72.25
71.6875
70.9375
70.3125
69.4375
68.125
67.0
66.8125
70.375
80.125
93.0
103.8125
111.25
115.0625
116.3125
116.8125
117.8125
118.625
119.125
119.375
118.5
116.8125
114.0
109.4375
102.3125
95.25
91.3125
90.0625
89.6875
89.375
88.625
87.5
85.9375
84.3125
82.5
80.6875
79.1875
77.625
76.0625
74.75
73.5625
72.3125
71.1875
70.3125
69.875
69.5
68.75
68.3125
67.9375
67.375
66.6875
65.75
64.8125
65.0
68.375
77.875
90.75
101.5
108.8125
112.625
113.75
114.25
114.875
115.5
115.875
115.3125
114.125
112.1875
108.8125
103.5
96.6875
91.1875
88.875
88.4375
88.1875
87.875
87.125
85.625
84.0
82.3125
80.4375
78.875
77.5
76.0625
74.625
73.25
72.0625
70.875
69.875
69.25
68.75
68.375
67.8125
67.5
67.125
66.625
66.0625
65.125
64.125
63.6875
66.25
74.5625
87.25
98.4375
106.5625
111.0
112.4375
113.0625
114.0
114.5625
114.875
115.0
114.0625
112.375
109.75
105.125
98.5
92.375
89.125
88.0
87.6875
87.625
87.0
85.8125
84.3125
82.625
81.0
79.125
77.6875
76.3125
74.8125
73.5625
72.25
70.875
70.0625
69.4375
68.875
68.5
68.125
67.5
67.0625
66.5625
65.6875
64.625
63.875
64.75
69.625
80.625
93.25
102.8125
109.25
112.6875
113.5625
114.0625
115.0
115.875
116.0625
115.8125
115.0
112.75
109.125
103.75
96.8125
91.5625
89.5
89.0625
88.875
88.6875
88.0625
86.625
84.75
83.25
81.625
80.3125
78.875
77.25
75.9375
74.8125
73.5625
72.5
71.75
70.875
70.5
70.3125
69.6875
69.1875
68.8125
68.0625
67.3125
66.5625
66.3125
69.25
78.25
91.125
102.25
110.125
114.4375
115.625
116.4375
117.5625
118.4375
118.6875
118.875
118.125
116.1875
113.625
109.5625
103.125
96.5625
92.5625
91.125
90.8125
90.4375
89.1875
87.875
86.3125
84.4375
82.625
81.0
79.3125
77.875
76.5625
74.9375
73.4375
72.4375
71.3125
70.375
70.0
69.4375
68.8125
68.375
67.5
67.0625
66.375
65.1875
64.6875
66.5625
73.0
84.5
96.5
105.375
110.625
113.125
113.8125
114.1875
114.8125
114.9375
114.8125
114.125
112.5625
109.9375
106.0
99.875
93.0
89.125
87.875
87.3125
87.3125
86.8125
85.75
84.625
82.625
80.875
79.5
77.875
76.375
74.9375
73.1875
72.0
71.0625
70.0625
69.375
68.6875
68.0
67.5
66.9375
66.625
66.3125
65.375
64.5
63.6875
63.8125
67.375
76.875
89.5
99.9375
107.1875
110.875
112.0
112.3125
112.625
113.25
113.5
112.875
111.9375
110.125
106.625
101.25
94.4375
89.375
87.625
87.0
86.625
86.625
85.875
84.4375
82.875
81.0
79.375
77.875
76.3125
75.0625
73.6875
72.0625
71.0
70.0
69.25
68.5625
67.875
67.625
67.25
66.5
66.125
65.5
64.625
63.8125
63.875
67.5625
76.75
89.25
100.25
107.5
111.125
111.75
111.8125
113.0625
113.8125
114.0625
113.8125
112.5
110.75
107.9375
102.8125
95.625
88.6875
86.1875
86.1875
86.3125
86.4375
85.75
84.6875
83.1875
81.4375
79.8125
77.6875
76.25
75.125
73.6875
72.375
71.0625
70.375
69.9375
69.25
68.875
68.25
67.6875
67.5
67.0625
66.4375
65.125
64.5625
66.0
71.3125
82.625
94.875
104.4375
110.9375
113.875
114.375
114.625
115.875
116.6875
117.0625
115.9375
114.5625
112.875
109.375
104.0
97.125
91.9375
90.25
89.6875
89.75
89.125
88.25
87.0
85.375
83.75
81.75
80.25
79.0
77.3125
75.9375
74.75
73.625
72.75
71.6875
71.25
70.75
70.375
70.0625
69.3125
68.5625
67.4375
67.0
66.75
68.625
75.875
88.0625
100.0625
108.5625
113.1875
114.5
114.625
115.8125
117.0625
117.6875
117.3125
116.375
115.25
112.75
108.75
102.125
95.0
90.8125
89.375
88.6875
88.3125
88.25
87.375
85.8125
83.875
81.875
80.25
78.6875
77.125
75.625
73.9375
72.875
71.875
70.75
70.125
69.625
68.8125
68.375
67.75
67.0
66.4375
65.9375
65.0
64.3125
65.8125
72.0625
83.875
96.375
105.125
110.625
112.875
113.0625
113.375
113.6875
113.875
113.9375
113.0625
111.5
109.0625
104.375
98.0625
92.0
88.5625
87.5
87.0
86.9375
86.75
85.8125
83.9375
82.375
80.5625
79.0625
77.625
75.875
74.5625
73.125
72.0
70.875
69.75
69.25
68.8125
68.1875
67.8125
66.9375
66.5625
66.25
65.5
64.5
63.625
65.25
71.6875
83.6875
95.8125
104.3125
110.0
112.4375
112.75
113.25
113.8125
114.5
114.5
113.875
112.0625
109.4375
105.4375
98.9375
92.4375
88.8125
87.4375
87.4375
87.25
87.0
85.75
84.3125
82.8125
81.0625
79.4375
77.75
76.125
74.875
73.25
72.1875
70.9375
70.0625
69.75
69.25
68.5625
67.9375
67.3125
67.125
66.3125
65.375
64.375
65.0
69.5
80.0
92.75
102.375
109.25
112.875
113.625
113.9375
114.75
115.6875
115.8125
115.375
113.875
111.9375
108.8125
103.625
96.6875
91.25
89.25
88.75
88.875
88.3125
87.6875
86.6875
84.9375
83.25
81.75
80.0
78.6875
77.375
75.8125
74.625
73.375
72.3125
71.8125
71.25
70.875
70.1875
69.8125
69.375
68.8125
68.0625
67.0625
66.75
68.375
75.25
87.5
99.875
108.875
114.3125
116.3125
116.5
117.375
118.5625
119.375
119.5
118.75
117.5
115.25
111.5625
105.9375
98.6875
93.8125
92.375
91.875
91.5
91.0
89.875
88.625
86.6875
84.875
83.3125
81.4375
79.8125
78.5625
77.375
76.25
74.4375
73.375
72.5625
71.75
71.125
70.6875
69.9375
69.5
68.6875
67.875
66.6875
66.125
68.25
75.625
87.9375
99.5625
108.375
113.8125
115.5
115.9375
116.4375
117.1875
117.875
118.125
117.4375
115.4375
112.9375
108.8125
102.0625
95.25
91.1875
89.4375
89.5
89.375
88.8125
87.625
86.0
84.375
82.625
81.0
79.3125
77.4375
76.1875
75.125
73.75
72.5625
71.375
70.625
70.1875
69.6875
69.375
68.5625
68.0625
67.6875
67.1875
66.3125
65.125
65.375
68.4375
77.4375
90.5
101.5
109.0
113.0
114.125
114.375
115.0
115.625
116.0625
115.5
114.25
112.5625
109.375
103.75
96.75
91.6875
89.6875
89.125
88.875
88.875
88.0625
86.5
84.75
83.0
81.3125
79.8125
78.375
76.875
75.3125
73.9375
72.875
71.9375
71.0625
70.25
69.875
69.5625
69.0625
68.375
67.8125
67.4375
66.8125
65.6875
65.1875
66.75
73.5625
85.8125
97.875
106.625
112.125
114.0
114.25
114.9375
116.0625
116.6875
116.6875
115.9375
114.8125
112.375
107.8125
101.5
95.0
91.0625
89.5625
89.3125
89.25
88.875
87.625
86.125
84.5
82.625
80.8125
79.3125
78.0
76.375
74.8125
73.75
72.6875
71.5
70.8125
70.5625
70.125
69.375
68.9375
68.8125
68.3125
67.4375
66.5625
65.9375
66.0
69.3125
79.0625
92.3125
102.9375
110.4375
114.6875
115.75
116.25
117.5
118.8125
119.1875
118.9375
118.3125
116.6875
113.75
108.9375
102.0625
95.8125
92.6875
91.9375
91.8125
91.375
90.5625
89.5625
88.25
86.3125
84.4375
83.0625
81.625
79.9375
78.5625
77.375
76.125
74.6875
73.9375
73.5625
72.9375
72.4375
72.1875
71.8125
71.0
70.3125
69.75
68.875
68.1875
70.0
77.3125
89.4375
101.4375
110.5625
116.1875
118.0
118.5625
119.8125
121.125
121.875
122.375
122.0625
120.5
118.125
114.25
107.8125
99.9375
94.625
93.0
92.4375
91.875
91.5
90.75
89.0
86.8125
84.9375
83.375
81.4375
79.6875
78.4375
77.125
75.5
74.5
73.8125
72.9375
72.0625
71.6875
71.375
70.375
69.5625
69.1875
68.4375
67.25
66.6875
68.0
73.1875
84.0
96.75
106.6875
112.625
115.3125
116.125
116.5625
117.3125
118.25
118.5
117.8125
116.625
114.75
110.9375
104.4375
97.4375
92.8125
90.8125
90.3125
90.3125
89.875
88.6875
87.3125
85.75
84.0
82.0625
80.4375
79.125
77.5625
76.125
75.0
73.75
72.4375
71.625
71.1875
70.625
70.1875
69.875
69.3125
68.6875
68.1875
67.5625
66.375
65.8125
67.5625
74.0
85.9375
98.4375
107.5625
113.0
114.875
115.5
116.375
117.1875
117.8125
118.0
117.1875
115.6875
113.4375
109.25
102.25
95.5
91.8125
90.4375
90.0625
90.125
89.6875
88.375
86.75
85.1875
83.3125
81.5
80.125
78.75
77.0625
75.6875
74.6875
73.5
72.3125
71.5
71.125
70.75
70.375
70.0
69.25
68.75
68.375
67.5625
66.25
65.9375
68.25
75.625
88.375
100.5
108.6875
113.375
115.375
116.125
116.9375
117.875
118.75
118.9375
118.0625
116.8125
114.625
110.125
103.375
96.5
92.4375
91.0625
90.8125
90.6875
90.0625
89.0
87.5625
85.8125
84.1875
82.8125
81.25
79.4375
78.125
77.0
75.6875
74.625
73.875
73.0625
72.5625
72.375
72.0
71.4375
71.1875
70.875
69.9375
68.9375
68.125
68.1875
71.8125
81.4375
94.6875
105.5
113.0625
117.25
118.3125
119.0
120.4375
121.625
122.1875
122.3125
121.6875
120.0
117.5625
113.0625
106.0
99.0
95.5
94.4375
94.0
93.8125
93.3125
91.875
90.1875
88.5
86.5
84.8125
83.375
81.875
80.4375
79.1875
77.9375
76.5625
75.625
74.9375
74.3125
74.0
73.8125
73.125
71.875
70.875
70.125
69.1875
68.3125
69.125
74.0625
84.6875
97.25
107.5
114.3125
117.3125
118.1875
119.1875
120.5625
121.4375
121.8125
121.8125
120.9375
119.1875
116.4375
111.3125
103.75
97.375
94.625
93.6875
92.9375
92.25
91.3125
90.0
88.375
86.75
85.4375
83.875
82.5625
82.875
87.3125
96.1875
104.6875
110.0625
112.25
111.9375
110.375
108.625
106.4375
102.6875
96.375
89.4375
84.875
83.0
82.5625
83.0625
83.8125
83.875
83.1875
82.3125
81.25
79.8125
78.4375
77.125
75.75
74.5625
73.375
72.0
70.6875
69.6875
68.875
67.9375
67.1875
66.875
66.5625
66.0
65.625
65.375
65.0
64.4375
64.0
63.6875
63.1875
62.625
62.4375
62.25
61.75
61.1875
61.125
60.9375
60.25
59.4375
59.125
61.125
69.875
84.8125
98.8125
109.3125
115.375
117.6875
118.625
119.25
119.875
120.6875
120.625
119.3125
117.3125
114.4375
109.375
101.875
95.1875
92.25
91.8125
91.6875
91.6875
91.1875
89.75
87.875
86.0625
84.375
82.5625
80.9375
79.6875
78.375
76.8125
75.5625
74.625
73.5625
72.6875
72.1875
71.9375
71.4375
70.875
70.625
70.125
69.3125
68.6875
67.8125
66.6875
66.9375
70.8125
81.0625
94.3125
104.875
112.0
115.625
116.4375
117.0625
118.125
119.125
119.5
119.1875
118.375
116.5625
113.25
107.625
100.375
94.875
92.5625
91.8125
91.5625
91.375
90.6875
89.3125
87.8125
86.1875
84.625
83.125
81.5625
80.3125
79.0625
77.6875
76.25
75.125
74.5
74.0
73.5
73.0625
72.5625
72.0625
71.5
70.875
69.9375
69.1875
69.8125
74.5625
85.8125
99.25
109.6875
116.3125
119.4375
120.25
121.125
122.5625
123.625
124.125
123.8125
122.75
120.75
117.875
112.875
105.75
99.0
95.75
94.8125
94.375
93.9375
93.0625
91.6875
90.125
88.4375
86.625
84.5
82.4375
80.8125
79.5
78.125
76.875
75.875
74.875
74.0
73.5
73.0
72.1875
71.25
70.625
69.9375
68.875
68.0625
69.125
74.5
85.75
98.625
108.625
114.9375
117.5
118.1875
119.0
120.125
120.9375
121.25
120.6875
119.5625
117.75
114.4375
108.6875
101.1875
95.375
92.9375
91.875
91.5625
91.5
90.75
89.3125
87.5
85.75
84.0625
82.375
80.8125
79.5
78.0625
76.6875
75.4375
74.375
73.625
73.0625
72.5625
71.9375
71.375
70.75
70.0
69.375
68.5625
67.8125
68.75
74.1875
86.0
98.9375
108.4375
114.4375
117.0625
117.625
118.4375
119.5625
120.4375
120.5
120.0625
119.0
116.9375
112.6875
106.0625
99.0625
94.5
92.5625
91.9375
91.8125
91.5
90.375
88.9375
87.25
85.4375
83.625
82.0625
80.5625
79.1875
77.875
76.6875
75.375
74.375
73.5
73.0625
72.6875
72.125
71.3125
70.875
70.25
69.3125
68.125
67.6875
69.125
74.9375
86.625
99.5625
109.375
115.3125
117.5625
118.25
119.3125
120.625
121.5
121.875
121.6875
120.5625
118.3125
114.5
108.625
101.1875
95.4375
93.3125
93.0
92.75
92.0625
90.9375
89.75
88.0625
86.0
84.25
83.0
81.375
79.625
78.3125
77.25
75.9375
74.875
74.1875
73.6875
73.0625
72.5625
72.1875
71.875
71.25
70.4375
69.5625
68.875
70.0
75.6875
87.5625
100.625
110.5
116.8125
119.5
120.4375
121.8125
123.4375
124.4375
124.875
124.625
123.4375
121.625
118.375
112.8125
105.3125
98.875
96.0
95.4375
95.25
94.8125
94.0625
92.75
90.875
88.9375
87.4375
85.8125
84.1875
82.8125
81.4375
79.875
78.75
77.8125
76.875
76.375
76.0625
75.4375
74.75
74.25
73.5
72.4375
71.75
71.3125
73.125
80.375
92.8125
105.1875
114.5
119.875
122.0625
123.125
124.4375
126.0
127.3125
127.5
126.875
125.875
124.125
120.375
114.3125
106.375
99.6875
96.6875
96.0
95.5625
95.0
94.0625
92.375
90.375
88.5625
86.625
84.875
83.5625
82.0
80.4375
79.1875
77.875
76.75
76.0625
75.375
74.625
74.125
73.5
72.75
72.1875
71.3125
70.125
69.9375
72.0
78.8125
91.5
104.0
112.75
118.0625
120.1875
120.875
122.0625
123.5625
124.1875
124.3125
123.9375
122.5625
120.3125
116.4375
109.625
101.8125
96.875
95.0
94.3125
94.25
93.75
92.4375
90.9375
89.0625
87.0
85.375
83.875
82.125
80.625
79.25
77.75
76.6875
75.8125
74.9375
74.3125
73.875
73.4375
72.875
72.375
71.8125
71.0
69.875
69.0
69.75
74.375
85.375
98.75
109.125
115.75
118.8125
119.625
120.75
122.375
123.8125
124.4375
124.25
123.375
121.75
118.6875
113.1875
105.5
98.75
95.5
94.625
94.375
93.9375
93.125
91.625
89.75
87.8125
86.0
84.3125
82.8125
81.375
79.875
78.5625
77.3125
76.3125
75.5
74.9375
74.375
73.8125
73.25
72.75
72.25
71.375
70.25
69.375
69.4375
72.4375
81.5625
94.8125
106.25
114.0
118.375
120.0
121.0
122.625
124.3125
125.1875
125.25
124.5625
123.25
120.75
116.25
109.1875
101.5625
96.875
95.3125
94.875
94.6875
94.1875
93.0
91.25
89.375
87.5625
86.0
84.5
82.9375
81.5625
80.125
78.875
77.8125
77.0625
76.5625
76.0
75.4375
74.875
74.375
73.9375
73.0625
72.0
71.125
71.5
75.25
85.25
98.6875
109.8125
117.1875
120.875
122.1875
123.4375
125.0625
126.9375
128.125
128.1875
127.5625
126.1875
123.75
119.375
112.25
104.5625
99.9375
98.25
97.625
97.3125
96.4375
95.0625
93.375
91.4375
89.5625
87.8125
86.125
84.625
83.3125
81.9375
80.5625
79.3125
78.375
77.5625
77.125
76.6875
75.6875
74.5625
73.75
72.75
71.8125
71.125
71.375
75.0
84.4375
97.5625
108.75
116.3125
120.1875
121.375
122.5
124.0625
125.5625
126.5
126.875
126.5
125.1875
122.3125
117.625
110.125
102.125
97.375
95.6875
95.25
94.9375
94.3125
93.1875
91.375
89.3125
87.25
85.4375
84.0625
82.5625
80.875
79.1875
77.875
76.875
75.875
75.0625
74.5
74.125
73.5625
72.9375
72.4375
71.75
70.75
69.75
69.125
70.0
74.625
85.5625
99.0
109.1875
115.3125
118.0625
119.375
120.6875
121.75
122.875
123.5625
123.3125
122.0625
120.0
116.625
110.6875
103.125
97.1875
94.8125
94.1875
93.875
93.375
92.4375
91.0
89.0625
87.1875
85.4375
83.6875
81.9375
80.5625
79.3125
77.9375
76.5625
75.5
74.5
74.0
73.6875
73.0625
72.4375
72.125
71.6875
70.875
69.8125
68.8125
68.3125
69.75
76.0625
88.4375
101.125
110.1875
115.875
118.1875
118.8125
120.0
121.625
122.6875
123.0625
122.8125
121.875
119.8125
115.9375
109.75
102.0
96.375
94.3125
93.8125
93.5
93.0
92.0
90.4375
88.5
86.5625
84.875
83.25
81.5625
80.0625
78.75
77.375
76.0625
75.0
74.375
73.6875
73.1875
72.75
72.1875
71.625
71.0
70.25
69.1875
68.125
68.4375
71.75
81.0625
94.1875
105.4375
113.3125
117.375
118.6875
119.625
121.4375
123.0
123.75
123.8125
123.3125
122.0
119.375
114.875
107.8125
100.4375
96.1875
95.0
94.6875
94.375
93.875
92.625
90.875
89.1875
87.375
85.625
84.3125
82.875
81.25
79.8125
78.625
77.25
76.25
75.6875
75.1875
74.75
74.375
73.8125
73.25
72.5
71.5
70.625
70.375
72.6875
80.375
93.125
105.1875
113.625
118.625
120.6875
121.5
122.9375
124.5625
125.75
126.125
125.75
124.8125
122.6875
119.125
112.9375
105.125
99.375
96.75
95.5625
95.0625
94.625
93.4375
91.6875
89.8125
87.8125
85.8125
84.125
82.4375
80.8125
79.3125
77.9375
76.5625
75.5
74.625
73.8125
73.5
73.1875
72.5625
71.8125
71.0625
70.0
69.1875
68.5625
69.4375
74.375
85.3125
98.125
108.0625
114.3125
117.0625
117.8125
118.625
120.0
121.3125
121.6875
121.5
120.5625
118.75
115.4375
109.625
102.0625
96.1875
93.625
92.875
92.4375
92.0625
91.3125
89.75
87.875
85.8125
84.0625
82.4375
80.875
79.375
77.9375
76.625
75.3125
74.25
73.5
72.75
72.25
71.875
71.375
70.75
70.1875
69.5
68.375
67.4375
67.6875
70.75
79.625
92.8125
103.875
111.3125
115.25
116.4375
116.8125
118.125
119.4375
119.9375
120.0
119.1875
117.25
114.5625
109.375
102.125
95.8125
92.8125
92.0
91.6875
91.4375
90.6875
89.1875
87.5625
85.75
84.0
82.1875
80.6875
79.25
77.8125
76.375
75.125
74.0625
73.0625
72.4375
72.0
71.4375
70.8125
70.375
70.0
69.25
68.3125
67.3125
67.0625
69.0
76.5625
89.4375
101.375
109.8125
114.375
115.6875
116.6875
118.0625
119.1875
120.0
120.1875
119.5
118.125
115.625
111.3125
104.6875
97.8125
93.625
91.8125
91.375
91.25
90.625
89.625
88.0
86.0
84.375
82.75
81.1875
79.875
78.375
77.0
75.9375
74.8125
73.875
73.1875
72.5
72.1875
71.875
71.25
70.8125
70.3125
69.25
68.625
68.125
69.375
75.375
87.375
99.875
109.125
114.75
117.125
118.1875
119.0625
120.4375
121.875
122.3125
122.0
121.0
118.875
115.4375
109.625
102.25
96.8125
94.4375
93.875
93.9375
93.3125
92.25
90.5625
88.5625
87.0625
85.4375
83.8125
82.375
80.5625
79.125
78.0625
76.75
75.8125
74.875
74.1875
74.0625
73.5625
72.9375
72.3125
71.3125
70.625
69.8125
69.3125
71.0625
77.3125
89.1875
101.5
110.3125
115.4375
117.25
117.75
119.125
120.5625
121.3125
121.4375
121.0
120.125
117.6875
113.6875
107.5625
99.6875
94.4375
92.5
91.6875
91.625
91.4375
90.1875
88.75
86.875
85.0
83.375
81.4375
79.75
78.5625
76.9375
75.5625
74.5
73.3125
72.6875
72.125
71.4375
71.125
70.5625
69.5625
69.1875
68.5625
67.625
66.875
67.1875
71.5
81.9375
94.9375
105.0
111.4375
114.375
115.3125
115.75
116.625
117.375
117.8125
118.0
116.875
114.75
111.25
105.1875
98.4375
93.375
90.9375
90.5
90.1875
89.9375
89.375
87.6875
85.8125
84.0
82.125
80.5
78.9375
77.3125
75.9375
74.875
73.6875
72.75
71.8125
71.3125
71.0
70.375
69.875
69.0625
68.5625
68.125
66.875
66.125
66.75
70.5625
80.875
93.75
104.0625
110.75
113.625
114.5
115.25
116.3125
117.1875
117.4375
117.3125
116.375
114.4375
110.9375
105.0625
98.25
93.1875
90.75
90.125
89.6875
89.3125
88.75
87.4375
85.9375
84.125
82.4375
81.375
80.1875
79.1875
79.375
81.3125
84.1875
85.9375
85.6875
83.3125
78.75
74.1875
71.125
69.5
69.125
68.875
69.125
69.6875
69.5
69.125
68.5625
68.125
67.5625
66.6875
65.6875
65.3125
64.75
64.1875
63.4375
62.5
61.9375
61.5
61.3125
60.6875
60.25
60.25
60.0625
59.6875
59.0625
59.0
58.9375
58.5625
58.625
58.25
57.9375
57.75
57.5
57.125
56.4375
56.4375
56.1875
55.875
55.5
55.0
55.1875
55.1875
55.3125
55.125
54.6875
55.0
54.875
54.5625
54.3125
55.4375
62.75
76.5625
89.625
100.375
107.625
110.5
111.125
111.0625
111.5625
111.75
111.375
110.625
108.875
105.6875
101.6875
96.5625
92.0625
89.75
88.8125
89.0625
89.0
88.5625
87.375
85.8125
84.5
82.8125
81.1875
79.4375
77.75
76.3125
74.875
73.625
72.3125
71.625
71.0625
70.625
70.0
69.1875
68.625
67.9375
67.3125
66.4375
65.5625
65.25
66.75
72.875
83.9375
95.625
104.3125
109.1875
110.6875
110.375
110.625
110.9375
110.9375
110.25
109.375
107.9375
104.9375
100.125
93.5625
88.4375
86.1875
85.5625
85.125
84.625
84.4375
83.5
82.1875
80.4375
78.8125
77.4375
76.125
74.4375
73.0
71.9375
70.875
70.0
69.0625
68.5
67.875
67.25
66.25
65.5
65.0
64.1875
63.6875
64.6875
70.9375
82.6875
94.75
103.625
108.625
110.5
110.5625
110.625
110.5625
110.125
109.75
108.8125
106.875
103.625
98.75
92.8125
87.8125
85.5
84.5625
84.25
84.3125
83.875
83.0
81.3125
79.8125
78.4375
76.875
75.4375
73.75
72.5625
71.4375
70.3125
69.0625
68.125
67.875
67.375
66.625
65.6875
65.25
64.8125
64.125
62.9375
63.0625
66.5625
75.6875
88.1875
98.375
105.625
109.25
109.9375
109.9375
109.875
110.3125
110.4375
110.0
108.5
106.6875
103.375
98.125
91.875
87.25
85.6875
85.25
85.0
84.6875
84.1875
83.125
81.75
79.9375
78.375
77.125
75.8125
74.25
72.6875
71.6875
70.6875
69.9375
68.9375
68.25
67.8125
67.0625
66.5
65.6875
65.0625
64.375
64.25
66.375
73.5625
86.25
98.25
106.75
111.0625
112.375
112.875
113.125
113.6875
113.9375
113.875
113.375
111.8125
109.0625
104.3125
98.25
92.75
89.875
88.8125
88.3125
88.4375
88.0625
87.125
85.5625
83.9375
82.625
81.125
79.5625
77.8125
76.625
75.5
74.1875
73.25
72.375
71.875
71.4375
70.6875
69.9375
69.25
68.625
67.875
67.5625
69.1875
75.9375
88.0625
100.3125
108.9375
113.9375
115.75
116.375
116.875
117.4375
117.8125
117.9375
117.375
116.0
113.5
109.3125
103.25
96.5625
92.375
90.6875
90.1875
89.6875
89.125
88.25
87.0625
85.125
83.25
81.4375
79.75
78.125
76.6875
75.375
74.25
72.9375
72.0
71.375
70.8125
69.9375
69.1875
68.4375
67.875
67.125
66.375
66.3125
69.8125
78.9375
92.0
102.875
110.125
113.4375
114.125
114.0625
114.625
115.0625
114.9375
114.5625
113.5625
111.5625
107.875
102.375
95.6875
90.75
88.8125
88.3125
88.0
87.6875
87.125
85.875
84.25
82.625
81.125
79.375
77.75
76.3125
75.0625
73.625
72.4375
71.5625
70.75
70.25
69.875
69.125
68.375
67.75
67.0625
66.375
65.75
66.25
70.125
80.1875
93.1875
103.3125
109.875
112.9375
113.625
113.8125
114.3125
114.6875
114.5
113.8125
112.5625
110.625
106.75
100.625
94.1875
90.125
88.5625
88.25
88.125
87.75
87.0
85.9375
84.125
82.375
80.75
79.125
77.875
76.4375
74.9375
73.6875
72.5625
71.6875
71.0625
70.6875
70.0625
69.375
68.6875
68.25
67.625
66.75
66.0625
66.25
69.625
79.0625
92.25
103.125
110.375
114.0
114.9375
115.1875
115.875
116.6875
117.0625
116.75
115.5
113.8125
110.4375
104.8125
98.0625
92.75
90.375
89.75
89.5625
89.375
88.6875
87.4375
85.875
84.0
82.25
80.6875
79.25
77.75
76.375
75.125
74.0625
73.1875
72.625
72.375
71.875
71.1875
70.6875
70.1875
69.625
68.6875
67.875
68.3125
72.375
82.25
95.4375
106.3125
113.4375
116.5625
117.25
117.8125
118.8125
119.75
120.25
120.1875
119.25
117.25
114.3125
109.3125
102.125
95.9375
93.1875
92.75
92.625
92.3125
91.625
90.5625
88.8125
87.0
85.3125
83.9375
82.25
80.75
79.3125
78.0625
76.875
75.8125
75.125
74.5
74.0
73.5
72.875
72.125
71.4375
70.625
69.9375
70.4375
74.9375
85.6875
98.625
108.8125
115.4375
118.75
119.5625
119.875
120.5625
121.4375
122.0625
121.75
120.9375
119.125
115.875
110.5
103.4375
97.125
93.8125
92.6875
92.3125
91.9375
91.0
89.5
88.0
86.375
84.75
82.8125
81.125
79.6875
78.25
76.8125
75.5
74.375
73.8125
73.25
72.5
71.6875
71.0
70.3125
69.75
69.0625
68.25
68.0
70.375
78.125
90.5625
102.1875
110.375
114.9375
116.4375
116.8125
117.4375
118.1875
118.625
118.5
117.75
116.3125
113.5
108.3125
101.1875
95.0
91.9375
90.9375
90.625
90.5
89.9375
88.8125
87.25
85.5
83.75
82.0625
80.5
78.9375
77.625
76.3125
75.0
73.875
73.0
72.4375
72.0
71.4375
70.8125
70.125
69.5625
68.9375
68.0
67.25
67.6875
71.625
81.75
94.9375
105.5
112.3125
115.4375
116.0625
116.4375
117.4375
118.25
118.4375
118.0
117.1875
115.4375
111.9375
106.1875
98.9375
93.6875
91.5625
91.1875
90.9375
90.6875
89.8125
88.4375
86.75
84.875
83.125
81.625
80.1875
78.6875
77.25
75.9375
74.8125
73.9375
73.125
72.5
72.0625
71.5625
70.875
70.375
69.75
69.0
68.25
67.5
68.0
72.125
82.5
95.8125
106.25
112.875
115.9375
116.5
117.125
118.25
119.5
119.9375
119.6875
118.75
117.0625
113.75
108.0
100.625
94.9375
92.6875
92.0625
91.75
91.625
91.125
90.0
88.1875
86.3125
84.625
83.1875
81.625
80.125
78.75
77.5625
76.5
75.4375
74.75
74.25
73.875
73.3125
72.75
72.25
71.75
70.875
69.875
69.3125
70.5625
75.75
87.0
99.75
109.625
115.6875
118.4375
119.375
120.5
121.875
122.875
123.3125
123.1875
122.1875
120.3125
117.0
111.375
104.0
98.125
95.5625
94.8125
94.5625
94.1875
93.4375
92.0
90.3125
88.5
86.75
85.25
83.6875
82.125
80.8125
79.4375
78.125
77.1875
76.375
75.625
74.9375
74.0625
73.125
72.25
71.5625
70.75
69.9375
69.625
71.9375
79.75
92.125
103.6875
111.9375
116.5
118.0
118.625
119.625
120.875
121.8125
121.9375
121.3125
120.0625
117.6875
113.3125
106.4375
99.3125
94.75
93.0
92.4375
92.25
91.875
90.875
89.375
87.5625
85.6875
83.875
82.1875
80.625
79.0625
77.625
76.3125
75.1875
74.25
73.5
72.9375
72.375
71.8125
71.3125
70.75
70.0625
69.25
68.25
67.8125
69.4375
75.625
87.5625
99.8125
108.75
114.125
116.1875
116.625
117.375
118.4375
119.125
119.1875
118.6875
117.5
115.0
110.375
103.5625
96.8125
93.0
91.75
91.5
91.375
90.875
89.8125
88.25
86.4375
84.5625
82.875
81.3125
79.875
78.375
77.0
75.75
74.625
73.8125
73.125
72.625
72.0
71.4375
70.9375
70.4375
69.9375
69.125
68.0625
67.625
69.1875
75.5625
87.6875
99.9375
108.75
114.0
116.0
116.625
117.4375
118.4375
119.375
119.8125
119.3125
118.0625
115.625
111.1875
104.5625
97.5
93.3125
92.0625
91.8125
91.625
91.125
90.1875
88.6875
86.8125
85.0
83.375
81.75
80.25
78.75
77.375
76.0625
74.875
73.9375
73.25
72.6875
72.1875
71.6875
71.0625
70.5
70.0
69.25
68.25
67.6875
68.875
74.375
86.1875
99.0
108.4375
114.4375
116.9375
117.6875
118.75
120.0625
121.0
121.4375
121.125
120.1875
118.375
114.8125
108.75
101.375
96.125
94.1875
93.5625
93.4375
93.1875
92.3125
91.0
89.375
87.625
85.9375
84.25
82.8125
81.4375
79.9375
78.5625
77.3125
76.3125
75.5
74.875
74.5
74.125
73.625
73.0
72.4375
71.5625
70.625
70.125
71.3125
76.9375
88.375
100.9375
110.5
116.5625
119.3125
120.375
121.4375
122.8125
123.875
124.5
124.625
123.9375
122.3125
119.0
113.375
105.9375
99.625
96.5625
95.25
94.5625
94.0
93.0625
91.625
90.0
88.25
86.4375
84.5625
82.9375
81.4375
79.875
78.1875
76.875
75.9375
75.0625
74.25
73.6875
73.25
72.625
71.8125
71.1875
70.5
69.4375
68.5625
69.3125
73.6875
83.8125
96.5625
107.0625
113.75
116.75
117.8125
118.6875
119.625
120.5625
121.3125
121.3125
120.3125
118.625
115.4375
109.625
102.0625
96.1875
93.5625
92.5
92.0625
91.875
91.1875
89.75
87.9375
86.1875
84.4375
82.6875
81.125
79.8125
78.3125
76.8125
75.625
74.625
73.625
72.875
72.4375
72.0625
71.4375
70.9375
70.5625
69.9375
69.0625
68.0625
67.5
68.6875
74.25
85.75
98.25
107.5625
113.5
115.9375
116.5625
117.375
118.5625
119.375
119.625
119.3125
118.0625
115.75
111.8125
105.5625
98.5
93.875
92.25
91.8125
91.4375
91.0625
90.25
88.875
87.0
85.0625
83.25
81.6875
80.3125
78.8125
77.3125
76.0625
74.8125
73.875
73.125
72.5
72.0625
71.5
71.0625
70.5625
69.9375
69.1875
68.3125
67.5625
67.8125
71.1875
80.625
93.8125
104.625
111.625
115.1875
116.3125
117.25
118.4375
119.5
120.125
120.1875
119.4375
117.75
114.8125
109.5625
102.4375
96.125
93.0
92.0625
91.75
91.5
90.8125
89.4375
87.8125
86.1875
84.375
82.625
81.125
79.75
78.4375
77.0625
75.8125
74.9375
74.25
73.625
73.125
72.625
72.1875
71.8125
71.25
70.5625
69.8125
68.9375
68.9375
71.875
80.75
93.875
105.0625
112.5625
116.6875
118.3125
119.1875
120.375
121.5625
122.4375
122.5
121.875
120.6875
118.1875
113.625
106.75
99.6875
95.625
94.3125
93.875
93.6875
93.25
92.125
90.5625
88.8125
87.0
85.4375
83.9375
82.5
81.0625
79.625
78.25
77.0
76.0625
75.4375
74.875
74.375
73.9375
73.25
72.625
71.9375
71.0
70.1875
70.125
73.0
81.3125
93.625
104.5625
112.375
116.75
118.375
119.0625
120.0625
121.3125
122.1875
122.375
121.75
120.375
118.0625
113.75
106.9375
99.6875
95.25
93.5
93.0
92.6875
92.1875
91.0625
89.375
87.5
85.625
83.8125
82.0625
80.5
79.0625
77.6875
76.375
75.1875
74.125
73.3125
72.75
72.3125
71.8125
71.125
70.5
69.875
69.125
68.25
67.6875
68.75
73.9375
85.1875
97.75
107.0625
112.75
115.25
116.0625
116.6875
117.875
118.8125
119.0
118.5
117.3125
115.3125
111.6875
105.375
98.25
93.4375
91.625
91.1875
90.8125
90.4375
89.5625
88.0625
86.25
84.4375
82.6875
81.125
79.5625
78.0625
76.6875
75.4375
74.25
73.25
72.375
71.875
71.5
71.0
70.5625
70.0
69.5
69.0
68.125
67.0625
66.6875
68.4375
75.1875
87.4375
99.375
107.9375
112.9375
114.8125
115.5
116.3125
117.375
118.125
118.25
117.625
116.375
114.25
109.9375
102.6875
94.625
89.875
89.125
89.4375
89.75
89.75
89.0
87.3125
85.3125
83.375
81.625
80.0625
78.6875
77.1875
75.75
74.375
73.1875
72.3125
71.75
71.1875
70.75
70.1875
69.8125
69.5625
69.0
68.25
67.4375
66.625
66.75
69.6875
78.5625
91.375
102.3125
109.625
113.4375
114.6875
115.3125
116.4375
117.6875
118.5
118.6875
118.125
116.875
114.5625
109.9375
103.0
96.4375
92.9375
91.8125
91.5
91.375
90.875
89.875
88.4375
86.8125
85.125
83.375
81.75
80.4375
79.0
77.5625
76.1875
75.125
74.3125
73.6875
73.25
72.8125
72.4375
72.0
71.5
70.8125
69.8125
69.0
68.9375
71.5
79.5625
92.0625
103.5
111.375
115.875
117.6875
118.3125
119.3125
120.75
121.75
121.9375
121.375
120.25
118.25
114.125
107.4375
100.625
96.4375
94.5625
93.875
93.5625
92.9375
91.9375
90.3125
88.5625
86.75
84.75
82.75
80.875
79.5
78.25
76.6875
75.375
74.5
73.6875
73.1875
72.625
71.875
71.125
70.3125
69.625
68.75
67.875
67.9375
70.625
79.0625
91.5625
102.8125
110.5
114.25
115.5
115.9375
116.8125
117.75
118.375
118.625
117.875
116.5
113.8125
108.8125
101.875
95.5
92.0
90.75
90.4375
90.3125
89.8125
88.8125
87.125
85.1875
83.1875
81.5
79.9375
78.3125
76.875
75.75
74.5
73.375
72.5625
72.0
71.4375
70.75
70.3125
69.75
68.9375
68.1875
67.625
66.875
67.25
70.6875
80.625
93.5625
103.625
110.0
113.125
114.125
114.5
115.25
116.125
116.5625
116.1875
115.0625
113.375
109.9375
103.8125
96.6875
92.3125
90.5625
89.75
89.4375
89.25
88.5
86.9375
85.125
83.375
81.75
80.0625
78.625
77.1875
75.6875
74.375
73.3125
72.5625
71.75
71.125
70.5625
70.0
69.5625
69.0625
68.625
67.6875
66.6875
66.375
67.6875
73.1875
84.6875
97.0
106.1875
111.4375
113.4375
114.1875
115.1875
116.0625
116.4375
116.5
116.125
114.875
112.75
108.75
102.1875
95.4375
91.5
90.125
89.875
89.6875
89.125
88.0
86.6875
85.0
83.0625
81.25
79.8125
78.3125
76.75
75.375
74.1875
73.1875
72.1875
71.75
71.1875
70.625
70.1875
69.75
69.25
68.625
68.0625
67.3125
67.25
69.875
78.4375
91.5
102.75
110.125
114.0625
115.4375
116.0625
117.0625
118.1875
118.8125
118.6875
117.8125
116.5
114.0
109.0
102.0625
96.1875
93.25
92.25
91.9375
91.75
91.0625
89.875
88.375
86.5625
84.9375
83.4375
81.75
80.0625
78.6875
77.3125
76.0625
75.0625
74.125
73.4375
73.25
72.8125
72.0625
71.5
70.9375
70.125
69.375
68.8125
69.4375
74.4375
85.375
97.9375
107.75
113.75
116.5
117.4375
118.3125
119.4375
120.4375
121.0
120.625
119.375
117.4375
114.0625
108.25
101.3125
95.75
93.0625
92.125
91.75
91.4375
90.625
88.9375
87.0
85.3125
83.5
81.8125
79.9375
78.3125
77.1875
75.8125
74.625
73.625
72.75
72.25
71.8125
70.875
70.0625
69.625
69.0
68.3125
67.625
67.25
69.4375
76.9375
89.375
100.9375
108.8125
112.8125
114.125
114.5625
114.875
115.5625
116.125
116.0625
115.5625
114.0625
111.125
106.125
99.375
93.5625
90.625
89.8125
89.5625
89.375
88.875
87.5625
85.75
83.9375
82.0625
80.625
78.9375
77.3125
76.0625
74.75
73.4375
72.5
71.5625
71.0625
70.75
70.0
69.4375
69.0
68.4375
67.875
67.0
66.0
66.375
69.375
78.4375
91.625
102.0625
109.0625
112.4375
113.25
113.8125
114.375
114.9375
115.4375
115.0625
114.25
112.8125
109.3125
103.5625
96.75
91.875
90.0
89.375
88.8125
88.6875
87.9375
86.625
84.9375
82.875
81.25
79.9375
78.375
76.9375
75.3125
73.9375
73.0625
72.125
71.3125
70.8125
70.125
69.8125
69.25
68.5625
68.125
67.375
66.5625
66.0625
66.375
70.375
80.6875
93.4375
103.625
110.0
112.875
113.5625
113.6875
114.6875
115.625
115.875
115.6875
114.4375
112.6875
109.5
103.5
96.6875
91.8125
89.625
89.3125
89.0
88.6875
87.9375
86.375
85.0625
83.4375
81.875
80.4375
78.625
77.375
76.3125
74.875
73.8125
72.625
71.9375
71.8125
71.3125
70.9375
70.3125
69.5625
69.3125
68.625
67.8125
67.1875
68.6875
75.6875
87.9375
100.0
108.375
113.25
115.4375
115.9375
116.5625
117.5625
118.0625
118.375
117.875
116.75
114.4375
110.3125
104.3125
97.8125
93.9375
92.3125
91.9375
91.875
91.3125
90.25
88.4375
87.0
85.5
83.75
82.1875
80.3125
79.0
77.6875
76.375
75.25
73.9375
73.5
73.125
72.6875
71.9375
70.8125
70.5
69.8125
68.625
67.625
67.625
71.3125
80.625
93.0625
103.6875
110.6875
114.4375
115.3125
115.375
115.875
116.5625
117.5
117.1875
116.3125
114.75
111.75
106.6875
99.625
94.25
91.875
90.8125
90.5625
90.0625
89.25
87.75
85.75
84.3125
83.0
81.625
79.75
78.75
80.4375
86.3125
95.6875
103.375
107.625
109.1875
108.875
107.875
106.1875
104.5625
101.5
95.5625
88.5625
83.25
81.4375
81.1875
81.4375
81.5
81.4375
81.625
80.9375
79.5625
77.625
76.375
75.375
74.1875
72.6875
71.3125
70.4375
69.4375
68.1875
66.8125
66.125
65.8125
65.1875
64.5625
64.0
64.0
63.75
63.5625
63.0
62.0625
61.9375
61.8125
61.6875
60.875
60.125
60.125
60.0
59.6875
58.5625
57.75
58.0625
61.0
70.9375
85.4375
98.3125
107.5625
111.875
112.9375
113.125
113.625
113.8125
114.0
113.375
111.4375
108.9375
104.8125
99.0625
92.625
88.8125
88.3125
88.375
88.5
87.8125
86.875
85.3125
83.625
81.8125
79.8125
78.4375
77.125
76.0
74.5
72.75
72.0
71.0625
70.25
69.5
68.875
68.8125
68.3125
67.9375
67.3125
66.375
66.0625
65.5625
64.75
64.3125
66.5
74.75
87.8125
99.0625
106.1875
110.125
111.0625
111.0
111.4375
111.875
112.125
111.625
110.6875
109.125
105.4375
100.125
93.8125
89.4375
87.375
86.75
87.0625
86.75
85.875
84.6875
83.375
81.875
80.3125
79.0625
77.375
76.0
74.6875
73.5625
72.25
71.0625
70.6875
70.25
69.75
68.875
68.625
68.3125
67.625
66.875
66.0625
65.875
68.3125
76.3125
88.25
99.875
108.4375
112.6875
113.9375
114.4375
114.75
115.25
115.8125
115.875
115.375
113.6875
110.875
106.375
99.6875
93.8125
90.6875
89.75
89.5
89.25
88.75
87.25
85.8125
84.5
82.875
80.9375
79.1875
78.25
76.75
75.1875
73.5625
72.0625
71.1875
70.6875
70.1875
69.3125
68.8125
68.125
67.375
66.4375
65.5
64.9375
65.875
71.25
81.75
93.75
103.3125
109.375
111.8125
112.0625
112.1875
112.6875
112.6875
112.875
112.25
110.6875
108.5625
104.5625
98.1875
91.6875
88.375
87.0625
86.375
86.5625
86.0625
85.0625
84.125
82.625
80.8125
78.75
77.3125
76.0
74.4375
72.9375
71.625
70.6875
69.75
69.25
68.4375
67.8125
67.5625
67.125
66.25
65.5
65.1875
64.375
63.75
64.625
69.6875
80.75
93.0625
102.4375
107.625
109.75
110.4375
110.375
110.6875
110.75
110.3125
109.6875
108.625
105.75
100.625
94.75
89.375
86.625
85.875
85.8125
85.6875
85.375
84.625
82.8125
80.9375
79.6875
78.1875
76.4375
74.8125
73.8125
72.4375
71.1875
70.125
69.0
68.375
68.0625
67.8125
67.0
66.5
66.125
65.5
64.9375
64.25
63.4375
64.5625
70.0625
81.125
93.0625
102.25
107.75
109.6875
110.125
110.5
110.875
111.3125
111.375
110.5625
109.5
107.1875
102.5
96.1875
90.3125
86.9375
86.125
86.0
85.75
85.3125
84.5625
83.1875
81.5
80.0
78.5
76.8125
75.6875
74.25
72.625
71.5625
70.4375
69.4375
68.9375
68.375
67.8125
67.3125
66.8125
66.0625
65.6875
65.125
64.125
64.1875
66.6875
74.4375
86.9375
98.1875
105.9375
110.125
111.625
111.875
112.3125
113.125
113.375
113.25
112.6875
111.125
108.1875
103.3125
96.9375
91.375
88.875
88.375
87.9375
87.6875
87.5
86.3125
85.0
83.625
81.75
80.125
78.75
77.25
75.75
74.6875
73.5625
72.375
71.5625
70.9375
70.375
70.0625
69.5625
68.875
68.375
67.8125
67.0
66.25
66.5
69.9375
79.4375
91.8125
102.125
109.3125
112.9375
113.75
114.125
115.0625
115.6875
116.0625
115.8125
114.875
113.4375
110.4375
105.0
97.9375
92.5625
90.125
89.1875
88.8125
88.375
87.8125
87.0
85.75
84.0625
82.3125
80.625
78.8125
77.3125
75.9375
74.3125
73.375
74.25
78.3125
87.8125
98.6875
106.375
110.75
112.1875
112.0625
111.625
111.3125
110.9375
109.9375
108.1875
104.4375
98.125
91.375
86.6875
84.4375
84.125
84.375
84.5625
84.5
83.5
81.8125
80.5625
79.125
77.3125
75.875
74.6875
73.1875
71.875
70.8125
69.5
68.375
67.5625
66.625
65.9375
65.6875
65.1875
64.5625
64.3125
63.9375
63.4375
62.6875
62.1875
62.125
61.8125
61.125
60.875
60.6875
60.3125
59.875
59.25
58.875
58.4375
59.125
65.0625
78.125
91.875
102.0
108.0625
110.5625
111.25
111.125
111.0625
111.125
111.0
110.0
108.125
104.9375
100.125
94.1875
89.1875
87.0625
86.9375
87.0
86.625
85.875
84.9375
83.5625
81.75
80.0625
78.5
77.125
75.6875
74.25
73.1875
71.9375
70.5625
69.8125
69.25
68.625
68.375
68.0625
67.4375
66.75
66.4375
66.125
65.125
64.1875
63.9375
65.5625
71.6875
83.0625
94.625
103.0625
107.6875
109.25
109.375
109.625
110.0625
110.6875
110.8125
110.0
108.375
105.75
101.0
94.375
88.8125
86.375
85.9375
85.75
85.3125
84.9375
84.1875
82.8125
81.25
79.75
78.375
77.0
75.5
74.1875
73.25
72.25
71.0625
70.25
69.8125
69.25
68.75
68.375
67.8125
67.4375
66.75
65.875
65.3125
66.3125
71.125
81.375
93.875
103.6875
110.0
112.75
113.3125
113.875
114.625
114.875
114.6875
114.3125
113.3125
111.5625
108.0
101.9375
95.4375
91.0
89.375
88.875
88.8125
88.625
88.0
86.875
85.0625
83.3125
81.625
80.25
79.0
77.625
76.3125
74.9375
73.875
72.625
71.8125
71.375
71.125
70.4375
69.75
69.125
68.5
67.5625
66.75
67.125
70.875
79.8125
91.625
101.875
108.9375
112.5
113.4375
113.8125
114.375
114.9375
115.1875
114.9375
114.0
112.0
108.8125
103.5625
96.8125
91.25
88.9375
88.3125
87.9375
87.4375
87.0625
86.0625
84.5625
82.8125
81.125
79.3125
77.625
76.4375
75.625
74.8125
73.6875
72.3125
71.25
70.25
69.1875
68.625
70.375
77.3125
88.6875
99.625
107.5625
112.125
113.375
112.9375
112.875
113.375
113.5625
112.75
111.6875
109.6875
105.5625
99.0
92.125
87.8125
86.375
86.0625
86.125
86.125
85.8125
84.375
82.6875
81.3125
79.8125
78.0625
76.625
75.3125
73.875
72.625
71.3125
70.3125
69.3125
68.5
67.5625
67.0
66.5
66.0625
65.3125
64.875
64.75
64.375
63.9375
63.625
63.4375
62.875
62.25
61.75
61.25
60.75
61.4375
66.8125
79.1875
92.0625
101.875
108.25
111.125
111.75
111.875
112.25
112.9375
113.25
112.75
111.3125
109.0
104.6875
98.4375
92.0625
88.5
87.5
87.25
87.1875
86.875
86.125
84.625
82.8125
81.1875
79.8125
78.25
76.6875
75.375
74.3125
72.9375
71.75
71.0625
70.5
70.0
69.375
68.6875
68.25
67.875
67.1875
66.3125
65.5
64.875
65.75
70.5625
81.3125
93.125
102.25
108.125
110.6875
110.9375
111.375
112.25
113.0
113.1875
112.75
111.9375
110.0625
106.25
100.25
93.75
89.4375
88.0
87.8125
87.4375
87.375
87.0625
86.0625
84.375
82.9375
81.5625
79.875
78.375
77.25
75.9375
74.625
73.5
72.8125
72.0
71.5
71.25
70.375
69.5625
69.3125
68.8125
67.75
67.0
68.0625
72.9375
83.4375
95.6875
105.25
111.6875
114.9375
115.625
116.0625
117.1875
118.0625
118.25
118.0
116.8125
115.0625
112.1875
106.75
99.75
94.3125
92.125
91.1875
90.8125
90.5
89.75
88.6875
87.1875
85.375
83.75
82.3125
80.5
78.9375
77.25
75.6875
74.4375
73.5
72.625
72.25
71.625
70.625
69.75
69.125
68.25
67.375
66.5625
66.4375
69.625
77.8125
89.75
100.8125
108.875
112.8125
113.875
114.375
114.8125
115.3125
115.75
115.4375
114.75
113.375
110.4375
105.4375
98.875
92.75
89.5625
88.6875
88.4375
88.125
87.75
86.6875
85.125
83.5625
81.9375
80.1875
78.75
77.4375
75.8125
74.5
73.5
72.3125
71.375
70.875
70.25
69.4375
68.9375
68.3125
67.6875
67.1875
66.25
65.4375
66.4375
71.0625
81.4375
93.875
103.5625
109.8125
112.5625
113.0
113.4375
114.125
114.5625
114.8125
114.375
113.1875
111.0
106.875
100.5625
94.0625
90.0
88.625
88.375
88.0625
87.6875
86.9375
85.5
84.0625
82.3125
80.5
79.0625
77.5
76.0625
74.875
73.5625
72.375
71.4375
70.875
70.3125
69.75
69.1875
68.5625
68.0625
67.5
66.75
65.8125
65.1875
66.0625
70.8125
81.375
93.6875
103.375
109.625
112.3125
113.125
113.6875
114.5625
115.375
115.5625
115.0625
114.1875
112.375
108.6875
102.75
95.875
91.0625
89.1875
88.6875
88.5
88.25
87.4375
86.1875
84.5
82.875
81.125
79.5625
78.0625
76.5625
75.1875
73.875
72.75
71.8125
71.125
70.4375
70.0
69.5
68.875
68.5
68.0
67.375
66.6875
66.0
66.6875
71.3125
81.9375
94.3125
104.25
110.8125
113.9375
114.5625
115.1875
116.25
117.25
117.5
117.1875
116.25
114.6875
111.25
105.625
98.6875
93.375
91.25
90.8125
90.6875
90.375
89.625
88.4375
87.0
85.1875
83.5625
82.125
80.75
79.1875
77.8125
76.5625
75.3125
74.4375
73.5
72.875
72.5625
72.125
71.5
70.75
70.3125
69.625
68.6875
68.0625
69.25
74.5625
85.5625
97.8125
107.25
113.5
116.375
117.0
117.5
118.6875
119.875
120.375
120.0
118.9375
116.8125
113.1875
107.375
100.0625
94.625
92.375
91.5625
91.1875
90.9375
90.0625
88.5625
86.8125
84.8125
82.9375
81.375
79.8125
78.125
76.6875
75.6875
74.625
73.5
72.5625
72.0
71.5
70.8125
70.0625
69.4375
68.9375
68.1875
67.1875
66.5
67.0625
70.625
80.0
92.625
103.1875
110.0625
113.4375
114.4375
114.9375
115.5
116.1875
116.6875
116.5
115.375
113.625
110.4375
104.9375
97.9375
92.5
90.1875
89.5625
89.4375
89.3125
88.5
87.125
85.5
83.8125
81.9375
80.1875
78.8125
77.5625
76.0625
74.6875
73.5
72.4375
71.5
70.9375
70.4375
69.875
69.4375
69.0
68.5
67.75
67.125
66.1875
65.625
66.9375
72.625
83.875
95.9375
105.125
110.875
113.125
113.5625
114.1875
115.0625
115.8125
116.0
115.5
114.375
112.125
108.0
101.6875
94.9375
90.875
89.625
89.25
89.0
88.625
87.6875
86.25
84.5
82.8125
81.3125
79.6875
78.0625
76.6875
75.375
74.125
72.9375
72.0625
71.3125
70.6875
70.1875
69.75
69.3125
68.875
68.25
67.5
66.625
65.75
65.875
68.8125
77.375
89.75
100.625
108.25
112.375
113.5625
113.875
114.6875
115.9375
116.8125
116.875
116.125
114.5625
111.8125
106.8125
99.75
93.5625
90.5
89.5625
89.375
89.3125
88.875
87.8125
86.375
84.8125
83.1875
81.6875
80.125
78.625
77.125
75.875
74.75
73.6875
72.8125
72.125
71.9375
71.625
71.0625
70.5625
70.1875
69.6875
68.75
67.6875
67.125
68.375
73.5625
84.4375
96.8125
106.6875
112.9375
115.5
116.125
116.9375
118.0625
119.125
119.75
119.75
119.0
117.1875
113.9375
108.375
101.3125
95.5625
93.0625
92.375
92.25
91.8125
91.0
89.75
88.0625
86.3125
84.5625
83.0
81.5625
80.125
78.75
77.4375
76.25
75.1875
74.25
73.625
73.3125
73.0
72.3125
71.25
70.25
69.375
68.5
67.625
67.625
70.5
78.75
90.875
101.9375
109.75
113.875
115.25
115.875
116.875
117.8125
118.4375
118.5625
117.9375
116.6875
114.375
109.875
103.0
96.125
92.125
90.75
90.3125
90.0625
89.5625
88.5625
87.0625
85.1875
83.5
81.8125
80.25
78.875
77.375
76.0
74.625
73.4375
72.5
71.75
71.1875
70.6875
70.1875
69.6875
69.0625
68.4375
67.8125
66.875
66.0625
66.1875
69.0
77.25
89.625
100.5625
108.125
112.1875
113.25
113.5625
114.375
115.3125
115.6875
115.4375
114.6875
113.1875
110.125
104.625
97.625
92.0
89.5
88.875
88.8125
88.625
87.9375
86.625
85.0625
83.375
81.6875
80.0
78.5625
77.125
75.6875
74.3125
73.1875
72.1875
71.3125
70.5625
70.0625
69.75
69.375
68.75
68.1875
67.8125
67.125
66.125
65.1875
65.4375
68.625
77.375
89.875
100.5
107.6875
111.375
112.625
113.3125
114.1875
115.0625
115.6875
115.625
114.6875
113.25
110.4375
105.125
98.0
92.4375
90.0625
89.25
89.0625
88.875
88.25
87.0625
85.375
83.5625
81.875
80.3125
78.8125
77.3125
75.875
74.5625
73.3125
72.25
71.4375
70.75
70.25
69.8125
69.375
68.8125
68.3125
67.75
66.9375
66.0
65.375
66.0
70.4375
80.875
93.375
103.1875
109.8125
112.9375
113.8125
114.5625
115.6875
116.625
117.0
116.75
116.0625
114.5
111.5
105.6875
98.3125
93.0
90.9375
90.3125
90.0625
90.0
89.4375
88.0625
86.4375
84.8125
83.1875
81.625
80.25
79.0625
77.625
76.125
74.875
73.875
73.0625
72.375
72.0
71.8125
71.3125
70.6875
70.1875
69.625
68.8125
67.8125
67.5625
69.5
76.25
87.6875
99.3125
108.125
113.5
115.5
116.125
117.125
118.3125
119.375
119.9375
119.6875
118.75
116.875
113.1875
107.0
99.75
94.5625
92.375
91.5625
91.0625
90.6875
89.875
88.4375
86.5
84.75
82.9375
81.25
79.625
78.0625
76.75
75.5
74.1875
73.0
71.875
71.375
71.0
70.625
69.9375
69.25
68.5625
67.9375
67.0625
66.125
66.125
68.5625
75.6875
87.5625
99.0
107.0625
111.5625
113.3125
113.8125
114.3125
115.1875
115.6875
115.625
115.0
113.875
111.125
106.3125
99.6875
93.3125
90.0625
89.1875
88.9375
88.5625
88.1875
87.0625
85.375
83.6875
82.0625
80.5
78.75
77.375
76.0625
74.6875
73.3125
72.1875
71.375
70.5
69.6875
69.25
69.125
68.75
68.0
67.5
67.1875
66.3125
65.1875
64.6875
65.75
70.625
81.25
93.4375
102.875
108.8125
111.375
112.0
112.625
113.4375
114.0
114.375
114.125
112.8125
110.75
107.0625
101.0625
94.4375
90.0
88.6875
88.5625
88.3125
87.625
86.8125
85.75
84.0625
82.125
80.5
78.875
77.3125
76.1875
74.8125
73.25
72.25
71.375
70.6875
70.0
69.5
69.1875
68.8125
68.25
67.625
67.125
66.3125
65.4375
65.0625
66.5625
72.6875
84.1875
96.0
104.75
109.8125
111.8125
112.625
113.25
113.9375
114.9375
115.4375
114.8125
113.8125
111.9375
107.875
101.25
94.5625
90.5625
89.125
88.8125
88.6875
88.25
87.1875
85.875
84.1875
82.3125
80.75
79.625
78.375
76.75
75.25
74.3125
73.125
72.25
71.5625
71.25
70.8125
70.3125
69.875
69.6875
69.3125
68.5
67.4375
66.8125
67.0625
70.25
79.125
91.6875
102.375
109.5625
113.5625
114.875
115.5
116.5625
117.5625
118.3125
118.4375
117.8125
116.3125
114.0625
109.25
102.3125
96.25
93.4375
92.5
91.9375
91.75
91.0
89.75
88.3125
86.3125
84.625
83.3125
81.75
80.3125
79.0625
77.8125
76.3125
75.25
74.25
73.375
73.0
72.625
72.0625
71.6875
71.0
70.25
69.5
68.3125
67.1875
68.3125
73.625
84.5
96.75
106.25
112.125
114.6875
115.1875
115.625
116.875
117.875
118.25
118.125
117.1875
115.625
112.5
106.4375
99.25
94.0
91.625
90.8125
90.5
90.0
89.375
87.875
86.0
84.3125
82.5
80.8125
79.5
78.0
76.625
75.4375
74.0
73.0
72.1875
71.3125
70.9375
70.4375
69.75
69.3125
68.6875
68.125
67.5
66.375
65.8125
67.125
72.125
83.0625
95.0
104.1875
110.4375
113.0625
113.625
114.25
114.8125
115.75
116.125
115.625
114.6875
112.4375
108.375
102.1875
95.25
91.1875
89.75
89.25
89.3125
88.75
87.8125
86.1875
84.3125
82.9375
81.375
79.8125
78.4375
76.8125
75.3125
74.25
73.0625
72.0
71.25
70.375
70.0625
69.875
69.25
68.8125
68.3125
67.5
67.0
66.0625
65.4375
66.625
71.625
82.5
94.875
104.0625
110.0
112.5
112.875
113.8125
115.0
115.875
116.375
115.75
114.75
113.1875
109.25
102.9375
95.9375
91.375
90.125
89.75
89.5
89.125
87.9375
86.6875
85.0625
83.25
81.6875
79.8125
78.5625
77.25
75.8125
74.5
73.125
72.3125
71.6875
71.0
70.6875
70.0
69.4375
69.1875
68.625
68.0625
66.9375
66.0
66.0
67.9375
75.0625
86.75
98.25
106.875
111.875
113.75
114.1875
115.5625
117.125
118.0625
118.25
117.5
116.625
114.8125
110.4375
103.75
96.5625
92.875
91.8125
91.5
91.3125
90.5625
89.75
88.375
86.5
84.9375
83.3125
81.6875
80.5625
79.125
77.75
76.375
75.0625
74.375
73.625
73.0
72.5625
72.0
71.8125
71.375
70.6875
69.9375
68.75
68.0625
69.0
73.25
83.3125
95.5
105.4375
112.625
116.0625
117.125
117.8125
119.0
120.625
121.375
121.375
120.5625
119.0625
116.6875
111.5625
104.0
96.6875
93.375
92.9375
92.75
92.5625
91.375
89.75
88.125
86.1875
84.5
82.625
81.0625
79.875
78.375
77.0625
75.5625
74.125
73.375
72.625
72.0
71.375
70.6875
70.4375
69.8125
69.25
68.3125
67.3125
66.8125
67.25
71.0625
80.25
92.625
103.0
110.125
113.5
114.1875
115.0
116.0625
117.25
117.6875
117.4375
116.8125
115.5
112.25
106.1875
99.0625
93.4375
91.125
90.1875
89.75
89.875
89.3125
88.0
85.9375
84.1875
82.625
81.0625
79.5
77.8125
76.5625
75.25
74.25
72.75
71.6875
71.25
70.75
70.4375
69.75
69.3125
68.8125
68.3125
67.5625
66.625
66.0625
65.9375
68.4375
75.625
87.5625
99.125
107.0625
111.5
112.5
113.125
114.125
115.0625
115.75
115.75
115.4375
114.0625
111.4375
106.1875
99.125
93.3125
90.5625
89.75
89.3125
89.125
88.625
87.375
85.75
83.8125
82.3125
80.75
79.3125
77.75
76.125
74.9375
73.875
72.8125
71.625
71.0625
70.625
70.375
69.8125
69.0
68.5625
68.3125
67.8125
66.6875
65.6875
65.5625
67.0
72.6875
83.625
95.6875
104.9375
110.5
112.3125
113.0
114.25
115.375
116.0
116.0
116.0625
115.3125
113.125
109.25
102.6875
95.5625
91.25
89.75
89.5625
89.375
88.625
87.9375
86.6875
84.8125
82.9375
81.0625
79.75
78.5
77.0625
75.8125
74.6875
73.625
72.5625
72.0
71.3125
70.625
70.625
70.375
69.8125
69.125
68.8125
68.3125
67.25
66.4375
66.9375
71.125
80.75
93.0
103.4375
110.25
113.6875
114.8125
115.5625
116.8125
117.6875
118.625
118.6875
118.0
116.625
113.8125
108.75
101.625
95.75
92.9375
92.125
92.125
91.875
90.9375
89.375
87.875
86.25
84.5625
82.9375
81.375
80.1875
78.8125
77.5
76.25
74.8125
73.9375
73.25
72.75
72.4375
71.9375
71.6875
71.1875
70.3125
69.5625
68.625
67.8125
67.5625
69.9375
77.75
89.5
100.5625
108.5625
113.125
114.5
114.9375
116.25
117.4375
118.125
117.9375
117.5625
116.5
114.375
110.0
103.0625
96.3125
92.4375
91.0
90.4375
90.1875
89.6875
88.625
87.0
85.1875
83.375
81.625
80.125
78.5625
77.0625
75.8125
74.5
73.3125
72.3125
71.5
70.8125
70.375
69.9375
69.375
68.8125
68.3125
67.75
67.0
66.0625
65.5
66.75
72.125
83.1875
95.25
104.1875
109.75
112.0
112.5
112.9375
113.875
114.875
115.125
114.5625
113.5
111.4375
107.125
100.4375
93.6875
90.0625
89.0
88.6875
88.5
88.0625
87.0625
85.5625
83.875
82.25
80.5625
79.0625
77.625
76.1875
74.6875
73.4375
72.3125
71.25
70.4375
69.75
69.25
68.9375
68.625
68.125
67.625
67.25
66.5625
65.75
64.8125
64.5
66.25
72.875
85.0
96.5625
104.875
109.75
111.5625
111.9375
112.625
113.625
114.3125
114.4375
113.9375
112.8125
110.625
105.9375
99.125
92.875
89.6875
88.6875
88.4375
88.125
87.625
86.5625
85.0625
83.3125
81.625
80.0625
78.625
77.1875
75.8125
74.4375
73.125
72.0625
71.125
70.3125
69.75
69.3125
68.9375
68.4375
68.0
67.625
67.0625
66.25
65.3125
64.625
65.5
70.125
80.9375
93.5
102.875
108.75
111.375
112.125
112.8125
113.875
114.875
115.3125
115.0625
114.1875
112.625
109.25
103.25
96.25
91.5
89.875
89.4375
89.25
89.125
88.4375
87.1875
85.5625
83.875
82.3125
80.875
79.5
78.0
76.625
75.375
74.1875
73.1875
72.3125
71.625
71.1875
70.8125
70.5
70.0625
69.5
68.8125
68.0
67.125
66.625
68.125
74.0625
85.3125
97.1875
106.25
111.8125
114.125
114.8125
115.4375
116.5625
117.875
118.6875
118.5625
117.625
115.875
112.4375
106.5
99.25
94.125
92.125
91.4375
91.0
90.3125
89.125
87.5625
85.9375
84.3125
82.625
80.9375
79.4375
78.0
76.5
75.0625
73.75
72.625
71.5625
70.8125
70.1875
69.75
69.4375
68.8125
68.125
67.4375
66.8125
66.0
65.1875
65.5625
69.25
78.6875
91.0
101.125
107.875
111.1875
112.125
112.625
113.375
114.125
114.5
114.375
113.5625
112.0
108.875
103.3125
96.3125
91.0
88.625
87.9375
87.875
87.6875
86.8125
85.5625
84.1875
82.625
80.875
79.125
77.625
76.3125
74.9375
73.5625
72.1875
71.1875
70.25
69.4375
68.875
68.5625
68.25
67.6875
67.1875
66.875
66.25
65.4375
64.5
64.125
65.1875
70.0
81.1875
93.6875
102.6875
108.1875
110.375
110.875
111.4375
111.8125
112.1875
112.5
112.125
111.0
108.9375
104.6875
98.1875
91.875
88.4375
87.25
87.0625
86.9375
86.5
85.5
84.1875
82.5
80.8125
79.25
77.8125
76.5
75.0
73.75
72.5625
71.4375
70.375
69.5625
69.0
68.5
68.0625
67.6875
67.25
66.6875
66.25
65.5625
64.6875
64.0
64.3125
67.75
77.3125
90.375
100.5625
106.8125
109.9375
110.75
111.0
111.875
112.625
113.0
112.75
111.8125
110.4375
107.6875
102.0
94.875
89.8125
87.8125
87.3125
86.875
86.5
85.8125
84.625
83.125
81.625
80.0625
78.625
77.3125
76.0
74.875
73.625
72.3125
71.3125
70.4375
69.8125
69.375
69.0625
68.625
68.125
67.75
67.3125
66.5
65.6875
65.0
65.625
69.5
78.6875
91.5625
102.1875
108.5
111.6875
112.6875
113.25
114.125
115.0
115.375
115.3125
114.5
113.0
110.5625
105.375
98.125
92.4375
90.25
89.6875
89.25
88.9375
88.375
87.375
85.8125
84.0625
82.625
81.125
79.5
78.0625
76.875
75.5625
74.25
73.1875
72.5
71.6875
71.125
70.75
70.4375
69.6875
68.9375
68.3125
67.5625
66.5625
66.0625
68.4375
75.125
86.5
99.0625
107.1875
111.4375
112.9375
113.25
113.75
114.5625
115.3125
115.375
114.625
113.25
111.125
107.1875
100.625
93.9375
90.4375
89.1875
88.6875
88.3125
87.4375
86.25
84.875
83.3125
81.875
80.4375
78.9375
78.375
79.6875
84.5625
92.125
101.3125
107.625
108.375
107.3125
106.0
104.5625
103.0
100.1875
94.375
86.6875
81.75
80.125
79.4375
79.625
80.3125
80.5
80.0625
79.25
78.0625
76.6875
75.3125
74.0625
72.8125
71.5
70.4375
69.25
67.9375
66.875
65.875
65.125
64.375
63.75
63.5
63.125
62.75
62.375
61.9375
61.5
61.1875
60.6875
60.375
60.0
59.75
59.5
59.0
58.625
58.4375
58.0
57.4375
56.6875
56.875
61.3125
73.75
89.25
100.3125
107.625
110.875
111.4375
111.25
111.4375
112.125
112.125
111.0625
109.125
106.375
103.125
98.125
91.0
86.5
86.0625
86.3125
86.25
86.0
84.8125
83.0625
81.3125
79.8125
78.375
76.8125
75.4375
74.125
72.875
71.75
70.4375
69.5625
68.75
68.125
67.75
67.3125
66.875
66.3125
65.875
65.375
64.75
63.9375
62.9375
62.625
64.5
71.25
83.3125
95.625
103.6875
108.25
109.5
109.4375
109.8125
110.3125
110.5
110.3125
109.5625
107.9375
105.4375
101.9375
97.0625
92.0
88.625
87.0
86.625
86.25
85.8125
84.9375
83.9375
82.5625
81.0625
79.625
78.3125
76.875
75.5625
74.125
72.9375
71.8125
70.8125
70.125
69.5
68.875
68.625
68.3125
67.75
67.0625
66.25
65.5625
65.375
67.5
75.1875
88.6875
100.25
107.6875
111.75
112.875
112.8125
113.375
114.0625
114.75
114.5625
113.8125
112.375
110.4375
106.0
98.75
92.25
89.3125
88.375
88.0
87.8125
87.375
86.0625
84.625
83.1875
81.75
79.9375
78.4375
77.25
76.0625
74.5625
72.9375
71.5625
70.375
69.625
69.125
68.75
68.0
67.375
66.75
66.1875
65.125
64.0625
63.625
65.5
71.9375
83.1875
94.8125
103.625
109.0
110.8125
110.875
111.0
111.6875
112.125
111.875
111.125
109.6875
107.25
103.1875
97.0625
90.6875
87.1875
86.0625
85.625
85.4375
85.3125
84.4375
82.75
81.375
80.0
78.25
76.4375
75.0625
73.875
72.625
71.1875
70.125
69.1875
68.4375
67.875
67.4375
66.875
66.25
65.625
65.125
64.5
63.8125
63.0
63.25
67.625
77.375
88.9375
99.25
106.5625
109.25
109.4375
109.3125
109.6875
109.9375
110.25
109.8125
108.75
106.875
103.75
97.875
90.375
85.8125
85.0625
84.875
84.75
84.4375
83.75
82.5625
81.0625
79.375
77.875
76.3125
74.9375
73.4375
72.1875
71.0625
70.0
68.9375
68.25
67.625
67.25
66.75
66.25
65.625
65.0625
64.5625
63.875
62.9375
62.5625
65.0
72.625
84.875
95.8125
103.625
108.0625
109.4375
109.375
110.0
110.6875
111.0625
110.875
110.0625
108.6875
106.0625
101.6875
95.1875
89.25
86.375
85.625
85.375
85.25
84.875
83.8125
82.3125
80.625
79.0
77.5
76.125
74.875
73.5
72.125
70.875
69.875
69.0625
68.4375
67.9375
67.5
66.8125
66.3125
65.875
65.375
64.6875
63.75
63.5
65.6875
72.6875
84.5
96.0
104.375
109.375
111.1875
111.1875
111.5625
112.4375
113.1875
113.25
112.625
111.1875
108.75
104.5625
98.3125
92.0
88.5
87.5
87.3125
87.125
86.875
86.0625
84.6875
83.1875
81.6875
80.1875
78.8125
77.3125
75.875
74.5
73.25
72.1875
71.3125
70.6875
70.25
69.8125
69.4375
68.75
68.1875
67.625
66.875
66.0
65.5625
68.0
75.75
87.9375
99.0625
107.1875
112.0
113.5625
113.6875
114.0625
114.9375
115.75
115.9375
115.3125
113.8125
111.25
106.9375
100.375
93.9375
90.3125
89.375
89.0625
88.625
88.0
86.875
85.0
83.0
81.4375
80.25
78.8125
77.1875
77.125
80.1875
87.9375
97.5
104.8125
108.625
108.875
107.3125
105.875
104.75
103.3125
100.5
95.5625
89.0
83.8125
81.1875
80.375
80.5625
81.0625
81.0625
80.625
79.875
78.625
77.0625
75.6875
74.4375
73.25
71.875
70.5625
69.625
68.5
67.125
66.0625
65.375
64.8125
64.125
63.5
63.3125
63.0
62.5
62.125
61.625
61.0625
60.6875
60.375
60.0
59.75
59.5
59.125
58.625
58.25
58.0625
57.5625
56.75
56.3125
59.1875
69.375
83.625
95.75
104.9375
109.6875
110.5625
110.375
110.5625
111.0
111.0625
110.375
108.9375
106.4375
102.4375
96.9375
91.0625
87.125
85.875
85.8125
86.0
85.625
84.6875
83.375
81.8125
80.125
78.5
77.125
75.75
74.25
72.8125
71.8125
70.625
69.4375
68.6875
68.125
67.5
66.9375
66.75
66.4375
65.6875
65.1875
64.875
64.1875
63.125
62.375
62.6875
66.1875
75.5
87.9375
97.9375
104.875
108.375
108.75
108.6875
109.0625
109.3125
109.5625
109.25
108.0625
105.875
102.25
96.5625
90.125
86.1875
84.875
84.4375
84.375
84.125
83.3125
82.0625
80.625
79.125
77.625
76.1875
74.875
73.5625
72.375
71.375
70.25
69.25
68.625
68.125
67.625
67.25
66.75
66.4375
65.9375
65.125
64.25
63.6875
64.6875
70.125
80.9375
93.0625
102.5625
108.8125
111.3125
111.375
111.625
112.125
112.6875
112.875
112.3125
110.8125
108.6875
105.1875
99.625
93.375
89.0625
87.375
87.0625
86.875
86.5625
85.875
84.625
83.1875
81.6875
79.9375
78.25
76.875
75.625
74.4375
73.0
71.875
70.9375
70.375
69.8125
69.1875
68.75
68.1875
67.5625
67.0
66.1875
65.25
64.875
66.0625
71.6875
82.5625
94.125
102.9375
108.6875
111.0
110.9375
111.0
111.5625
111.875
112.1875
111.5625
109.9375
107.75
104.125
98.1875
91.3125
87.125
85.75
85.4375
85.1875
84.9375
84.375
83.25
81.5
79.4375
78.0
76.5
74.875
73.5
72.3125
71.1875
70.0625
68.9375
68.125
67.75
67.3125
66.625
65.8125
65.25
64.6875
64.0625
63.1875
62.625
63.8125
69.375
80.0625
91.875
100.875
106.625
108.6875
108.5625
108.625
108.875
109.0
109.0625
108.375
106.75
104.1875
100.0625
94.0
88.1875
85.1875
84.3125
84.0
84.0
83.75
82.875
81.4375
79.875
78.375
76.8125
75.3125
73.875
72.625
71.375
70.0625
69.0
68.1875
67.4375
66.875
66.5
66.0625
65.3125
64.625
64.3125
63.625
62.75
62.0625
63.4375
69.125
80.0
91.5625
100.3125
105.9375
108.1875
108.25
108.25
108.5625
108.8125
108.9375
108.375
107.0
104.5625
100.375
94.4375
88.4375
85.0625
84.0625
83.875
83.8125
83.5625
82.75
81.5
80.0
78.375
76.8125
75.3125
73.875
72.4375
71.1875
70.0
68.9375
68.0
67.4375
67.0
66.5625
65.8125
65.1875
64.75
64.25
63.4375
62.375
62.1875
64.5
71.875
83.625
94.5625
102.75
107.5625
108.875
108.5625
108.8125
109.4375
109.75
109.5625
108.6875
107.1875
104.625
100.3125
94.1875
88.5625
85.8125
84.9375
84.625
84.5625
84.3125
83.5
82.125
80.8125
79.5
78.0
76.5625
75.3125
73.9375
72.5
71.3125
70.1875
69.375
68.9375
68.625
68.0
67.375
66.875
66.375
65.875
65.1875
64.375
64.6875
69.0
79.0
91.125
101.1875
107.875
110.875
111.3125
111.4375
111.75
112.375
113.0625
112.8125
111.5625
109.625
106.5625
101.4375
94.9375
90.0
88.0
87.25
87.1875
87.0
86.3125
85.3125
83.75
82.0
80.5
78.8125
77.1875
75.625
74.0
72.75
71.375
70.0625
69.4375
69.1875
68.6875
67.875
66.875
66.1875
65.6875
64.8125
64.0625
63.25
64.25
69.875
80.375
92.0625
101.375
107.4375
109.8125
110.0
109.875
109.9375
110.125
110.25
109.5625
108.0
105.6875
102.0
96.375
90.1875
86.375
85.0625
84.75
84.8125
84.5625
83.5
82.25
81.0
79.25
77.1875
75.625
74.5625
73.25
71.875
70.5
69.4375
68.625
68.0625
67.0
66.4375
66.4375
65.8125
64.9375
64.3125
63.875
63.125
62.375
62.8125
67.25
77.125
89.125
98.5625
104.8125
107.875
108.25
107.75
107.6875
108.0625
108.0625
107.125
105.8125
103.9375
100.0
94.0
88.1875
85.125
83.875
83.4375
83.4375
83.4375
82.9375
81.3125
79.5625
78.375
76.875
75.0
73.6875
72.5
71.0
69.75
68.625
67.9375
67.3125
66.625
66.125
65.9375
65.1875
64.4375
64.1875
63.5625
62.625
61.875
62.5625
67.125
77.1875
89.0
98.5625
104.9375
107.5
107.9375
108.0625
108.0
108.375
108.75
108.3125
107.125
104.75
101.1875
95.8125
89.4375
85.4375
84.25
83.8125
83.75
83.5
83.0
82.0
80.3125
78.8125
77.3125
75.6875
74.3125
72.875
71.5
70.25
69.0
68.3125
67.625
66.6875
66.3125
66.0
65.625
65.0
64.1875
64.0
63.5625
62.6875
63.3125
67.6875
77.0625
89.4375
99.375
105.8125
108.9375
109.5
109.375
109.9375
110.4375
110.875
110.6875
109.1875
107.25
104.3125
98.8125
92.4375
88.125
86.4375
86.125
85.8125
85.75
85.375
84.0
82.5
81.25
79.5
78.0625
76.8125
75.3125
74.125
73.0
71.8125
70.75
69.5625
69.125
69.125
68.4375
67.9375
67.5625
66.75
66.125
65.3125
64.8125
65.125
68.4375
78.0625
90.5
100.375
107.4375
110.875
111.5
111.5
112.0625
113.125
113.3125
112.5
111.6875
109.875
106.6875
101.6875
95.1875
90.125
87.625
86.8125
86.5625
85.9375
85.4375
84.5625
82.9375
81.0625
79.0625
77.625
76.0625
74.75
73.625
71.9375
70.9375
70.1875
69.0625
68.25
67.5
67.1875
66.625
66.0
65.5
64.5
64.0
63.5625
63.0
64.0625
69.5625
80.6875
92.125
100.875
106.625
108.3125
108.25
108.625
109.25
109.1875
108.75
108.6875
107.1875
104.4375
100.5
94.3125
88.4375
85.75
84.8125
84.4375
84.25
83.875
83.1875
81.6875
80.3125
78.625
76.75
75.6875
74.375
72.8125
71.4375
70.1875
69.25
68.1875
67.6875
67.0
66.1875
66.125
65.75
65.0
64.25
63.875
63.3125
62.25
62.4375
65.125
72.875
85.125
95.8125
103.125
106.75
107.8125
107.9375
107.8125
108.1875
108.3125
108.0625
107.3125
105.6875
102.6875
97.125
90.9375
86.6875
84.75
84.375
83.9375
83.75
83.3125
82.4375
80.75
78.8125
77.6875
76.4375
74.75
73.0625
71.8125
70.5625
69.5625
68.6875
67.4375
66.9375
66.8125
66.4375
65.625
65.0
64.8125
64.1875
63.6875
62.625
61.625
62.375
66.6875
76.125
87.6875
97.75
104.75
107.875
108.375
108.25
108.6875
109.1875
109.625
109.0625
107.6875
106.25
103.0625
97.5625
91.0
86.625
85.0
84.5625
84.6875
84.25
83.75
83.0
81.75
79.9375
78.3125
77.125
75.5625
74.4375
73.0625
71.5625
70.75
69.9375
69.0625
68.25
67.875
67.6875
67.375
67.0
66.125
65.75
65.375
64.5625
63.625
64.3125
69.4375
79.6875
91.5625
100.9375
107.4375
110.5
110.6875
110.9375
111.5
112.125
112.625
112.625
111.375
109.0
106.25
101.25
94.6875
89.75
88.0
87.6875
87.4375
87.375
86.375
85.0625
83.875
82.375
80.625
78.875
77.6875
76.3125
75.125
73.75
72.3125
71.6875
71.0625
70.3125
69.5
69.0625
68.4375
67.4375
66.8125
65.8125
65.0
64.5625
64.125
65.875
72.5625
83.875
95.0625
103.25
108.5625
110.125
110.125
110.5
111.25
111.9375
111.4375
110.75
109.875
107.4375
103.1875
96.9375
90.8125
87.125
85.9375
85.625
85.375
85.375
84.75
83.4375
81.4375
79.75
78.4375
76.75
75.125
73.4375
72.5
71.375
70.125
69.3125
68.375
67.6875
67.3125
67.0625
66.625
65.5625
65.25
64.875
64.3125
63.0625
62.5625
65.0625
72.125
83.4375
94.0
102.1875
107.4375
108.8125
108.4375
108.4375
109.1875
109.375
109.125
108.3125
106.6875
104.0625
99.25
93.0625
87.625
85.25
84.5625
84.625
84.5
83.8125
82.9375
81.625
80.25
78.25
76.625
75.5625
74.4375
72.875
71.0
70.0625
69.5
68.75
67.5
67.0
66.875
66.375
65.6875
65.125
64.9375
64.25
63.5
62.625
62.375
64.6875
72.0625
83.9375
94.6875
102.3125
106.9375
108.625
108.625
108.4375
109.1875
109.8125
109.75
108.625
106.875
104.4375
99.875
93.875
88.4375
85.75
85.0625
84.9375
84.9375
84.25
83.25
81.9375
80.75
78.8125
77.0
75.9375
74.75
73.1875
71.6875
70.5625
69.8125
68.875
67.8125
67.625
67.5
66.625
65.9375
65.6875
65.4375
64.375
63.3125
62.875
63.4375
67.6875
77.25
89.5
99.4375
106.0
109.25
110.25
110.5
110.8125
111.3125
111.9375
111.5625
110.4375
108.9375
105.875
100.4375
94.0625
89.375
87.375
86.75
86.625
86.5625
85.875
84.5625
83.3125
82.1875
80.5625
78.875
77.625
76.4375
74.9375
73.5
72.4375
71.5625
70.5625
69.75
69.375
69.25
68.875
68.3125
67.625
67.0625
66.5
65.8125
65.0
65.5625
70.3125
80.4375
92.4375
101.9375
108.625
112.0625
112.5625
112.5625
113.375
114.375
114.75
114.5
113.6875
112.125
109.25
104.375
97.75
91.875
89.0625
88.1875
87.875
87.75
87.125
85.6875
84.0625
82.375
80.625
78.9375
77.1875
75.8125
74.6875
73.25
71.875
71.0
70.1875
69.3125
68.6875
68.3125
67.9375
67.3125
66.375
65.8125
65.375
64.5625
63.5
63.5625
67.0625
75.75
87.5625
97.875
105.25
109.1875
109.9375
109.75
110.25
110.8125
111.1875
111.0625
110.125
108.25
105.0
99.9375
93.625
88.6875
86.4375
85.625
85.5625
85.5
84.9375
83.75
82.375
80.9375
79.25
77.4375
75.9375
74.6875
73.4375
72.1875
71.0
69.875
68.875
68.0
67.5625
67.4375
67.125
66.25
65.625
65.3125
64.8125
63.9375
63.0
62.875
65.125
72.0
83.5
94.6875
102.75
107.5
108.875
108.8125
109.25
109.625
109.75
109.75
109.25
107.625
104.9375
100.3125
93.9375
88.0625
85.25
84.875
85.0
84.875
84.375
83.375
82.125
80.5625
78.9375
77.4375
76.0625
74.625
73.125
71.875
70.9375
69.875
68.6875
67.875
67.5625
67.1875
66.5625
66.1875
65.875
65.375
64.625
63.9375
63.0625
62.5
63.6875
69.5
80.4375
91.9375
100.6875
106.5
108.9375
109.0
109.1875
110.0625
110.8125
110.875
110.625
109.6875
107.5625
103.6875
97.875
91.5625
87.25
85.875
85.625
85.5
84.9375
84.25
83.25
81.875
80.375
79.125
77.75
76.1875
74.875
73.8125
72.375
71.1875
70.5
69.625
68.9375
68.625
68.375
67.9375
67.5
67.1875
66.625
65.8125
64.875
64.125
65.0625
69.625
79.4375
91.625
101.6875
108.0625
111.0
111.8125
112.3125
112.875
113.6875
114.3125
113.8125
112.6875
111.125
108.3125
103.1875
96.75
91.4375
88.9375
88.4375
88.3125
88.0625
87.5625
86.5
84.9375
83.25
81.75
80.25
78.6875
77.4375
76.3125
74.875
73.6875
72.75
71.6875
70.9375
70.5625
70.0625
69.625
69.125
68.0
66.9375
66.3125
65.375
64.5
65.3125
69.8125
79.4375
91.5
101.375
107.625
110.6875
111.1875
111.1875
111.875
112.625
113.0
113.25
112.625
110.625
107.5625
102.625
95.8125
90.1875
87.5625
86.4375
86.1875
86.25
85.6875
84.625
83.4375
81.6875
80.0625
78.625
77.0
75.5625
74.3125
73.0
71.8125
70.625
69.75
69.125
68.25
67.5625
67.375
67.0
66.25
65.875
65.4375
64.5
63.625
63.5
65.5
72.625
84.4375
95.375
103.25
108.0625
109.5
109.375
109.6875
110.125
110.5625
110.75
110.125
108.5625
106.0
101.375
94.875
89.125
86.125
85.125
84.8125
84.8125
84.625
83.75
82.375
80.6875
79.125
77.625
76.3125
75.0
73.4375
72.125
71.125
70.0625
69.0
68.125
67.625
67.3125
66.875
66.25
65.6875
65.375
64.875
64.125
63.0625
62.375
63.3125
67.8125
77.5625
89.5625
99.25
105.6875
108.5
108.8125
109.0
109.4375
109.9375
110.4375
110.4375
109.375
107.4375
104.0
98.625
92.0625
87.1875
85.375
85.0625
84.9375
84.6875
84.0
82.9375
81.5625
79.9375
78.3125
76.9375
75.5625
74.125
72.75
71.5625
70.5
69.4375
68.5
67.8125
67.3125
67.0
66.5625
65.9375
65.5
65.0625
64.375
63.375
62.5
63.125
67.1875
76.6875
88.75
98.75
105.8125
109.375
110.0625
110.1875
110.9375
111.4375
111.6875
111.75
111.0
109.375
106.5625
101.6875
95.1875
89.5
87.0625
86.5625
86.5625
86.5625
86.0625
84.9375
83.5
82.0
80.5
79.0
77.6875
76.375
75.0
73.75
72.625
71.5
70.5
69.75
69.25
68.875
68.5
68.25
67.8125
67.3125
66.625
65.8125
65.0625
64.8125
67.125
74.6875
86.5
97.5
105.5
110.4375
112.125
112.25
112.6875
113.6875
114.5625
114.75
114.0625
112.875
110.8125
107.0625
100.875
94.1875
89.875
88.1875
87.625
87.5
87.25
86.1875
84.75
83.125
81.375
79.5
77.9375
76.5625
75.0625
73.6875
72.5625
71.5
70.375
69.5
68.9375
68.5
67.9375
67.4375
66.8125
65.9375
65.375
64.8125
64.0
63.25
64.25
69.5
79.875
91.625
100.75
106.75
109.1875
109.3125
109.5
110.125
110.625
110.875
110.5625
109.3125
107.25
103.8125
98.25
91.75
87.3125
85.875
85.4375
85.125
84.9375
84.3125
83.0625
81.5
79.9375
78.375
76.875
75.375
74.125
72.8125
71.5625
70.375
69.4375
68.4375
67.6875
67.1875
66.875
66.4375
65.875
65.4375
64.9375
64.375
63.625
62.625
62.1875
63.8125
70.125
81.4375
92.875
101.25
106.5
108.3125
108.25
108.5625
109.25
109.6875
109.75
109.25
107.9375
105.625
101.5
95.375
89.0625
85.5
84.6875
84.6875
84.625
84.5
83.6875
82.1875
80.625
78.9375
77.25
75.875
74.5
73.1875
71.9375
70.6875
69.625
68.6875
67.875
67.3125
66.875
66.4375
66.0
65.5
65.0625
64.6875
63.9375
62.9375
62.1875
62.875
67.1875
76.9375
88.75
98.3125
104.75
108.0
108.6875
108.875
109.4375
109.9375
110.4375
110.25
109.1875
107.5
104.3125
99.1875
92.6875
87.5625
85.625
85.125
85.0
85.0
84.5625
83.5625
82.0625
80.5625
79.0625
77.5625
76.1875
74.9375
73.625
72.5
71.25
70.3125
69.5625
68.875
68.5
68.125
67.875
67.4375
66.9375
66.5625
65.875
64.9375
64.125
64.3125
67.8125
76.75
88.875
99.1875
106.5
110.1875
111.1875
111.3125
112.0
112.9375
113.5625
113.75
112.875
111.3125
108.875
104.6875
98.6875
92.8125
89.5625
88.5625
88.1875
87.9375
87.375
86.3125
84.875
83.375
81.8125
80.1875
78.6875
77.1875
76.0
74.875
73.625
72.625
71.5625
70.8125
70.375
69.9375
69.5
68.625
67.6875
66.875
66.1875
65.3125
64.4375
64.8125
68.3125
77.25
88.9375
98.9375
106.25
110.0
110.6875
110.625
111.0
112.0
112.875
112.8125
112.0
110.5
107.75
103.25
96.625
90.375
87.125
86.1875
86.0
86.0
85.5625
84.5
83.125
81.5
79.875
78.125
76.5625
75.3125
74.125
72.6875
71.4375
70.4375
69.5625
68.8125
68.125
67.5625
67.3125
66.75
66.0
65.5625
65.0
64.25
63.3125
63.0
65.6875
73.3125
84.75
95.5
103.375
107.75
108.875
108.75
109.125
109.6875
109.9375
109.9375
109.25
107.625
104.8125
100.0625
93.875
88.5
85.875
85.1875
85.0625
85.0625
84.5
83.375
82.0625
80.4375
78.75
77.125
75.6875
74.375
72.9375
71.625
70.5625
69.5625
68.6875
67.8125
67.375
67.0625
66.625
66.1875
65.5625
65.125
64.625
63.8125
62.875
62.375
64.25
70.75
82.0
93.4375
101.625
106.6875
108.375
108.375
108.875
109.5
110.0
110.125
109.5
108.25
106.125
102.25
96.3125
90.0
86.375
85.375
85.125
84.9375
84.75
83.9375
82.625
81.0
79.375
77.8125
76.3125
74.8125
73.5625
72.3125
71.0
70.0
69.0
68.3125
67.8125
67.4375
66.875
66.3125
65.75
65.25
64.75
63.875
62.875
63.0
66.0625
74.25
86.1875
96.875
104.5625
108.75
109.9375
110.0
110.375
111.125
111.9375
112.125
111.3125
109.75
107.1875
102.75
96.5
90.6875
87.875
87.0
86.9375
86.6875
86.3125
85.5
83.9375
82.4375
80.875
79.4375
78.0
76.6875
75.4375
74.0625
72.875
71.6875
70.875
70.1875
69.75
69.25
68.9375
68.375
67.875
67.5
66.875
66.0625
64.9375
65.0625
68.625
77.625
89.6875
99.9375
107.375
111.1875
112.1875
112.4375
113.0625
114.1875
114.625
114.8125
114.25
112.8125
110.125
105.9375
99.375
92.9375
89.625
88.8125
88.375
88.1875
87.375
85.9375
84.3125
82.5625
80.75
79.5
78.1875
77.0
77.375
81.375
90.0
98.75
104.5625
107.125
106.875
105.25
103.6875
102.1875
100.0625
96.125
90.125
84.1875
80.5625
79.0625
78.9375
79.375
80.0625
80.1875
79.25
78.0625
76.875
75.5
73.9375
72.875
71.625
70.4375
69.125
67.9375
67.125
66.0625
65.0
64.125
63.625
63.25
62.875
62.375
62.0625
61.75
61.375
60.75
60.3125
59.875
59.6875
59.3125
59.0625
58.8125
58.1875
57.875
57.5
57.0625
56.3125
56.6875
62.4375
74.9375
88.5
99.125
106.5625
109.375
109.1875
108.9375
109.0625
109.125
109.125
108.3125
106.5625
103.5625
99.25
93.375
88.125
85.375
84.75
84.875
85.0
84.5625
83.5
82.0625
80.5625
78.875
77.1875
75.75
74.375
73.0
71.75
70.4375
69.5
68.5625
67.8125
67.25
66.8125
66.4375
66.125
65.4375
65.0
64.625
64.0
63.1875
62.25
62.0625
64.25
71.5
83.25
94.3125
102.125
106.375
107.4375
107.4375
107.5625
107.8125
108.1875
108.25
107.25
105.5
102.625
97.6875
91.5
86.5625
84.5625
83.8125
83.4375
83.375
83.125
82.125
80.6875
79.1875
77.625
76.0
74.4375
73.3125
72.0
70.625
69.5625
68.625
68.0
67.5625
67.375
66.875
66.1875
65.9375
65.4375
64.75
63.9375
63.0625
63.0
66.0625
74.0625
86.1875
97.3125
104.875
109.0625
110.25
110.125
110.125
110.6875
111.25
110.9375
110.0625
108.5625
105.8125
101.25
95.1875
89.9375
87.125
86.5
86.375
86.1875
85.5625
84.5625
83.3125
81.6875
80.0625
78.625
77.3125
75.5625
74.3125
73.375
72.1875
70.9375
69.9375
69.4375
69.0625
68.5
67.9375
67.4375
66.75
66.1875
65.4375
64.625
64.1875
66.3125
73.875
85.5625
96.5
104.3125
108.8125
110.0
110.0
110.25
111.0
111.4375
111.3125
110.75
109.1875
106.5625
102.5
96.6875
90.375
86.625
85.5
85.375
85.125
84.625
83.9375
82.75
81.0625
79.125
77.625
76.0625
74.5625
73.1875
71.9375
70.625
69.5625
68.75
68.0
67.4375
66.875
66.375
65.625
64.9375
64.5625
63.8125
63.0
62.5625
64.5625
71.1875
82.4375
93.75
102.0625
106.8125
108.1875
108.0
108.0625
108.125
108.1875
108.0
107.125
105.5625
102.9375
98.5
92.375
87.125
84.75
84.125
83.6875
83.5
83.25
82.3125
80.75
79.1875
77.8125
76.25
74.5625
73.375
72.25
70.8125
69.5625
68.6875
67.8125
67.1875
66.75
66.25
65.5
64.9375
64.5625
64.0
63.1875
62.3125
62.25
64.75
72.125
83.875
94.875
102.5
106.5
107.5
107.5625
107.75
107.875
108.0625
107.8125
106.875
105.5625
103.125
98.1875
91.8125
86.875
84.5
83.8125
83.625
83.5625
83.0625
82.0
80.75
79.25
77.4375
76.0
74.8125
73.25
72.0
70.6875
69.1875
68.375
67.625
66.875
66.3125
66.0
65.4375
64.9375
64.4375
63.8125
63.0
62.1875
61.875
64.4375
71.875
83.4375
94.4375
102.1875
106.6875
108.0625
108.0
108.1875
108.6875
108.9375
108.75
108.1875
106.625
104.125
99.6875
93.5625
88.25
85.375
84.4375
84.4375
84.375
84.0
83.0625
81.8125
80.3125
78.75
77.25
75.9375
74.5625
73.375
72.25
71.0625
69.9375
69.125
68.625
68.0625
67.625
67.3125
66.625
66.0625
65.75
64.875
64.0
64.0625
66.4375
74.0625
86.3125
97.1875
104.9375
109.25
110.0
110.1875
110.6875
111.1875
111.75
111.8125
110.9375
109.5625
107.1875
103.0625
97.0
91.25
88.25
87.3125
87.0
86.6875
86.0
85.375
83.9375
82.3125
80.8125
79.0
77.5625
76.375
75.0
73.5
72.25
71.0
69.75
69.125
68.3125
67.875
67.5625
66.625
65.9375
65.3125
64.3125
63.625
63.375
65.9375
73.9375
85.375
96.25
104.0625
107.9375
109.0
108.75
108.6875
109.5625
110.0
109.5
108.75
106.9375
104.125
99.625
93.3125
87.5625
85.25
84.6875
84.375
84.5
83.9375
82.6875
81.5625
79.9375
78.25
76.5625
74.9375
73.75
72.4375
71.25
70.0625
68.6875
68.0
67.625
66.9375
66.375
65.5625
64.8125
64.5625
64.0625
63.25
62.5625
62.1875
65.0
73.0
84.625
95.125
102.5625
106.625
107.3125
107.0
107.25
107.25
107.25
107.3125
106.1875
104.3125
101.0625
95.6875
89.6875
85.5
83.8125
83.4375
83.1875
82.75
82.5
81.375
80.0
78.6875
76.875
75.25
74.125
72.75
71.5625
70.0625
68.6875
68.125
67.4375
66.6875
66.3125
65.625
65.0625
64.5625
63.9375
63.5
62.5625
61.75
62.125
65.9375
75.1875
86.75
96.375
103.5
106.875
107.1875
106.9375
106.9375
107.4375
107.5625
107.3125
106.5
104.375
101.1875
96.125
90.0625
85.5625
83.5
83.5
83.4375
83.125
82.625
81.25
79.875
78.5
76.9375
75.6875
73.875
72.5625
71.5625
70.375
69.125
67.8125
67.1875
66.75
66.25
65.6875
64.875
64.5625
64.0625
63.625
63.0625
61.875
62.5625
67.125
76.875
89.0
98.5625
105.1875
108.4375
108.6875
108.625
108.875
109.3125
109.6875
109.4375
108.75
106.8125
103.5
98.375
92.0625
87.625
85.625
85.5
85.4375
85.25
84.5
83.375
82.4375
80.8125
79.125
77.8125
76.25
75.0
73.5625
72.25
71.375
70.375
69.25
68.875
68.5625
68.1875
67.625
66.6875
66.375
66.0
65.0
64.375
65.0
69.75
80.125
92.0
101.625
107.5625
110.125
110.5625
110.8125
111.375
111.5625
112.0625
112.1875
111.3125
109.5
106.0
100.5625
94.25
89.0625
87.0625
86.4375
86.5
86.875
86.0
84.5625
82.875
80.75
79.0625
77.75
76.5625
74.9375
73.625
75.25
80.8125
90.125
98.875
104.4375
107.3125
107.25
105.8125
104.75
103.5625
102.375
100.125
95.5625
88.9375
83.0625
80.4375
79.625
79.6875
80.1875
80.125
79.875
79.125
77.75
76.375
74.75
73.4375
72.375
71.125
69.9375
68.625
67.5
66.625
65.4375
64.5625
63.9375
63.0625
62.6875
62.4375
61.9375
61.6875
61.125
60.6875
60.4375
59.9375
59.6875
59.125
58.8125
58.75
58.1875
57.75
57.4375
56.875
56.375
56.0
59.0625
69.25
83.0
94.875
103.4375
107.75
108.3125
107.75
107.75
107.75
107.5625
107.125
105.4375
103.125
99.6875
94.1875
88.625
84.875
83.875
84.125
84.25
83.9375
82.875
81.5625
80.3125
78.625
77.1875
75.5625
74.25
73.25
71.8125
70.625
69.1875
68.1875
67.625
67.0
66.5
65.875
65.5625
65.125
64.625
64.125
63.375
62.8125
62.0
61.625
63.25
69.3125
80.8125
92.0
100.125
105.0625
106.5625
106.4375
106.25
106.375
106.25
106.3125
105.8125
104.5
101.875
97.0
91.0
86.0
83.75
82.9375
82.8125
83.0625
82.9375
81.9375
80.4375
79.1875
77.5625
76.0625
74.5
73.0
72.0
70.875
69.8125
68.5625
67.875
67.5
67.1875
66.8125
66.0
65.5625
65.3125
64.8125
63.9375
62.9375
63.3125
66.5625
75.0
87.0
97.5625
105.0625
109.0625
110.0
109.625
109.9375
110.375
110.6875
110.125
109.0625
107.75
105.1875
100.5
94.125
89.1875
87.125
86.5625
86.25
85.875
85.5625
84.625
83.3125
81.625
79.9375
78.625
77.25
75.875
74.3125
73.0625
72.0625
71.125
70.3125
69.3125
69.0625
68.8125
68.25
67.375
66.6875
66.375
65.6875
64.9375
64.8125
68.5
77.9375
89.875
99.625
105.8125
109.1875
110.0
110.0625
110.25
110.5
111.0625
110.8125
109.9375
108.125
105.0
100.3125
93.875
88.625
86.0625
85.375
85.3125
85.0
84.5
83.5625
82.0625
80.4375
78.5625
77.25
75.8125
74.4375
73.125
71.625
70.625
69.6875
68.875
68.0
67.3125
67.0
66.375
65.8125
65.0
64.3125
63.75
62.9375
63.1875
66.5625
75.5625
87.625
97.6875
104.4375
107.75
108.5
108.125
108.25
108.5
108.625
108.375
107.375
105.5
102.125
96.5625
90.125
85.875
84.4375
84.0625
84.0
84.0
83.3125
82.1875
80.8125
79.3125
77.8125
76.25
74.6875
73.4375
72.1875
70.9375
69.875
68.875
68.125
67.5625
67.0625
66.5625
66.0
65.4375
64.875
64.1875
63.375
62.5625
62.8125
66.1875
74.6875
86.6875
97.125
104.1875
107.75
108.3125
107.9375
108.25
108.8125
109.0
108.9375
108.0
106.25
103.125
97.8125
91.5
87.0
85.0625
84.6875
84.5625
84.3125
83.875
82.875
81.4375
79.875
78.3125
76.8125
75.3125
73.9375
72.6875
71.4375
70.3125
69.3125
68.5625
67.9375
67.375
66.875
66.375
65.8125
65.25
64.625
63.9375
63.125
63.3125
66.375
74.6875
86.8125
97.4375
104.6875
108.375
109.125
109.1875
109.875
110.625
110.875
110.625
109.9375
108.4375
105.625
100.875
94.625
89.375
86.8125
86.0
85.9375
86.125
85.625
84.4375
83.25
82.0625
80.5625
78.875
77.5625
76.4375
75.0
73.5625
72.4375
71.5625
70.625
69.9375
69.625
69.1875
68.625
68.125
67.6875
67.0
66.0625
65.375
66.4375
71.3125
81.75
94.0625
103.5
109.5
112.1875
112.5
112.625
113.3125
114.3125
114.8125
114.5
113.5625
111.9375
108.75
103.3125
96.5625
91.5
89.375
88.875
88.6875
88.5625
87.8125
86.6875
85.3125
83.6875
81.9375
80.4375
79.0625
77.6875
76.375
74.875
73.25
72.1875
71.4375
70.75
70.25
69.625
68.8125
67.9375
67.1875
66.5625
65.625
65.25
67.5
74.75
86.375
97.5625
105.75
110.5625
111.875
111.8125
112.3125
113.0
113.5
113.6875
113.1875
111.8125
109.1875
104.8125
98.375
92.125
88.625
87.4375
87.1875
87.1875
86.875
86.0
84.5625
82.9375
81.25
79.625
78.125
76.6875
75.4375
74.125
72.875
71.8125
70.875
70.1875
69.625
69.0625
68.4375
67.75
67.25
66.625
65.75
64.875
64.875
67.6875
75.625
87.75
98.625
106.0625
110.0
110.875
110.875
111.4375
112.0
112.1875
112.1875
111.375
109.6875
106.75
101.6875
95.0
89.625
87.375
86.9375
86.8125
86.6875
86.25
85.125
83.625
82.0
80.375
78.8125
77.375
76.0
74.75
73.5
72.375
71.375
70.5625
69.9375
69.375
68.8125
68.1875
67.6875
67.1875
66.5
65.5625
64.625
64.875
68.0
76.5
88.8125
99.4375
106.75
110.6875
111.625
111.75
112.5
113.375
113.875
113.75
112.875
111.3125
108.5
103.625
96.9375
91.0625
88.3125
87.625
87.5
87.4375
87.0
85.875
84.375
82.6875
81.0625
79.5
78.0
76.5625
75.25
74.0
72.875
71.875
70.9375
70.3125
69.8125
69.25
68.625
68.125
67.625
67.0625
66.1875
65.3125
65.5
68.375
76.4375
88.875
99.9375
107.5
111.75
112.9375
113.375
114.4375
115.5
116.125
116.375
115.875
114.5
112.0625
107.75
101.3125
94.9375
91.3125
90.1875
89.9375
89.8125
89.5
88.4375
87.0625
85.4375
83.8125
82.25
80.75
79.375
78.0625
76.75
75.5
74.4375
73.5625
72.875
72.375
71.9375
71.3125
70.75
70.25
69.5
68.5625
67.875
68.375
72.375
82.0
94.4375
104.75
111.6875
115.0625
115.875
116.375
117.5625
118.75
119.4375
119.5
118.75
117.1875
114.3125
109.3125
102.375
95.875
92.75
92.125
91.8125
91.375
90.5
89.0625
87.25
85.375
83.8125
82.5
80.8125
79.5625
80.1875
84.5625
93.1875
102.3125
108.5625
111.1875
111.0
109.8125
108.8125
107.875
106.1875
102.75
96.75
89.75
84.875
82.875
82.625
83.125
83.625
83.5
82.875
81.625
80.25
78.875
77.5
76.0
74.75
73.625
72.4375
71.25
70.0625
68.875
67.875
67.0625
66.375
66.0
65.5625
65.125
64.75
64.4375
63.9375
63.4375
62.9375
62.4375
62.1875
61.9375
61.4375
61.125
60.75
60.375
60.0625
59.625
58.875
58.25
59.1875
65.75
79.0625
92.9375
103.5
110.5
113.1875
113.5
113.6875
114.3125
115.1875
115.5625
114.9375
113.3125
110.5625
106.3125
100.0625
93.75
90.25
89.375
89.3125
89.125
88.5
87.5
86.0
84.1875
82.375
80.625
79.0625
77.8125
76.4375
75.125
74.0
72.9375
71.875
71.0
70.3125
69.75
69.375
69.0
68.5
68.125
67.5625
66.8125
66.0
65.0625
64.375
65.625
71.0
82.0
94.25
103.25
108.875
111.3125
111.5625
111.875
112.625
113.1875
113.3125
113.0
111.6875
109.25
105.1875
99.0625
92.5
88.5
87.25
87.125
87.1875
86.9375
86.0
84.5625
83.0625
81.5
79.75
78.375
77.0625
75.8125
74.625
73.3125
72.1875
71.3125
70.75
70.125
69.6875
69.3125
68.75
68.3125
67.9375
67.4375
66.5
65.5625
65.9375
69.625
78.875
91.5
102.0
109.0625
112.8125
113.75
114.125
115.0
115.875
116.5625
116.6875
115.8125
114.25
111.625
106.875
100.125
93.9375
90.9375
90.25
90.0
89.6875
89.125
88.0
86.5625
84.8125
83.125
81.6875
80.25
78.8125
77.5625
76.4375
75.125
73.875
73.0
72.375
71.875
71.3125
70.8125
70.25
69.5625
68.8125
68.0
67.1875
67.3125
70.4375
78.6875
90.6875
101.0625
108.3125
112.5
113.6875
113.75
114.5
115.3125
116.0
116.375
115.75
114.0625
111.375
106.75
99.875
93.3125
90.0
89.0
88.625
88.4375
88.0625
86.8125
85.25
83.5625
81.75
80.0625
78.625
77.1875
75.6875
74.4375
73.3125
72.125
71.125
70.5
70.125
69.5
68.875
68.25
67.625
66.9375
66.125
65.3125
64.9375
66.75
73.25
84.75
96.25
104.5625
109.625
111.3125
111.4375
111.8125
112.5625
113.1875
113.375
112.875
111.5625
109.0625
104.6875
97.9375
90.9375
86.9375
86.25
86.5
86.75
86.625
85.8125
84.375
82.5625
80.8125
79.25
77.6875
76.1875
74.875
73.625
72.375
71.1875
70.4375
69.75
69.1875
68.75
68.125
67.5625
67.125
66.5625
65.8125
64.8125
64.25
65.625
71.0625
81.8125
93.6875
102.625
108.375
110.6875
110.9375
111.3125
112.3125
113.0
113.4375
113.125
111.875
109.9375
106.3125
100.375
93.5625
89.0625
87.5
87.25
87.125
86.875
86.125
84.8125
83.25
81.5
79.9375
78.375
76.875
75.5
74.125
72.875
71.8125
70.875
70.125
69.5
69.125
68.5
67.9375
67.4375
66.875
66.125
65.0625
64.375
65.5
70.25
80.4375
92.6875
102.25
108.4375
111.0625
111.5
112.0625
112.9375
113.75
114.3125
114.375
113.4375
111.75
108.8125
103.5
96.75
91.4375
89.0625
88.5
88.375
88.25
87.6875
86.5625
85.0625
83.4375
81.9375
80.375
78.875
77.6875
76.3125
74.9375
73.8125
72.875
72.1875
71.5625
71.125
70.8125
70.25
69.75
69.1875
68.375
67.5
66.875
67.875
72.75
83.0625
95.25
104.8125
111.0625
113.875
114.5625
115.0625
116.0625
117.1875
117.9375
117.9375
117.1875
115.5625
112.375
107.125
100.25
94.625
92.0
91.125
91.125
90.9375
90.1875
88.75
87.125
85.5
83.6875
81.9375
80.25
78.5625
76.9375
75.5625
74.375
73.3125
72.4375
71.875
71.3125
70.75
69.8125
69.0
68.5
67.75
66.75
65.8125
66.1875
70.0625
79.375
91.5625
101.8125
108.8125
112.125
112.75
112.875
113.625
114.625
115.125
115.25
114.5
112.8125
109.875
104.8125
98.0
92.25
89.4375
88.6875
88.5
88.3125
87.6875
86.375
84.8125
83.125
81.375
79.625
78.125
76.8125
75.375
74.125
73.0625
71.875
70.8125
70.0625
69.625
69.3125
68.6875
68.0
67.375
67.0
66.3125
65.125
64.5
65.75
70.625
80.9375
92.8125
102.0625
108.0625
110.75
110.875
111.0
112.0
112.875
113.3125
112.9375
111.6875
109.75
106.125
99.875
93.0625
88.9375
87.625
87.375
87.25
86.9375
86.0625
84.625
83.0625
81.5625
79.9375
78.25
76.6875
75.4375
74.1875
72.75
71.4375
70.5625
70.0
69.375
68.8125
68.25
67.8125
67.3125
66.8125
66.25
65.5
64.375
64.125
66.1875
72.625
84.0625
95.5625
103.75
108.8125
110.4375
110.5625
111.25
112.1875
113.125
113.5625
113.125
111.75
109.3125
105.375
98.9375
91.9375
87.6875
86.4375
86.5625
86.6875
86.5625
85.625
84.125
82.6875
81.125
79.375
77.6875
76.125
74.8125
73.6875
72.5
71.1875
70.1875
69.625
69.25
68.8125
68.25
67.9375
67.5
67.125
66.375
65.375
64.875
65.5
69.5625
79.1875
91.375
101.3125
107.75
111.125
111.9375
112.375
113.3125
114.3125
115.0625
114.9375
113.9375
112.3125
109.4375
104.375
97.6875
92.1875
89.875
89.375
89.0625
88.8125
88.3125
87.125
85.4375
83.75
82.1875
80.6875
79.1875
77.6875
76.5
75.4375
74.1875
73.0625
72.3125
71.5625
71.25
70.9375
70.3125
69.5
69.0
68.375
67.5
66.625
67.0
70.9375
80.125
92.0625
102.125
109.125
112.9375
113.875
114.0625
114.625
115.4375
116.125
116.3125
115.6875
113.9375
111.3125
106.5625
99.6875
93.1875
89.6875
88.625
88.4375
88.3125
87.5625
86.3125
85.0
83.5
81.625
79.625
78.0
76.875
75.75
74.0625
72.6875
71.625
71.0
70.3125
69.375
68.875
68.25
67.8125
67.0625
66.0625
65.3125
64.8125
65.5
68.9375
77.625
89.9375
100.1875
106.5625
109.6875
110.4375
110.5625
111.125
111.6875
112.125
112.0625
111.0625
109.125
106.0
100.75
94.125
89.0625
86.6875
86.25
86.3125
85.9375
85.1875
84.0625
82.75
81.125
79.1875
77.6875
76.625
75.0625
73.3125
72.125
71.375
70.25
69.125
68.75
68.5
67.75
66.8125
66.375
66.125
65.5
64.4375
63.625
64.0625
67.875
77.0625
89.1875
98.875
105.5625
108.75
109.5
109.4375
110.0
111.0625
111.3125
110.75
109.875
108.4375
105.0625
98.9375
92.5
88.1875
85.9375
85.375
85.5
85.5625
84.75
83.6875
82.25
80.5
78.6875
77.1875
76.0
74.5
72.9375
71.75
70.8125
69.75
68.9375
68.5
67.9375
67.0625
66.5
66.125
65.5625
64.5625
63.875
63.625
64.625
69.25
79.625
91.8125
100.875
106.5
108.9375
109.5625
109.625
110.0625
111.0625
111.5
111.125
110.125
108.3125
104.5
98.5625
92.25
88.125
86.1875
85.75
85.9375
85.8125
85.0
84.0625
82.75
81.0
79.25
77.9375
76.5625
74.9375
73.4375
72.625
71.6875
70.4375
69.8125
69.625
69.25
68.5
67.9375
67.6875
67.0
66.0625
65.4375
65.125
66.9375
73.625
85.4375
96.875
104.75
110.0
111.875
111.5625
111.9375
113.0625
113.9375
114.3125
114.125
112.875
110.5625
107.0625
101.0
94.375
90.4375
89.0
88.8125
88.5625
88.0625
87.625
86.1875
84.25
82.75
81.1875
79.3125
78.0625
76.875
75.125
74.0
73.1875
72.125
71.25
70.8125
70.375
69.6875
68.4375
67.5
66.75
65.875
65.375
65.25
67.0625
73.4375
84.875
96.5625
104.6875
109.3125
110.3125
110.0625
110.8125
111.6875
112.4375
112.625
111.5625
110.3125
108.5
104.625
97.75
91.0
87.6875
86.5625
86.375
86.1875
85.75
84.8125
83.6875
82.0625
80.0625
78.4375
76.9375
75.625
74.25
72.75
71.3125
70.5
69.75
68.75
67.875
67.4375
67.1875
66.4375
65.8125
65.125
64.6875
63.75
63.25
64.6875
70.75
81.5625
93.125
101.5
106.8125
108.5625
108.375
108.375
109.0625
109.375
109.25
108.5
107.1875
104.5
100.125
93.9375
88.125
85.375
84.875
84.625
84.6875
84.5
83.4375
81.875
80.5625
78.9375
77.125
75.5
74.25
73.0
71.625
70.4375
69.375
68.25
68.0
67.375
66.5625
66.1875
65.75
65.125
64.75
63.75
62.875
62.875
64.4375
70.3125
81.625
92.8125
101.125
106.375
108.0
107.875
108.0
108.4375
109.0
109.0625
108.625
107.0
104.8125
100.6875
94.3125
88.4375
85.5
84.4375
84.25
84.4375
84.125
83.25
82.125
80.5625
78.75
77.25
75.75
74.1875
72.9375
71.5625
70.1875
69.3125
68.4375
67.625
67.1875
66.8125
66.0625
65.5625
65.25
64.5
63.75
62.9375
62.625
64.6875
71.4375
82.9375
94.25
102.4375
107.375
108.75
108.9375
109.3125
109.6875
110.125
110.4375
109.625
108.25
106.4375
102.625
96.1875
90.1875
87.25
86.3125
86.25
86.4375
85.5625
84.875
83.9375
82.5
81.125
79.6875
78.5
77.3125
76.25
76.875
78.5625
80.875
82.75
82.5625
80.4375
76.5625
72.0
69.3125
67.875
67.25
67.375
67.625
68.0
68.3125
68.125
67.75
66.8125
66.0
65.5625
64.625
64.25
63.8125
62.75
62.3125
61.75
60.9375
60.3125
59.8125
59.5625
59.1875
58.8125
58.625
57.9375
57.8125
57.5625
56.75
56.25
55.875
55.3125
55.0625
54.875
54.6875
54.0
53.5
53.375
52.6875
52.5
52.25
51.5
51.5
51.625
51.375
51.0625
50.75
50.8125
50.6875
50.375
50.3125
52.8125
63.4375
77.3125
87.875
96.5
101.5
102.625
102.125
101.5
100.875
100.1875
99.8125
98.75
96.875
94.25
89.4375
84.375
81.4375
80.25
80.375
80.75
80.3125
80.0625
79.25
77.8125
76.375
74.9375
73.4375
72.25
71.125
69.8125
68.1875
67.1875
66.5625
65.5625
65.0
64.5
63.875
63.5
63.0625
62.5
62.25
61.25
60.75
60.3125
61.8125
67.5
77.8125
89.125
97.0
101.5625
103.0625
102.4375
101.9375
101.5625
101.375
100.625
99.1875
97.75
95.4375
90.9375
85.25
81.1875
79.8125
79.0625
79.0625
79.125
78.4375
77.8125
77.0
75.75
73.875
72.4375
71.5
70.125
68.75
67.375
66.125
65.375
64.875
64.3125
63.5625
62.5
62.1875
61.5
60.9375
60.4375
59.6875
60.3125
64.1875
73.8125
86.25
95.125
101.25
104.375
104.375
103.4375
102.625
102.6875
102.5625
101.75
100.1875
97.9375
95.0
89.75
84.4375
81.125
79.5625
79.4375
79.375
79.375
78.625
77.6875
76.5625
75.1875
73.8125
72.125
70.75
69.6875
68.4375
67.1875
65.875
65.375
65.0
64.5
63.9375
63.125
62.8125
62.25
61.75
60.9375
60.25
62.0
67.875
78.75
90.0625
98.75
104.0625
105.875
105.3125
104.75
104.875
104.75
104.375
103.25
101.8125
99.8125
96.0
90.8125
85.8125
83.25
82.5625
82.4375
82.3125
81.75
81.0625
80.125
79.25
77.6875
76.1875
74.75
73.4375
72.0625
70.375
69.5625
68.8125
68.125
67.3125
66.6875
66.1875
65.375
64.8125
64.25
63.75
63.125
63.375
67.5625
77.1875
89.5
99.125
105.5625
108.3125
107.75
107.375
107.375
107.3125
106.9375
106.75
105.9375
104.0625
100.5625
95.0625
89.375
85.3125
83.6875
83.0625
82.875
82.9375
81.9375
80.8125
79.375
78.0625
76.75
75.1875
73.5625
72.125
71.0
69.75
68.6875
67.625
67.0625
66.6875
65.8125
64.8125
63.8125
63.3125
62.875
62.1875
62.0
64.0
71.125
82.5625
93.4375
101.0
105.1875
106.375
105.8125
105.4375
105.0
104.5
103.9375
103.0
101.5
98.25
93.5
87.875
83.6875
81.8125
81.0
81.1875
81.4375
81.1875
79.9375
78.375
77.3125
75.9375
74.5
72.6875
71.5
70.4375
69.25
67.9375
66.75
66.4375
65.9375
65.3125
64.3125
63.5625
63.125
62.5
61.8125
61.1875
62.6875
68.75
80.1875
91.5625
99.5625
104.6875
106.3125
105.6875
104.75
104.875
105.125
104.9375
103.625
102.0625
99.9375
95.5
89.0
83.875
81.9375
81.375
81.25
81.0625
81.0625
80.3125
79.125
77.625
76.1875
74.75
73.4375
72.1875
70.5
69.375
68.4375
67.75
66.8125
65.8125
65.3125
64.75
64.0625
63.375
63.0625
62.4375
61.5625
62.0625
66.3125
76.4375
88.625
98.1875
104.125
106.5625
106.6875
106.5
106.4375
106.25
106.4375
106.0625
104.875
102.625
99.25
93.9375
87.75
84.0
82.625
82.5
82.25
82.3125
81.875
80.75
79.6875
78.5
77.0625
75.25
74.125
73.125
71.8125
70.4375
69.5
68.9375
68.25
67.875
67.0625
66.25
65.875
65.625
64.75
63.6875
64.0625
67.1875
75.5
87.75
98.625
105.8125
109.375
110.125
110.0
110.375
110.75
111.1875
110.625
109.5
108.0
105.25
100.4375
94.25
89.3125
87.0625
86.5625
86.5
86.25
85.75
84.875
83.5
82.0
80.6875
79.125
77.6875
76.5
75.1875
73.875
72.9375
72.0
71.0625
70.5625
69.9375
69.0625
68.3125
67.75
67.0
66.4375
65.875
66.3125
70.75
80.9375
93.0
102.5625
108.8125
111.125
111.125
111.3125
111.5
111.75
112.0
111.3125
109.9375
108.125
104.875
99.25
92.75
88.375
86.4375
85.9375
85.8125
85.5625
85.0625
83.9375
82.25
80.6875
79.125
77.375
76.0
74.75
73.25
72.0625
71.125
70.125
69.375
68.8125
68.0625
67.3125
66.5625
65.875
65.4375
64.8125
63.875
64.375
67.9375
77.0
89.4375
99.4375
105.875
109.1875
109.5
109.0625
109.375
109.6875
109.5625
109.125
107.8125
105.9375
102.6875
97.0
90.4375
86.25
84.75
84.375
84.4375
84.1875
83.625
82.5
81.0
79.5
78.0
76.5
75.25
74.0
72.5
71.375
70.3125
69.3125
68.6875
68.125
67.375
66.8125
66.1875
65.625
65.1875
64.375
63.5625
63.5
65.6875
72.9375
84.875
95.9375
103.625
108.0
109.0
108.8125
109.0625
109.5625
109.9375
109.4375
108.3125
106.75
104.1875
99.5625
93.0
87.625
85.375
84.875
84.75
84.8125
84.375
83.5
82.125
80.5625
79.0625
77.5625
76.1875
74.6875
73.3125
72.125
70.875
69.9375
69.3125
68.875
68.25
67.4375
66.8125
66.3125
65.75
64.9375
64.0625
63.625
65.0625
70.8125
82.125
93.875
102.5625
108.0625
110.0
109.9375
110.125
110.8125
111.375
111.4375
110.6875
109.5625
107.625
104.375
98.4375
91.8125
88.0625
86.75
86.3125
86.25
86.25
85.625
84.3125
82.9375
81.6875
80.25
78.75
77.5
76.25
75.0625
73.8125
72.6875
71.8125
71.125
70.75
70.1875
69.25
68.6875
68.5
67.9375
66.75
65.9375
66.875
71.125
80.25
92.625
103.125
109.8125
112.625
113.0625
113.5
114.375
115.1875
115.625
115.5625
114.625
112.8125
109.9375
105.1875
98.4375
93.0
90.5
89.5625
89.25
89.125
88.625
87.5
86.0625
84.375
82.5625
81.0625
79.875
78.4375
76.6875
75.1875
74.0
72.75
71.8125
71.3125
70.9375
70.25
69.3125
68.4375
67.8125
67.0625
66.0625
65.4375
67.0625
73.0625
84.3125
96.125
104.875
110.125
111.875
111.6875
112.0
113.0
113.625
113.5
112.8125
111.625
109.5
105.8125
99.5
92.5625
88.625
87.375
87.0
86.875
86.875
86.1875
84.625
82.8125
81.125
79.5625
78.0625
76.5625
75.25
74.0625
72.8125
71.5625
70.6875
70.1875
69.6875
69.0
68.25
67.5625
67.125
66.5625
65.6875
64.875
64.9375
67.5625
74.8125
86.875
98.0625
105.5
109.4375
110.375
110.3125
110.6875
111.375
111.5625
111.5
110.75
109.0
106.0625
101.0
94.1875
88.8125
86.5625
86.0
86.0625
86.1875
85.6875
84.625
83.1875
81.625
79.9375
78.25
76.8125
75.4375
74.0625
72.6875
71.625
70.8125
70.0
69.1875
68.6875
68.25
67.6875
67.0625
66.5625
66.0625
65.3125
64.25
64.3125
67.125
74.8125
86.75
97.5
105.125
109.375
110.375
110.25
110.9375
111.9375
112.375
112.1875
111.4375
109.9375
107.375
103.0625
96.3125
90.3125
87.5625
86.75
86.5625
86.5
86.125
85.1875
83.75
82.125
80.4375
78.9375
77.4375
76.0625
74.75
73.375
72.125
71.0625
70.3125
69.6875
69.1875
68.6875
68.125
67.5625
67.125
66.6875
65.875
65.0
64.8125
66.8125
73.1875
84.75
96.5
104.75
109.6875
111.5
111.8125
112.5
113.4375
114.1875
114.625
114.1875
112.8125
110.625
107.0
100.875
94.3125
90.5
89.25
88.875
88.75
88.5
87.6875
86.5
85.0
83.375
81.8125
80.3125
78.875
77.5625
76.25
74.9375
73.75
72.875
72.125
71.5625
71.1875
70.8125
70.1875
69.5625
69.0
68.3125
67.5
67.0
68.375
73.8125
84.6875
96.9375
105.9375
111.375
113.625
114.0625
114.75
115.8125
116.8125
117.25
117.0
116.0
113.9375
110.375
104.625
97.3125
92.25
90.3125
89.625
89.375
89.0625
88.3125
87.0
85.25
83.4375
81.75
80.0
78.4375
77.0
75.75
74.5
73.3125
72.3125
71.4375
70.8125
70.25
69.75
69.0625
68.25
67.625
67.0625
66.375
65.5625
65.4375
67.8125
74.9375
86.75
98.0625
105.75
110.0
111.3125
111.375
111.8125
112.6875
113.1875
113.1875
112.5625
111.0625
108.5
104.125
97.25
91.1875
88.4375
87.625
87.375
87.3125
86.875
85.875
84.4375
82.75
81.0625
79.5
78.0
76.5625
75.0625
73.75
72.5625
71.5
70.6875
70.0
69.5
69.125
68.5625
68.0
67.5
66.9375
66.25
65.375
64.5625
65.25
69.3125
78.6875
91.0625
100.875
107.125
110.0
110.5
110.625
111.375
112.25
112.6875
112.375
111.3125
109.5
106.375
100.9375
94.1875
89.5
87.75
87.3125
87.125
87.0
86.375
85.125
83.5
81.8125
80.1875
78.75
77.375
75.875
74.5
73.3125
72.125
71.125
70.375
69.875
69.375
69.0
68.4375
67.75
67.25
66.625
65.75
64.875
64.875
67.1875
74.125
86.0625
97.375
105.0
109.5
111.0
111.25
111.875
112.625
113.375
113.625
113.0
111.625
109.4375
105.5
98.875
92.3125
88.875
87.9375
87.8125
87.5
87.125
86.375
85.125
83.5
81.9375
80.3125
79.0625
77.6875
76.1875
74.9375
73.875
72.8125
71.9375
71.1875
70.875
70.5625
70.0
69.5
69.125
68.5625
67.8125
66.8125
66.3125
67.3125
71.9375
82.1875
94.8125
104.375
110.125
112.8125
113.5
114.1875
115.25
116.0625
116.5
116.5625
115.625
113.9375
110.9375
105.875
98.9375
93.375
91.1875
90.625
90.4375
90.25
89.625
88.4375
86.8125
85.1875
83.5
81.8125
80.3125
79.0625
77.6875
76.375
75.1875
74.25
73.4375
72.8125
72.3125
71.875
71.1875
70.25
69.3125
68.4375
67.4375
66.6875
67.5625
72.125
82.0625
94.125
103.6875
109.8125
112.5625
112.9375
113.3125
114.3125
115.3125
115.6875
115.625
114.8125
113.125
109.875
104.4375
97.5
92.125
89.5625
88.875
88.75
88.5
87.875
86.8125
85.125
83.3125
81.625
80.0625
78.5
77.0
75.6875
74.375
73.0625
72.0
71.1875
70.5
69.9375
69.5
69.0625
68.3125
67.625
67.1875
66.4375
65.5
65.3125
67.5
74.375
86.0625
97.375
105.1875
109.75
111.0625
111.25
111.9375
112.6875
113.0
113.125
112.625
110.9375
108.375
103.9375
97.4375
91.25
88.375
87.6875
87.4375
87.25
86.8125
85.875
84.375
82.6875
81.0625
79.4375
77.9375
76.5
75.25
73.875
72.5625
71.5625
70.75
70.0
69.5
69.1875
68.625
67.9375
67.375
66.875
66.125
65.25
64.6875
65.75
70.4375
80.75
92.9375
102.1875
108.0
110.4375
110.875
111.25
112.0
112.8125
113.25
112.875
111.8125
109.75
106.4375
100.75
93.75
89.25
87.8125
87.5
87.4375
87.125
86.3125
85.0
83.375
81.6875
80.1875
78.6875
77.25
75.875
74.5
73.1875
72.0625
71.1875
70.4375
69.9375
69.4375
68.875
68.25
67.75
67.1875
66.4375
65.4375
64.75
65.5625
69.8125
79.5625
92.0
101.8125
108.1875
111.25
112.0625
112.625
113.4375
114.3125
114.8125
114.75
113.75
111.875
108.9375
103.9375
96.9375
91.75
89.6875
89.1875
89.0625
89.0
88.375
87.125
85.6875
84.0625
82.4375
80.9375
79.5
78.0625
76.6875
75.4375
74.3125
73.3125
72.5625
71.9375
71.4375
71.0625
70.5
69.8125
69.25
68.5625
67.75
67.25
68.4375
73.5625
84.1875
96.5
105.75
111.5
113.875
114.3125
114.875
116.0
117.0625
117.4375
117.125
116.125
114.375
111.6875
106.6875
99.5625
94.0625
91.75
90.9375
90.6875
90.3125
89.3125
87.75
86.0
84.25
82.5625
80.9375
79.3125
77.75
76.4375
75.125
73.8125
72.75
71.875
71.125
70.625
70.0625
69.375
68.6875
68.0625
67.375
66.5625
66.0
66.75
71.25
81.3125
93.625
103.0
108.75
111.3125
111.8125
112.1875
112.875
113.6875
114.0
113.8125
112.75
110.75
107.3125
101.4375
94.3125
89.5625
88.0
87.5625
87.625
87.4375
86.625
85.25
83.5625
81.875
80.375
78.8125
77.3125
75.8125
74.5
73.1875
72.125
71.0625
70.1875
69.5
69.125
68.6875
68.1875
67.5625
67.0
66.4375
65.6875
64.75
64.375
66.125
72.375
83.9375
95.6875
103.8125
108.5625
110.125
110.125
110.5
111.25
112.0625
112.25
111.5625
110.0625
107.6875
103.375
96.875
90.9375
88.0
87.3125
87.0625
86.8125
86.375
85.375
83.9375
82.25
80.4375
78.875
77.375
75.9375
74.5625
73.3125
72.1875
71.25
70.3125
69.5625
68.9375
68.625
68.0
67.25
66.8125
66.3125
65.625
64.625
64.0625
65.25
70.375
81.0
93.0625
101.875
107.5625
109.9375
110.1875
110.75
111.625
112.125
112.375
111.9375
110.8125
108.75
105.3125
99.625
92.875
88.5
87.0625
86.625
86.5
86.4375
85.5
84.25
82.75
81.125
79.5
77.8125
76.3125
75.0
73.75
72.5625
71.5
70.625
70.0
69.5625
69.1875
68.6875
68.0
67.6875
67.3125
66.6875
65.6875
64.9375
65.4375
68.875
77.4375
89.875
100.5
107.375
110.9375
111.375
111.75
112.6875
113.5625
114.25
114.3125
113.5625
112.0
109.3125
104.5
97.625
92.0
89.5
88.9375
88.8125
88.6875
88.125
87.125
85.5625
83.875
82.1875
80.625
79.1875
77.8125
76.375
74.9375
73.75
72.75
72.0
71.4375
70.875
70.4375
69.9375
69.25
68.6875
68.125
67.25
66.5
66.4375
69.1875
77.1875
89.25
99.8125
106.75
110.3125
111.3125
111.9375
112.875
113.6875
114.0625
114.0625
113.5
111.875
109.25
104.9375
98.625
92.4375
88.9375
87.8125
87.5
87.3125
87.125
86.0625
84.625
82.625
80.8125
79.1875
77.5
75.9375
74.4375
73.375
72.25
71.1875
70.1875
69.4375
68.9375
68.5
67.9375
67.0625
66.4375
66.0
65.3125
64.375
63.75
65.125
70.4375
81.0
92.8125
101.625
106.75
108.5625
109.0
109.375
109.8125
110.1875
110.3125
109.875
108.5
106.125
102.125
96.375
90.4375
86.8125
85.5
85.375
85.375
85.0
84.0
82.75
81.375
79.625
77.875
76.5625
75.1875
73.625
72.25
71.3125
70.3125
69.1875
68.3125
67.875
67.5625
66.8125
66.0
65.6875
65.25
64.4375
63.6875
63.125
63.9375
68.25
78.1875
90.1875
99.4375
105.3125
107.9375
108.3125
108.4375
108.75
109.125
109.4375
109.0
107.875
105.8125
102.25
96.6875
90.75
86.9375
85.375
84.8125
84.6875
84.5625
83.875
82.6875
81.3125
79.6875
77.875
76.375
75.0
73.5625
72.125
70.875
69.75
68.75
67.9375
67.375
67.0
66.5625
66.0
65.375
65.0625
64.5625
63.6875
62.75
62.625
64.625
71.0
82.625
94.0
101.875
106.4375
108.0625
108.1875
108.375
109.0
109.5
109.6875
109.25
108.125
105.5
101.25
95.6875
89.875
86.4375
85.5625
85.5
85.3125
84.9375
84.25
83.0625
81.625
80.0625
78.75
77.1875
75.75
74.375
72.9375
71.8125
70.6875
69.875
69.25
68.5625
68.125
68.0
67.5
66.9375
66.5625
65.8125
64.9375
64.3125
65.3125
70.0625
80.3125
92.375
101.75
107.4375
109.8125
110.5625
111.0625
111.5625
112.0
112.5625
112.3125
111.3125
109.75
106.5625
101.375
95.375
90.375
88.25
87.75
87.625
87.25
86.5
85.375
83.75
82.125
80.625
79.0625
77.5625
76.0
74.4375
72.875
71.4375
70.625
69.75
69.0
68.5
68.0625
67.4375
66.5625
65.8125
65.1875
64.375
63.6875
63.4375
66.125
74.1875
86.125
96.8125
104.0625
107.5625
108.125
108.375
108.625
109.0
109.5625
109.125
108.0625
106.6875
103.6875
99.0
93.0
87.5
85.1875
84.5
84.1875
84.25
83.9375
82.875
81.375
79.75
78.125
76.4375
75.0625
73.8125
72.3125
70.9375
69.8125
68.75
67.875
67.0
66.625
66.3125
65.6875
65.0
64.4375
63.875
63.5625
62.75
61.875
62.6875
67.0625
76.4375
88.5
97.625
103.3125
106.3125
106.375
105.875
106.3125
106.625
106.75
106.375
105.0
102.6875
99.125
93.375
87.9375
84.4375
83.3125
83.1875
82.9375
82.9375
82.375
81.0625
79.75
78.1875
76.6875
75.25
73.625
72.0625
70.9375
69.8125
68.5625
67.5625
66.6875
66.1875
66.0
65.3125
64.6875
64.25
63.75
63.5625
62.8125
61.75
61.75
63.5
69.75
81.6875
93.125
100.5
104.75
105.875
105.8125
106.3125
106.375
106.5
106.6875
105.8125
104.4375
102.0
97.6875
91.3125
86.125
83.625
83.0625
83.0625
82.875
82.5625
81.5
79.9375
78.75
77.1875
75.6875
74.25
72.5
71.3125
70.1875
68.875
67.9375
66.9375
66.25
66.0
65.5625
65.1875
64.5625
63.9375
64.0
63.5
62.5625
62.0625
62.875
66.75
76.5625
88.75
98.0
104.0
107.0625
107.375
107.5
107.875
108.0
108.25
108.25
107.0625
105.125
102.0625
96.6875
91.0
87.5
85.875
85.0625
85.1875
84.875
84.1875
83.3125
81.9375
80.25
78.875
77.3125
75.8125
74.5
73.0625
72.0
71.0
69.8125
69.125
68.5625
67.875
67.75
67.25
66.625
66.0625
65.1875
64.6875
64.0625
64.25
67.875
76.75
89.0
99.125
105.4375
108.625
109.125
109.0625
109.75
110.25
110.5625
110.0625
108.875
107.375
104.5
99.5625
93.25
87.9375
85.75
85.125
84.875
84.4375
83.625
82.8125
81.375
79.6875
78.0
76.125
74.875
73.5625
72.25
71.0
69.5
68.75
67.875
67.25
66.625
65.75
65.375
64.875
64.3125
63.5625
62.6875
62.125
62.125
64.25
70.875
82.0
93.375
101.1875
105.1875
106.125
105.875
106.1875
106.375
106.5
105.9375
104.8125
103.5625
100.5625
96.125
90.0625
85.3125
83.375
82.6875
82.5625
82.625
82.0625
81.3125
80.0
78.4375
76.875
75.0625
73.8125
72.5
71.1875
69.9375
68.3125
67.5
66.9375
66.0
65.5
65.0
64.4375
64.1875
63.625
63.25
62.5
61.6875
61.375
61.9375
66.0625
75.0625
87.1875
96.9375
102.8125
105.0
104.875
104.9375
105.125
105.4375
105.625
104.8125
104.0625
102.3125
98.9375
93.4375
86.6875
83.0
82.3125
82.0625
82.0
81.625
81.0625
80.3125
78.8125
77.5
75.5625
73.8125
72.875
71.6875
70.375
69.125
67.8125
67.0
66.4375
65.625
65.3125
64.6875
64.1875
63.625
63.375
62.875
61.625
60.9375
61.5625
64.4375
72.8125
84.9375
95.0
101.5625
104.625
105.5
105.625
105.5625
106.0625
106.5
106.3125
105.25
103.125
100.6875
95.875
89.8125
85.0625
82.9375
82.6875
82.625
82.5
82.1875
81.125
79.9375
78.875
77.4375
75.6875
74.1875
73.1875
71.875
70.8125
69.4375
68.5
68.0625
67.5
67.0625
66.3125
65.9375
65.5625
65.25
64.4375
63.4375
63.0
63.8125
68.125
77.25
89.5625
99.375
105.375
108.25
108.375
108.4375
109.0
109.8125
109.75
109.0625
108.4375
106.9375
103.8125
98.625
92.75
88.25
86.25
85.6875
85.4375
85.5
84.875
83.9375
82.5
80.8125
79.4375
78.0625
76.5625
74.9375
73.625
72.5625
71.4375
70.625
69.5625
68.9375
68.4375
67.9375
67.0625
65.75
65.0
64.5625
63.9375
63.0625
63.625
68.0
77.125
89.0625
98.875
104.875
107.5
107.8125
107.875
108.125
108.75
108.9375
108.625
107.3125
105.4375
102.75
97.5
91.0625
86.125
84.25
83.6875
83.6875
83.5625
82.625
81.9375
80.75
79.0
77.3125
75.6875
74.4375
73.0
71.8125
70.4375
69.0
68.25
67.5625
66.9375
66.125
65.6875
65.1875
64.625
64.125
63.3125
62.75
62.1875
62.25
64.4375
71.25
83.5
94.75
101.875
105.0625
106.125
106.0625
106.0625
106.0
106.0625
106.0625
105.0625
103.25
100.1875
95.6875
89.8125
84.875
83.0
82.4375
82.5
82.5
82.125
80.875
79.6875
78.125
76.75
75.25
73.6875
72.4375
71.125
69.875
68.8125
67.8125
67.0625
66.1875
65.8125
65.25
64.8125
64.3125
63.875
63.3125
62.625
61.875
61.625
63.75
70.6875
82.4375
93.5625
101.0
105.0625
106.3125
106.125
106.25
106.375
106.625
106.5
105.6875
104.1875
101.5
97.0625
91.0625
85.6875
83.375
82.875
82.9375
82.875
82.4375
81.4375
80.3125
78.75
77.1875
75.6875
74.3125
72.9375
71.6875
70.4375
69.1875
68.3125
67.5
66.9375
66.1875
65.6875
65.125
64.6875
64.25
63.625
62.8125
62.125
62.0625
64.0
70.625
82.125
93.8125
101.75
106.125
107.375
107.5625
107.8125
108.3125
108.75
108.6875
107.875
106.5625
104.25
100.1875
94.25
88.5
85.75
84.9375
84.8125
84.6875
84.4375
83.75
82.4375
81.125
79.8125
78.375
77.0
75.5625
74.3125
73.125
71.9375
70.875
70.0
69.25
68.6875
68.25
67.75
67.1875
66.625
66.0625
65.375
64.5625
64.6875
67.5625
75.5
87.75
98.75
105.8125
109.375
110.3125
110.4375
111.0
111.8125
112.0
111.75
111.0
109.4375
106.875
102.625
96.6875
91.3125
88.375
87.4375
87.0
86.4375
85.8125
84.6875
83.25
81.6875
80.125
78.5
77.0
75.5625
74.1875
72.75
71.5
70.3125
69.3125
68.5625
68.0625
67.5
66.875
66.125
65.4375
65.0625
64.3125
63.4375
63.3125
65.5
72.4375
84.1875
95.5
103.125
107.125
108.1875
108.0625
108.25
108.5625
108.6875
108.625
107.875
106.25
103.5625
98.875
93.0625
87.9375
85.1875
84.1875
84.0
83.9375
83.4375
82.5625
81.3125
79.75
78.1875
76.6875
75.25
73.875
72.5
71.25
70.1875
69.125
68.125
67.5
66.875
66.3125
65.875
65.25
64.6875
64.3125
63.625
62.625
62.3125
64.125
70.125
81.5
93.1875
101.0
105.5
107.0625
106.9375
106.9375
107.375
107.75
107.5625
106.9375
105.5625
103.0625
98.9375
93.125
87.6875
84.6875
83.8125
83.5625
83.5
83.125
82.25
81.0625
79.5
77.9375
76.5
75.0625
73.5
72.1875
70.9375
69.875
68.8125
67.8125
67.1875
66.75
66.25
65.75
65.1875
64.6875
64.125
63.375
62.625
62.3125
63.75
69.25
80.25
92.25
100.6875
105.6875
107.5
107.5625
107.625
107.9375
108.375
108.5
108.0
106.5625
104.1875
100.5
94.75
88.8125
85.375
84.25
83.9375
83.75
83.5
82.75
81.625
80.125
78.5625
77.0625
75.5625
74.125
72.875
71.8125
70.75
69.6875
68.8125
68.1875
67.75
67.3125
66.6875
66.125
65.8125
65.4375
64.75
63.6875
63.1875
64.3125
69.0
79.25
91.8125
101.3125
106.9375
109.125
109.4375
109.6875
110.1875
110.625
110.9375
110.8125
109.75
107.6875
104.5625
99.5625
93.3125
88.75
87.1875
86.875
86.6875
86.25
85.75
84.75
83.3125
81.5625
80.0
78.625
77.1875
75.6875
74.4375
73.25
72.125
71.375
70.5
69.75
69.3125
69.0
68.25
67.5
66.9375
66.5
65.625
64.9375
66.3125
72.0625
83.0625
95.1875
103.5
108.0625
109.6875
109.9375
110.25
111.0625
111.75
111.9375
111.5
110.375
108.375
104.9375
99.0625
92.3125
88.0625
86.625
86.125
86.125
86.0
85.375
84.0625
82.375
80.4375
78.6875
77.3125
76.0625
74.6875
74.4375
76.8125
83.5625
93.375
101.375
105.3125
106.375
105.875
104.625
103.75
102.9375
101.4375
97.75
91.5
85.25
81.4375
79.8125
79.4375
79.75
80.1875
80.0625
79.3125
78.25
76.9375
75.5
74.1875
72.9375
71.6875
70.5
69.3125
68.1875
67.0625
66.0
65.0625
64.25
63.5625
63.0625
62.6875
62.375
62.0
61.5625
61.25
60.875
60.4375
60.0
59.75
59.5
59.1875
58.8125
58.4375
58.125
57.6875
57.125
56.5625
56.9375
61.625
73.125
86.9375
97.6875
104.75
107.75
108.3125
108.0625
108.125
108.4375
108.4375
107.8125
106.375
103.9375
99.875
93.9375
88.3125
85.375
84.5625
84.5625
84.625
84.25
83.375
81.875
80.1875
78.5
76.9375
75.5
74.1875
72.9375
71.6875
70.5625
69.4375
68.5
67.6875
67.125
66.625
66.25
65.875
65.375
64.875
64.375
63.8125
63.0625
62.25
61.9375
63.625
69.9375
81.5
93.125
100.875
105.1875
106.5625
106.625
106.6875
106.75
106.875
106.875
106.3125
104.9375
102.375
97.9375
92.0625
87.0
84.625
84.0625
83.9375
83.8125
83.375
82.5625
81.3125
79.875
78.4375
77.0
75.6875
74.4375
73.125
71.9375
70.8125
69.8125
69.0
68.4375
68.0
67.5
66.9375
66.4375
65.9375
65.375
64.6875
63.875
64.0
66.75
74.8125
87.375
98.3125
105.375
109.0625
110.125
110.25
110.5625
111.0625
111.4375
111.1875
110.25
108.6875
106.125
101.75
95.875
90.875
88.25
87.3125
86.9375
86.6875
86.125
85.125
83.75
82.1875
80.625
79.125
77.625
76.3125
75.0625
73.75
72.5625
71.5
70.5
69.5
68.6875
68.0
67.3125
66.6875
66.0
65.375
64.6875
63.875
63.5
65.3125
71.75
83.3125
95.0625
103.0625
107.1875
108.125
108.1875
108.3125
108.8125
109.375
109.1875
108.375
106.9375
104.5
100.1875
94.1875
88.6875
85.6875
84.625
84.3125
84.25
84.0
83.1875
81.9375
80.3125
78.75
77.1875
75.625
74.1875
72.8125
71.5625
70.3125
69.1875
68.25
67.5
66.9375
66.4375
66.0
65.4375
64.875
64.375
63.75
63.0625
62.375
62.9375
66.5625
75.8125
88.25
97.9375
103.875
106.5625
106.8125
106.625
106.875
107.0625
107.1875
106.875
105.8125
103.6875
100.1875
95.125
89.375
85.3125
83.9375
83.6875
83.625
83.375
82.6875
81.5
80.0
78.4375
76.875
75.375
73.9375
72.625
71.375
70.1875
69.1875
68.25
67.5625
66.9375
66.5
66.125
65.5
64.9375
64.4375
64.0
63.25
62.4375
62.5625
65.125
72.9375
85.25
95.75
102.625
106.375
107.125
107.0625
107.375
107.8125
108.0625
107.75
106.9375
105.5
102.625
97.8125
91.5625
86.6875
84.625
84.25
84.125
84.0
83.4375
82.4375
81.0625
79.4375
77.875
76.375
74.875
73.5625
72.25
71.0
69.9375
68.9375
68.125
67.5
67.0
66.5
66.0
65.375
64.9375
64.5625
63.875
62.875
62.4375
64.0
69.9375
81.75
93.4375
101.5625
106.6875
108.6875
108.8125
108.9375
109.625
110.25
110.625
110.1875
109.0625
107.125
103.6875
97.75
91.25
87.6875
86.5625
86.1875
86.0625
85.6875
85.125
84.0625
82.6875
81.0625
79.375
77.9375
76.75
75.5
74.1875
72.875
71.75
70.875
70.1875
69.5625
69.1875
68.8125
68.1875
67.5625
67.0625
66.4375
65.6875
65.1875
66.375
71.8125
82.625
94.6875
103.5
108.8125
111.0
111.3125
111.625
112.3125
113.0625
113.25
113.0
112.0
110.25
107.125
101.375
94.3125
89.8125
88.1875
87.8125
87.875
87.75
87.0
85.6875
83.625
81.5625
79.875
78.5
77.1875
75.625
75.0625
76.5625
81.875
91.3125
100.5
105.8125
107.4375
107.0
106.375
105.8125
105.0625
103.6875
100.875
95.75
89.0
83.9375
81.5625
80.6875
80.625
81.125
81.3125
80.875
79.625
78.375
77.25
75.75
74.0625
72.75
71.8125
70.625
69.3125
68.1875
67.25
66.3125
65.4375
64.5
63.9375
63.6875
63.4375
63.0
62.375
62.0
61.875
61.4375
60.6875
60.4375
60.375
60.125
59.4375
59.0625
59.0
58.6875
58.0625
57.375
57.75
62.0625
73.5625
87.875
98.75
105.875
108.8125
108.875
108.6875
108.875
109.125
108.9375
108.3125
107.1875
105.0625
101.0
95.0
89.375
86.5
85.5625
85.5625
85.75
85.3125
84.0625
82.625
81.1875
79.375
77.5625
76.1875
75.0625
73.625
72.25
71.25
70.25
69.0625
68.125
67.75
67.5
67.0
66.4375
66.0
65.6875
65.0625
64.4375
63.8125
63.0625
62.6875
64.4375
71.125
83.1875
94.5
101.9375
106.25
107.625
107.375
107.5
108.0625
108.25
107.9375
107.4375
106.25
103.5625
98.625
92.125
87.125
84.9375
84.25
84.3125
84.25
83.6875
82.6875
81.25
79.6875
78.3125
76.875
75.3125
73.8125
72.625
71.5625
70.25
69.3125
68.75
68.3125
67.6875
67.1875
66.9375
66.4375
65.8125
65.375
64.875
63.9375
63.5625
65.5625
72.25
84.5
96.0625
103.9375
108.625
110.0
109.9375
110.25
110.9375
111.375
111.3125
110.8125
109.6875
107.4375
103.5
97.5
91.5
88.25
87.25
87.125
87.0
86.3125
85.375
84.3125
82.8125
81.0625
79.5625
78.3125
76.875
75.375
74.125
73.125
72.0
70.875
70.3125
69.75
69.1875
68.8125
68.3125
67.5
66.875
66.3125
65.4375
64.8125
66.125
71.1875
81.6875
93.8125
102.5625
107.5
109.4375
109.9375
110.25
110.5625
111.125
111.625
111.3125
109.9375
108.0625
104.875
98.875
91.625
87.25
86.0
85.5
85.375
85.4375
84.75
83.375
81.8125
80.0625
78.125
76.6875
75.375
73.875
72.5625
71.5625
70.3125
69.125
68.5
68.0625
67.375
66.75
66.375
65.5625
64.9375
64.5
63.8125
62.9375
63.1875
66.125
73.9375
86.25
97.1875
103.9375
106.875
107.3125
107.625
107.75
107.9375
108.25
108.0
106.9375
105.375
102.5
97.0
90.5
86.375
84.8125
84.375
84.25
84.25
83.3125
82.375
81.125
79.4375
77.6875
76.3125
75.0625
73.5
72.1875
71.125
69.6875
68.625
68.0
67.5
66.75
66.1875
66.0625
65.5
64.75
64.375
63.75
62.875
62.5625
63.75
68.5
79.3125
91.9375
100.375
105.0625
107.0625
107.0625
106.8125
107.4375
108.0
107.9375
107.4375
106.3125
104.3125
100.5625
94.5
88.1875
84.875
84.4375
84.375
84.125
83.75
83.0625
81.8125
80.125
78.625
77.125
75.25
74.0
73.0
71.5625
70.125
69.0625
68.25
67.4375
67.0625
66.75
66.125
65.625
65.25
64.75
63.875
63.125
62.5625
62.4375
64.625
72.0625
84.5625
95.375
102.4375
106.4375
107.4375
107.625
107.875
108.25
108.625
109.0
108.3125
106.6875
104.5625
100.6875
94.125
88.25
85.8125
85.1875
84.75
84.75
84.4375
83.625
82.4375
81.125
79.4375
78.0
76.6875
75.1875
73.75
72.6875
71.625
70.3125
69.5
69.0625
68.5625
68.0
67.8125
67.25
66.625
66.375
65.75
64.5
64.0625
65.375
69.9375
80.1875
92.8125
101.875
107.0
109.4375
110.1875
110.25
110.6875
111.6875
111.9375
111.375
110.6875
109.25
105.875
100.5
94.0625
89.625
87.6875
87.1875
87.25
86.9375
86.25
85.125
83.4375
81.8125
80.4375
78.625
76.75
75.3125
73.8125
72.3125
71.5
70.625
69.625
69.0625
68.375
67.75
67.1875
66.5625
65.6875
64.75
64.3125
63.4375
63.0625
65.0
71.4375
83.375
95.0
102.4375
106.4375
107.8125
107.8125
107.875
108.5
108.9375
108.6875
108.0625
107.0
104.6875
100.5
94.1875
88.375
85.6875
84.75
84.3125
84.3125
84.0625
83.0625
81.75
80.25
78.4375
76.8125
75.5
74.125
72.625
71.5
70.375
69.0625
68.3125
67.625
66.8125
66.375
66.1875
65.4375
64.875
64.625
64.0
63.25
62.75
62.25
63.0
67.6875
78.3125
90.5
99.25
104.0
105.625
106.0
106.0625
106.0
106.5625
106.875
106.0625
104.8125
102.9375
99.125
93.0625
87.25
84.375
83.625
83.5625
83.375
82.9375
82.25
81.0
79.3125
77.6875
76.5
74.875
73.25
72.0625
71.0625
69.625
68.5
67.875
67.125
66.375
65.9375
65.875
65.125
64.375
64.25
63.75
62.9375
62.25
61.9375
62.8125
67.6875
79.125
91.375
99.125
103.8125
105.875
106.0625
106.0
106.5
106.875
106.875
106.25
105.125
103.4375
99.6875
93.625
87.8125
84.6875
83.5625
83.375
83.5
83.0625
82.25
80.9375
79.5625
78.125
76.5625
75.0625
73.5
72.25
71.0
69.75
68.875
67.8125
67.0625
66.9375
66.5
66.1875
65.5625
64.8125
64.625
64.25
63.5625
62.875
62.9375
65.8125
74.3125
87.0
97.3125
103.8125
106.875
107.625
107.75
107.875
108.3125
108.75
108.5
107.875
106.375
104.0
99.75
93.0625
88.0625
86.25
85.8125
85.625
85.625
85.0
84.1875
82.8125
81.0
79.5625
78.125
76.5
75.25
74.0625
72.8125
71.8125
70.375
69.375
69.0625
68.5
68.0
67.75
67.125
66.6875
65.9375
65.0625
64.5
64.0
64.625
69.625
80.3125
92.5625
101.0625
106.375
108.625
108.8125
108.75
108.9375
109.5
110.0625
109.9375
108.875
107.375
104.0625
98.3125
91.875
87.5625
85.75
85.0625
84.75
84.5
84.0
82.625
80.9375
79.75
78.0
76.125
74.6875
73.625
72.375
71.0
69.8125
68.875
67.75
67.0625
66.625
66.25
65.8125
65.25
64.375
64.0
63.4375
62.5625
62.125
62.5625
66.5
76.3125
88.625
97.875
103.1875
105.1875
105.75
105.625
105.625
105.9375
105.9375
105.625
104.9375
102.75
99.1875
93.375
87.0
83.9375
83.0
82.6875
82.625
82.0625
81.6875
80.9375
79.3125
77.5
75.6875
74.5
73.4375
71.875
70.75
69.625
68.25
67.4375
66.6875
66.1875
65.5625
64.9375
64.8125
64.25
63.5625
63.0625
62.375
61.875
61.4375
62.3125
67.25
77.6875
89.8125
98.625
103.25
104.875
104.6875
104.6875
105.0625
105.1875
105.5625
105.0
103.6875
101.4375
97.5625
92.125
86.25
83.0
82.5625
82.5
82.125
81.8125
81.1875
80.125
78.5625
76.875
75.625
74.125
72.875
71.25
69.9375
69.125
68.375
67.25
66.1875
65.8125
65.5625
65.0625
64.4375
63.875
63.8125
63.0625
62.25
61.3125
61.625
64.1875
71.875
84.0
94.125
101.0
104.375
105.125
104.9375
104.9375
105.4375
105.875
105.75
104.6875
103.5
100.9375
96.0
90.6875
86.125
83.875
83.375
83.0625
83.25
82.625
81.5
80.5625
79.25
77.8125
75.8125
74.625
73.6875
72.375
71.3125
69.9375
68.9375
68.3125
67.625
67.375
66.6875
65.8125
65.75
65.3125
64.75
63.9375
63.25
63.3125
64.6875
70.5625
82.75
94.5
102.25
106.6875
107.875
107.8125
107.75
108.5
108.9375
109.0
108.8125
107.375
105.375
102.0
96.125
90.1875
86.875
86.125
86.0
85.4375
85.125
84.0625
82.6875
81.5
79.9375
78.4375
76.8125
75.25
74.1875
72.875
71.75
70.5625
69.1875
68.125
67.625
67.1875
66.625
66.125
65.25
64.5
63.875
62.8125
62.375
63.4375
68.375
78.4375
90.375
99.5625
104.5
106.375
106.5
106.4375
106.6875
106.9375
107.1875
106.5625
105.125
103.5
100.0
94.6875
89.25
85.1875
83.625
83.3125
83.25
82.9375
82.0625
81.25
79.8125
78.25
76.8125
74.9375
73.875
72.625
70.8125
69.8125
68.8125
67.6875
67.0
66.25
65.75
65.3125
64.8125
64.125
63.5
63.25
62.625
62.0
61.4375
62.125
67.0
77.625
89.8125
98.125
102.8125
104.375
104.5
104.75
104.5625
104.875
104.8125
103.9375
102.875
100.5625
96.9375
91.125
85.8125
82.875
81.875
82.0625
82.0625
81.8125
80.75
79.8125
78.5
77.125
75.5625
73.75
72.6875
71.4375
70.25
68.875
67.875
67.0625
66.3125
65.6875
65.125
64.875
64.1875
63.8125
63.1875
62.5
62.1875
61.3125
61.3125
62.5625
68.4375
80.6875
92.5
99.5625
103.125
104.1875
104.25
104.6875
104.625
104.75
104.8125
104.0625
102.8125
100.3125
96.125
90.125
85.0
82.5
81.75
82.0
82.0625
81.875
80.8125
79.75
78.5625
77.0
75.1875
73.625
72.4375
71.125
70.0625
68.5625
67.625
66.875
66.25
65.8125
65.0
64.75
64.5
63.9375
63.25
62.875
62.3125
61.875
61.6875
64.25
72.1875
84.5625
95.125
101.5
104.8125
105.75
105.75
106.125
106.3125
106.8125
107.0625
106.375
105.125
102.5
98.375
92.1875
87.125
85.0625
84.3125
84.1875
84.1875
83.9375
82.75
81.5625
80.4375
78.875
77.3125
75.6875
74.625
73.5625
72.25
70.9375
69.9375
69.3125
68.5625
68.0625
67.5
66.9375
66.5625
66.125
65.625
64.5625
63.6875
63.5625
64.5625
69.125
79.75
91.875
100.4375
105.625
107.6875
107.875
108.125
108.8125
109.375
109.3125
108.9375
108.0625
106.3125
103.25
97.75
91.375
87.1875
85.5625
84.9375
84.75
84.3125
83.6875
82.625
81.0
79.375
77.9375
76.625
75.4375
74.3125
73.1875
71.875
70.75
69.5625
68.25
67.9375
69.625
76.0
87.25
97.1875
103.6875
106.8125
107.5
107.0625
106.5625
106.5625
106.375
105.8125
104.375
102.0
97.5
91.0625
85.875
83.1875
82.0
82.0625
82.125
81.8125
81.0625
79.8125
78.5625
77.4375
75.875
74.4375
73.0
71.6875
70.5
69.4375
68.1875
67.0625
66.125
65.5625
64.8125
64.125
63.625
63.125
62.6875
62.4375
61.875
61.5625
61.125
60.75
60.25
60.125
59.8125
59.5625
59.25
58.75
58.25
57.875
57.4375
58.75
65.75
79.125
90.9375
98.6875
103.25
104.75
104.6875
104.625
104.9375
104.875
104.6875
104.125
102.5
99.875
95.5
89.375
84.625
82.875
82.4375
82.3125
82.1875
81.8125
81.125
79.6875
78.0625
76.8125
75.5
73.9375
72.625
71.3125
70.25
69.125
67.9375
67.3125
66.5625
65.9375
65.625
65.3125
64.8125
64.5625
64.0625
63.4375
62.9375
62.3125
61.5
61.4375
63.1875
69.5625
81.375
92.0
99.0
102.625
103.6875
103.8125
103.8125
104.1875
104.6875
104.5
103.8125
102.625
100.0625
95.625
89.625
84.8125
82.875
82.375
