0
77.1875
77.5
77.0
75.6875
73.9375
71.9375
70.0
68.1875
66.4375
64.8125
63.4375
62.3125
61.375
60.5625
59.8125
59.25
58.75
58.125
57.5
56.9375
56.4375
55.875
55.3125
54.75
54.3125
53.875
53.375
53.0
52.75
54.0
60.5625
75.875
97.4375
119.5
137.0
147.0625
148.75
144.375
137.1875
129.25
120.625
111.8125
103.4375
95.75
88.8125
82.375
76.75
72.8125
71.5
71.9375
73.4375
75.0
75.8125
75.75
74.6875
72.9375
71.0625
69.0625
67.125
65.375
63.875
62.5625
61.5625
60.625
59.875
59.1875
58.5625
58.0625
57.5625
57.0625
56.5
55.875
55.375
54.875
54.4375
53.9375
53.5
53.0
52.6875
52.3125
51.875
51.4375
51.0
50.625
50.25
49.875
49.5625
49.1875
49.0
48.75
48.4375
48.125
48.25
50.875
61.25
81.8125
107.5
131.875
149.875
158.5
158.25
152.25
143.1875
132.1875
120.625
109.75
100.5
92.75
86.6875
82.0
78.25
75.6875
74.8125
75.5625
76.875
78.0625
78.3125
77.625
76.25
74.3125
72.125
70.0625
68.0625
66.4375
64.9375
63.625
62.4375
61.4375
60.75
60.0625
59.4375
58.875
58.3125
57.8125
57.375
56.875
56.3125
55.875
55.375
55.0625
54.75
54.375
54.0625
53.75
53.5
54.0625
58.375
70.1875
89.4375
111.3125
130.3125
143.1875
148.0625
146.4375
141.625
134.875
127.0625
118.875
110.5
102.3125
94.625
87.5625
81.125
76.25
74.0625
74.0625
75.25
76.875
78.0
78.1875
77.375
75.875
74.0
72.0
70.0625
68.3125
66.6875
65.25
64.0625
63.0
62.125
61.375
60.75
60.1875
59.6875
59.1875
58.5625
58.0
57.4375
57.0
56.5625
56.0625
55.5
55.0
54.4375
53.8125
53.0
52.375
51.8125
51.3125
50.875
50.375
50.125
49.875
49.5625
49.1875
48.8125
48.375
48.0
47.5625
47.25
46.9375
46.6875
46.3125
46.0625
45.75
45.4375
45.1875
45.0
44.75
44.5
44.1875
44.0
43.8125
43.75
44.4375
49.75
65.5625
90.6875
118.25
141.5625
156.3125
161.125
159.0625
152.6875
143.1875
132.0
120.0625
108.6875
98.8125
90.875
85.0
80.6875
77.375
75.25
74.9375
75.6875
76.75
77.5
77.5
76.6875
75.3125
73.5625
71.625
69.75
68.0625
66.5625
65.25
64.125
63.1875
62.25
61.5
60.75
60.125
59.625
59.1875
58.75
58.25
57.875
57.5
57.0
56.5
56.0
55.5625
55.25
55.0625
55.5625
58.8125
68.25
83.9375
102.125
118.0
128.8125
134.0
134.1875
131.125
126.125
119.9375
113.5
107.0
100.6875
94.0
86.9375
80.0
74.4375
71.5
70.8125
71.6875
73.25
74.4375
75.0
74.6875
73.625
72.1875
70.3125
68.4375
66.6875
65.0625
63.5625
62.0625
60.9375
60.0625
59.3125
58.6875
58.1875
57.6875
57.3125
56.75
56.125
55.4375
54.875
54.375
53.875
53.3125
52.875
52.5
52.0625
51.6875
51.3125
50.875
50.5
50.125
49.75
49.3125
49.0
49.625
54.8125
69.5625
92.875
118.5625
140.625
154.5
158.625
155.6875
149.4375
141.25
131.5625
121.375
111.5
102.75
95.4375
89.5
84.4375
80.0
76.75
75.5
75.6875
76.375
77.125
77.3125
76.75
75.4375
73.6875
71.75
69.6875
67.875
66.25
64.75
63.5
62.375
61.375
60.625
59.875
59.25
58.625
57.875
57.375
56.9375
56.4375
55.9375
55.4375
54.9375
54.4375
53.875
53.4375
52.9375
52.4375
52.0
51.625
51.3125
50.9375
50.5625
50.125
49.75
49.3125
49.0625
48.75
48.4375
48.25
47.875
47.625
47.4375
47.25
47.0
46.6875
46.5
46.1875
45.9375
45.625
45.4375
45.4375
47.5625
56.5
75.0
99.375
123.5
142.4375
152.9375
154.6875
150.375
142.5
132.0625
120.8125
110.0
100.5625
92.875
86.5625
81.5625
77.5625
74.4375
73.0
73.375
74.625
76.0
76.75
76.5625
75.5
73.875
71.9375
70.0
68.0
66.1875
64.625
63.25
62.0
61.0
60.1875
59.4375
58.875
58.375
57.8125
57.4375
57.0
56.4375
55.875
55.4375
54.875
54.375
54.0625
53.6875
53.375
53.0625
52.8125
52.625
52.25
51.875
51.5625
51.1875
50.8125
50.5
50.1875
49.9375
49.625
49.375
49.25
48.9375
48.6875
48.5
48.25
48.0625
47.875
47.8125
48.8125
54.5
68.375
88.8125
111.75
131.875
145.5625
151.0
150.25
146.0625
139.875
132.6875
124.6875
116.125
107.625
99.6875
92.75
86.625
81.3125
77.3125
75.5
75.5625
76.5
77.625
78.3125
78.1875
77.25
75.625
73.75
71.8125
69.875
68.0
66.25
64.75
63.25
61.9375
61.0
60.25
59.625
59.0
58.4375
58.0
57.5
56.9375
56.25
55.5625
54.9375
54.375
53.8125
53.3125
52.75
52.3125
51.8125
51.3125
50.875
50.4375
50.125
49.8125
50.125
53.1875
62.9375
80.125
100.875
120.1875
134.375
142.125
143.25
139.875
134.1875
127.5
120.375
113.0625
105.8125
98.5625
91.625
84.875
78.625
73.9375
71.9375
71.9375
73.0625
74.4375
75.25
75.3125
74.5625
73.125
71.125
69.1875
67.375
65.8125
64.25
62.875
61.75
60.8125
59.9375
59.1875
58.5
58.0
57.5625
57.0
56.4375
55.9375
55.5625
55.0625
54.4375
53.9375
53.4375
53.0
52.625
52.25
51.8125
51.4375
51.0625
50.5625
50.3125
50.5625
53.5
63.375
81.375
103.5
124.25
139.625
147.125
146.8125
141.8125
134.5
125.9375
116.875
107.75
99.6875
92.625
86.4375
81.0
76.3125
73.25
72.375
73.0
74.375
75.5
75.8125
75.375
74.125
72.4375
70.5625
68.625
66.8125
65.125
63.625
62.375
61.3125
60.4375
59.6875
58.9375
58.4375
57.9375
57.4375
56.875
56.375
55.875
55.4375
54.875
54.25
53.75
53.3125
53.125
53.9375
58.8125
71.6875
91.3125
112.25
129.4375
140.3125
144.125
142.125
136.8125
129.875
122.5
114.875
107.375
100.3125
93.4375
86.75
80.25
75.375
73.0625
72.75
73.75
75.0625
76.0
76.25
75.625
74.375
72.6875
70.75
69.0
67.3125
65.8125
64.5
63.3125
62.3125
61.625
61.0
60.5
60.0
59.5625
59.125
58.5625
58.0625
57.625
57.5
59.3125
67.5625
84.75
107.0
127.8125
142.6875
149.875
150.3125
146.0
138.875
130.8125
122.4375
114.1875
106.3125
98.5625
91.25
84.4375
78.8125
75.625
74.875
75.625
77.0625
78.375
78.8125
78.125
76.75
74.875
72.9375
71.0625
69.1875
67.5
65.8125
64.3125
62.9375
61.8125
61.0625
60.375
59.6875
59.125
58.625
58.125
57.5625
56.9375
56.25
55.625
55.0625
54.5
53.9375
53.4375
52.9375
52.5
52.125
51.75
51.375
51.0
50.625
50.1875
49.875
49.625
49.6875
53.125
66.25
90.6875
119.0
143.875
159.75
164.875
161.9375
154.875
145.3125
134.0
121.9375
110.3125
100.4375
92.75
86.9375
82.4375
78.9375
76.9375
76.9375
77.875
79.0625
79.8125
79.5
78.375
76.5625
74.4375
72.25
70.1875
68.25
66.5
65.0625
63.9375
62.9375
62.0
61.25
60.5
59.875
59.3125
58.75
58.1875
57.625
57.125
56.5625
56.125
55.6875
55.1875
54.6875
54.1875
53.75
53.375
53.0
52.5625
52.25
51.9375
51.625
51.25
50.875
50.5
50.125
49.875
49.5625
49.3125
48.9375
48.6875
49.1875
53.5625
67.4375
90.25
115.9375
138.25
153.0
158.625
157.5625
152.4375
144.5625
134.5625
123.25
112.1875
102.5
94.5
88.25
83.0625
78.8125
76.125
75.5
76.3125
77.625
78.625
78.625
77.75
76.375
74.375
72.3125
70.25
68.4375
66.75
65.3125
64.0625
62.9375
62.0
61.1875
60.5
59.9375
59.4375
58.875
58.375
57.75
57.125
56.5
55.9375
55.5
55.0
54.5
54.0625
53.625
53.25
52.875
52.375
52.0
51.5625
51.125
50.8125
50.625
50.5
50.3125
50.0625
49.9375
50.125
52.375
61.5
79.8125
103.5625
126.75
144.8125
155.0625
156.8125
153.375
147.75
140.8125
133.0
124.625
115.6875
106.9375
99.125
92.25
86.1875
81.125
78.125
77.4375
77.9375
79.0
79.6875
79.6875
78.875
77.4375
75.5
73.5
71.625
69.875
68.25
66.75
65.5
64.5625
63.75
63.0
62.375
61.6875
61.125
60.5625
59.9375
59.25
58.625
58.0
57.5
57.0625
56.5625
55.9375
55.375
54.875
54.1875
53.4375
52.75
52.25
51.6875
51.1875
50.9375
50.625
50.3125
50.0
49.625
49.125
48.8125
48.4375
48.0
47.75
47.4375
47.1875
47.3125
49.625
59.1875
78.25
102.625
126.625
145.1875
155.0625
156.9375
153.9375
148.3125
140.8125
132.5
123.125
113.4375
104.5
96.75
90.1875
84.5
79.5625
76.25
75.0625
75.375
76.25
76.875
77.0
76.375
75.125
73.375
71.5
69.5
67.75
66.125
64.625
63.3125
62.25
61.25
60.5
59.75
59.0625
58.5625
57.9375
57.3125
56.6875
56.1875
55.625
55.0625
54.5625
54.0
53.5
53.0
52.5625
52.125
51.6875
51.25
50.8125
50.875
52.875
60.3125
75.5
95.4375
115.0625
130.0625
138.3125
140.1875
137.25
131.5625
124.375
116.25
107.75
99.4375
91.9375
85.1875
79.0
73.5
70.1875
69.25
69.8125
71.1875
72.5625
73.3125
73.3125
72.4375
70.9375
69.25
67.375
65.625
64.0625
62.5625
61.3125
60.3125
59.4375
58.6875
58.0625
57.4375
56.875
56.3125
55.875
55.375
54.8125
54.3125
53.875
53.375
52.875
52.5
52.0
51.5625
51.1875
50.8125
50.375
50.0625
49.75
49.375
49.0
48.625
48.3125
48.0625
47.75
47.5
47.25
47.0
46.75
46.5
46.25
46.0
45.75
45.375
45.125
44.875
44.75
44.5625
44.375
44.1875
44.1875
44.125
44.0625
43.9375
43.875
43.9375
43.875
43.8125
43.6875
43.5
43.4375
43.375
43.25
43.1875
43.1875
43.3125
45.5
54.5
72.875
97.5
123.6875
144.5
155.5
157.9375
154.75
148.0
139.0
128.0
115.75
104.375
95.125
88.0625
83.125
79.5
76.6875
74.5625
73.5625
73.8125
74.5
75.125
75.4375
75.0
73.9375
72.4375
70.6875
68.9375
67.25
65.625
64.25
63.125
62.1875
61.3125
60.625
59.9375
59.125
58.4375
57.8125
57.0625
56.25
55.5
54.8125
54.25
53.6875
53.1875
52.6875
52.25
51.75
51.25
50.8125
50.375
49.9375
49.4375
49.0625
48.6875
48.3125
47.875
47.4375
47.0
46.6875
46.375
46.125
45.9375
45.75
45.4375
45.1875
44.875
44.625
44.5
44.625
46.8125
54.5625
69.375
88.5
108.4375
124.9375
135.0625
139.25
138.75
135.25
130.0
123.3125
115.875
108.375
101.0625
94.25
87.9375
81.75
76.0
71.8125
69.875
69.5625
70.25
71.1875
71.9375
72.0625
71.4375
70.1875
68.5625
66.8125
65.25
63.8125
62.4375
61.1875
60.0625
59.0625
58.25
57.5
56.8125
56.1875
55.6875
55.1875
54.6875
54.1875
53.6875
53.1875
52.75
52.25
51.75
51.3125
50.875
50.5
50.125
49.75
49.5
49.6875
52.625
61.625
77.0625
95.75
113.4375
126.8125
134.125
135.1875
132.0625
127.25
121.4375
114.75
107.8125
100.8125
94.0
87.625
81.4375
75.375
70.8125
68.625
68.0625
68.75
69.875
70.75
71.0
70.5625
69.5
68.125
66.5625
65.0
63.5
62.125
60.8125
59.625
58.625
57.75
57.0
56.3125
55.75
55.1875
54.75
54.25
53.6875
53.25
52.875
52.4375
52.0
51.5
51.0625
50.6875
50.1875
49.8125
49.375
48.9375
48.625
48.3125
48.0
47.625
47.1875
46.875
46.5625
46.3125
46.125
45.875
45.875
47.1875
53.5625
68.25
89.125
111.875
131.125
143.0625
147.25
145.4375
140.125
132.5625
123.3125
113.125
102.9375
93.8125
86.4375
80.75
76.4375
73.25
71.8125
72.0625
72.9375
74.125
74.875
74.9375
74.375
73.125
71.4375
69.5625
67.6875
65.9375
64.4375
63.0625
61.875
60.875
60.125
59.5
58.875
58.375
57.8125
57.3125
56.875
56.5
56.0625
55.4375
54.9375
54.4375
54.0
53.5625
53.1875
52.8125
52.5
52.0
51.4375
51.0
50.5
49.8125
49.1875
48.6875
48.3125
47.875
47.375
47.0625
46.9375
46.8125
46.5625
46.9375
50.8125
62.375
81.1875
103.1875
123.5
138.625
146.25
147.0625
144.125
138.75
132.0
124.125
115.5
106.875
98.6875
91.3125
84.9375
79.375
74.875
72.4375
72.0625
72.75
73.8125
74.6875
74.8125
74.0625
72.625
71.0
69.25
67.4375
65.75
64.25
62.875
61.6875
60.625
59.6875
58.9375
58.25
57.625
57.125
56.5625
56.0
55.5
54.9375
54.4375
53.9375
53.5
52.9375
52.4375
52.0625
51.625
51.3125
50.875
50.375
50.0625
49.875
50.5
55.0625
67.0625
85.5625
106.125
124.1875
136.5
141.5625
140.4375
135.4375
128.25
119.9375
111.0625
102.5
94.8125
88.125
82.125
76.875
72.625
70.5
70.1875
70.875
72.0625
73.0
73.25
72.6875
71.5625
70.0
68.1875
66.4375
64.75
63.1875
61.875
60.6875
59.75
58.9375
58.125
57.5
56.9375
56.4375
55.875
55.375
54.875
54.375
53.875
53.4375
53.0
52.5625
52.125
51.625
51.25
50.875
50.5625
50.125
49.6875
49.375
49.125
48.8125
48.4375
48.125
47.875
47.5625
47.25
47.0
46.6875
46.375
46.125
45.9375
45.6875
45.4375
45.25
45.25
46.375
52.5625
68.0
90.375
114.5625
135.375
148.4375
153.0625
151.625
146.625
139.0625
129.3125
118.3125
107.625
98.5
91.125
85.3125
80.6875
76.9375
74.3125
73.5
74.125
75.25
76.1875
76.5625
76.1875
75.0625
73.5
71.5625
69.5625
67.9375
66.375
64.875
63.5
62.4375
61.5625
60.8125
60.125
59.5625
59.0625
58.625
58.1875
57.6875
57.25
56.75
56.1875
55.6875
55.1875
54.625
54.1875
53.75
53.3125
53.0
52.6875
52.3125
51.9375
51.5625
51.25
50.9375
50.625
50.625
52.9375
61.375
77.4375
97.75
118.0625
133.9375
143.125
144.9375
142.375
137.8125
131.5625
124.3125
116.875
109.4375
102.0625
95.0
88.25
81.8125
76.3125
73.0625
72.25
72.6875
73.8125
74.6875
75.0
74.5
73.25
71.5625
69.6875
67.75
66.0
64.4375
63.125
61.875
60.75
59.75
59.0
58.3125
57.6875
57.0625
56.5
56.0
55.5
55.0
54.375
54.0
53.9375
55.8125
62.75
76.9375
95.5625
113.375
126.8125
133.8125
134.4375
130.4375
124.3125
117.3125
109.8125
102.6875
95.8125
88.9375
82.1875
75.8125
71.0
68.75
68.375
69.4375
70.875
72.0625
72.5
72.125
71.0625
69.5625
68.0
66.4375
64.875
63.3125
61.9375
60.875
59.875
59.0625
58.25
57.625
57.125
56.625
56.125
55.5625
55.0625
54.5625
54.0625
53.5625
53.125
52.75
52.375
51.9375
51.625
51.625
54.25
64.4375
84.1875
108.5
130.625
146.4375
153.5
152.625
146.75
138.25
128.125
117.4375
107.5625
98.8125
91.3125
85.1875
80.125
76.0625
73.8125
73.5
74.4375
75.75
76.5625
76.5625
75.75
74.3125
72.5625
70.625
68.75
66.875
65.3125
63.875
62.625
61.5625
60.625
59.8125
59.125
58.4375
57.9375
57.375
56.875
56.375
55.9375
55.5625
55.25
56.6875
63.5625
78.8125
99.625
119.875
135.3125
143.5625
144.125
139.625
132.625
124.4375
116.1875
108.5
101.5
94.8125
88.0
81.4375
75.9375
73.0625
72.4375
73.3125
74.875
76.0
76.4375
75.9375
74.625
72.875
71.0625
69.25
67.5
66.0625
64.8125
63.75
62.75
61.75
60.9375
60.3125
59.75
59.25
58.75
58.3125
57.875
57.375
56.875
56.375
55.9375
55.375
54.9375
54.5
54.0
53.625
53.25
52.875
52.5625
52.1875
51.875
51.625
51.25
50.9375
50.6875
50.4375
50.25
49.9375
49.625
49.25
49.0
48.8125
48.6875
48.6875
50.5625
60.5
82.1875
110.8125
139.0625
160.0625
169.4375
168.8125
163.1875
154.9375
144.25
132.0
119.8125
108.875
99.6875
92.5625
87.125
82.9375
79.5625
77.4375
76.9375
77.5
78.25
78.8125
78.5625
77.5625
75.875
73.75
71.6875
69.6875
67.875
66.25
64.9375
63.75
62.6875
61.75
61.0
60.3125
59.625
59.0625
58.4375
57.9375
57.4375
56.9375
56.375
55.875
55.375
54.75
54.25
53.8125
53.3125
52.9375
52.5
52.0625
51.6875
51.25
50.875
50.5625
50.25
50.0
49.625
49.3125
48.9375
48.5625
48.25
47.9375
47.6875
47.4375
47.125
46.8125
46.5625
46.3125
46.1875
46.1875
47.3125
53.3125
68.625
91.125
115.5625
136.5625
149.4375
153.25
150.6875
144.625
135.9375
125.6875
115.0
104.875
95.875
88.4375
82.625
77.9375
74.5625
73.1875
73.625
74.875
76.1875
76.8125
76.625
75.6875
74.125
72.25
70.25
68.4375
66.6875
65.0625
63.5625
62.375
61.3125
60.375
59.5625
58.875
58.375
57.875
57.3125
56.875
56.4375
55.9375
55.3125
54.8125
54.3125
53.8125
53.3125
52.875
52.4375
52.0
51.625
51.3125
50.9375
50.625
50.25
49.8125
49.375
49.0
48.625
48.3125
48.0
47.8125
47.5
47.1875
46.9375
46.6875
46.5
46.375
47.5625
53.75
68.25
89.125
111.8125
131.1875
143.5625
148.3125
147.375
142.875
135.875
126.875
117.3125
108.1875
100.3125
93.4375
87.5
82.1875
77.5625
74.5
73.5
73.875
74.875
75.875
76.25
75.8125
74.6875
73.1875
71.3125
69.5
67.75
66.0625
64.5625
63.3125
62.25
61.375
60.5625
59.8125
59.25
58.75
58.3125
57.8125
57.375
56.875
56.3125
55.8125
55.3125
54.875
54.4375
53.9375
53.625
53.25
52.9375
52.625
52.25
51.75
51.375
51.0
50.75
50.4375
50.1875
49.9375
49.6875
49.4375
49.0625
48.6875
48.25
47.75
47.1875
46.75
46.8125
49.4375
58.75
76.0625
98.1875
120.0625
136.625
145.75
148.0625
145.9375
141.25
134.625
126.4375
117.8125
109.1875
101.25
94.0
87.4375
81.5
76.4375
73.125
72.125
72.5625
73.6875
74.75
75.1875
74.875
73.8125
72.25
70.375
68.5625
66.75
65.125
63.6875
62.375
61.25
60.25
59.375
58.625
58.0
57.375
56.875
56.375
55.8125
55.375
54.9375
54.5
54.0
53.4375
52.9375
52.5
52.0625
51.625
51.25
50.875
50.4375
50.0625
49.625
49.375
49.0
48.5625
48.25
47.9375
47.75
47.4375
47.0625
46.75
46.4375
46.1875
46.0
46.0
47.6875
54.75
69.4375
89.375
110.625
128.5625
139.875
143.4375
141.1875
135.75
128.0
118.8125
109.3125
100.4375
92.75
86.25
80.6875
75.8125
72.0625
70.25
70.3125
71.3125
72.75
73.8125
74.0
73.3125
71.9375
70.0625
68.125
66.3125
64.625
63.125
61.6875
60.4375
59.5
58.75
58.0
57.375
56.8125
56.3125
55.9375
55.5
55.0625
54.5625
54.125
53.5
53.0
52.6875
52.75
54.625
61.1875
73.9375
90.6875
107.25
120.0
127.5
129.75
127.625
122.6875
116.625
110.1875
103.6875
97.4375
91.0625
84.25
77.4375
71.5625
67.875
66.6875
67.1875
68.875
70.4375
71.375
71.5
70.9375
69.6875
68.125
66.25
64.625
63.25
62.0
60.9375
59.9375
59.1875
58.5625
57.9375
57.3125
56.8125
56.3125
55.8125
55.4375
55.125
54.8125
54.4375
54.0
53.5625
53.125
52.75
52.375
51.9375
51.5
51.0625
50.8125
50.75
50.375
49.875
50.0
52.125
60.5625
78.25
101.8125
125.4375
143.6875
153.0
153.8125
149.9375
143.125
134.0625
123.625
113.0625
103.375
95.1875
88.625
83.375
79.0625
75.875
74.5625
75.0
76.25
77.75
78.375
77.9375
76.6875
74.75
72.5625
70.3125
68.125
66.25
64.5625
63.125
62.0
61.0625
60.25
59.625
58.875
58.25
57.9375
57.25
56.6875
56.125
55.4375
54.75
54.1875
53.6875
53.1875
52.6875
52.125
51.6875
51.3125
50.9375
50.5
50.125
49.75
49.4375
49.0625
48.6875
48.3125
48.0
47.6875
47.4375
47.0625
46.625
46.4375
46.3125
46.0
45.625
45.4375
45.1875
44.9375
44.75
44.5625
44.375
44.125
44.125
44.9375
50.4375
65.0625
87.3125
112.0
133.25
146.6875
151.375
149.5
143.6875
134.625
123.4375
111.6875
101.0625
92.5625
86.0
81.125
77.5
74.6875
73.0625
73.0
74.0
75.4375
76.5
76.6875
75.9375
74.375
72.5
70.5
68.5
66.6875
65.0
63.5
62.25
61.3125
60.5
59.75
59.0625
58.5
58.0
57.5
57.0625
56.5625
56.0625
55.5625
55.125
54.6875
54.125
53.5625
53.0625
52.75
52.4375
52.0625
51.625
51.1875
50.875
50.5625
51.125
55.3125
66.5625
84.4375
104.6875
122.6875
135.375
141.75
142.375
139.4375
134.25
128.0
121.0
113.4375
106.5
100.0625
93.5
86.8125
80.4375
75.875
73.6875
73.375
74.25
75.4375
76.25
76.1875
75.3125
73.8125
72.0625
70.1875
68.375
66.5625
65.0
63.6875
62.625
61.625
60.8125
60.125
59.5
58.8125
58.25
57.6875
57.1875
56.6875
56.25
55.875
55.5
55.125
54.75
54.5
54.125
53.8125
53.375
53.0
52.625
52.3125
52.0
51.8125
52.8125
58.5625
73.25
95.0625
118.4375
138.125
151.125
155.875
153.875
148.625
141.8125
134.0
125.75
117.125
108.875
101.25
94.5625
88.5625
83.1875
79.125
77.4375
77.5
78.3125
79.25
79.625
79.25
78.0625
76.3125
74.4375
72.5
70.6875
69.0
67.4375
66.125
65.0625
64.0625
63.1875
62.5
61.9375
61.375
60.6875
59.9375
59.25
58.5
57.625
56.75
56.0625
55.5
55.0
54.5625
54.125
53.75
53.375
52.9375
52.4375
51.875
51.4375
51.0
50.75
50.5625
51.0625
55.9375
69.75
91.5
115.625
136.625
150.5625
155.6875
154.0625
148.875
141.875
134.25
126.4375
118.375
110.5625
103.3125
96.5
90.125
84.0
79.1875
76.875
76.5625
77.3125
78.25
78.6875
78.375
77.3125
75.625
73.5625
71.5625
69.75
68.0
66.375
65.0
63.75
62.75
61.9375
61.125
60.4375
59.875
59.3125
58.6875
58.0625
57.4375
56.9375
56.4375
55.9375
55.4375
54.9375
54.4375
53.9375
53.5625
53.125
52.75
52.3125
51.9375
51.4375
51.125
50.875
50.5625
50.25
49.9375
49.625
49.3125
49.0625
48.875
48.6875
49.75
55.6875
70.8125
93.5
117.8125
138.25
151.0
154.5625
150.625
142.875
133.5
122.875
111.9375
102.0625
93.875
87.625
82.625
78.3125
75.0625
73.875
74.625
76.125
77.625
78.4375
78.125
76.9375
75.1875
73.125
71.0625
69.0625
67.5
66.1875
64.3125
62.625
61.375
61.1875
60.625
59.125
57.375
58.4375
60.5
59.9375
57.8125
56.375
56.3125
56.375
55.8125
54.9375
54.125
53.625
53.0625
52.6875
52.5625
52.4375
52.4375
52.1875
51.5625
51.125
52.6875
59.4375
74.3125
95.0625
116.5625
134.5625
146.125
150.3125
148.875
144.0
137.5
130.5
123.1875
115.9375
108.5625
101.0625
93.875
86.9375
80.9375
77.3125
76.4375
77.25
78.8125
80.0625
80.5625
80.0625
78.625
76.8125
74.875
73.0625
71.375
69.625
68.0
66.75
65.6875
64.75
63.875
63.0625
62.5625
61.875
61.375
61.125
60.5625
59.625
59.1875
58.6875
58.0625
57.625
56.9375
56.5
55.9375
55.375
55.125
54.625
54.0
53.75
53.4375
53.0
52.9375
52.5
52.25
52.0
51.625
51.4375
51.8125
55.5
67.9375
89.0
113.9375
136.875
152.5625
158.9375
158.0625
153.8125
147.75
140.375
132.3125
123.5
114.1875
105.5625
98.375
92.0
86.0
80.875
78.0
77.5
78.1875
79.125
79.5625
79.5
78.375
76.4375
74.5
72.4375
70.3125
68.4375
66.8125
65.375
64.25
63.25
62.5
61.375
60.9375
60.625
59.25
58.8125
58.9375
57.1875
55.4375
55.5
57.0625
57.6875
56.75
55.1875
54.0625
53.8125
53.6875
53.3125
52.6875
52.0625
51.375
50.8125
50.4375
50.5
50.5
50.125
49.8125
49.5
49.375
49.1875
48.875
48.5
48.3125
48.25
48.25
48.0
47.625
47.5625
47.5
47.375
47.3125
46.875
46.6875
49.0625
58.4375
76.6875
100.4375
124.1875
142.6875
152.9375
154.9375
151.25
144.3125
135.0625
123.875
112.625
102.75
94.5625
88.0
83.1875
79.375
76.375
75.4375
75.9375
77.1875
78.625
79.0625
78.6875
77.5
75.4375
73.4375
71.5625
69.4375
67.5625
65.875
64.5625
63.5
62.625
61.9375
61.4375
60.5625
59.8125
59.5
59.0625
58.625
57.9375
57.3125
56.875
56.5625
56.0625
55.5625
55.1875
54.5625
54.0
53.5
53.0
52.75
52.5625
52.0
51.4375
51.125
50.75
50.3125
49.9375
49.6875
49.375
49.1875
49.0
48.625
48.375
48.3125
49.25
54.4375
67.375
87.1875
109.125
128.375
142.0625
148.625
148.8125
145.5
140.0625
133.375
126.0625
118.0
110.0625
103.125
96.625
90.5
84.625
79.375
76.75
76.4375
77.1875
78.5
79.4375
79.625
78.875
77.3125
75.5
73.5625
71.375
69.5625
68.0625
66.75
65.6875
64.625
63.5
62.9375
62.25
61.75
61.375
60.75
60.1875
59.6875
59.3125
59.0625
58.625
57.875
57.5
57.0625
56.5625
56.25
55.6875
55.125
54.8125
54.4375
54.0
53.6875
53.625
55.0625
61.1875
75.3125
95.3125
116.0
133.4375
144.625
148.5
147.0
142.625
136.6875
130.25
123.8125
117.375
111.0
103.9375
96.75
89.5625
82.8125
77.6875
75.375
74.875
75.75
76.875
77.1875
77.25
76.6875
75.375
73.1875
70.5625
68.5625
67.125
65.6875
64.1875
62.6875
61.4375
60.5
59.9375
59.625
58.9375
58.0625
57.375
56.875
56.5
56.0625
55.5625
54.9375
54.375
53.9375
53.6875
53.4375
53.0625
52.5
51.9375
51.4375
51.0625
50.625
50.1875
49.9375
49.5
49.0625
48.6875
48.4375
48.1875
47.875
47.75
49.5
57.6875
75.0625
97.875
120.375
137.875
147.9375
149.875
146.375
139.625
130.5625
120.3125
110.25
101.375
93.875
87.4375
82.125
77.75
74.75
73.875
74.5
76.0
77.625
78.4375
78.3125
77.125
75.3125
73.25
71.1875
69.25
67.5
66.0
64.8125
63.75
62.9375
62.1875
61.5625
61.125
60.625
60.125
59.625
59.1875
58.75
58.1875
57.625
57.0625
56.5625
56.1875
55.75
55.4375
55.0
54.625
54.3125
54.0625
53.75
53.5
53.0625
52.5
52.0625
51.625
51.1875
50.6875
50.125
49.625
49.375
49.25
50.75
58.125
74.3125
96.3125
119.3125
138.125
149.75
153.75
152.375
148.0
142.125
135.125
127.3125
118.9375
110.9375
103.5625
96.6875
90.25
84.1875
79.3125
76.875
76.5
77.25
78.4375
79.125
78.875
77.9375
76.3125
74.4375
72.375
70.4375
68.5625
66.875
65.5
64.3125
63.3125
62.375
61.5625
60.8125
60.1875
59.5625
59.0
58.4375
57.875
57.4375
56.9375
56.4375
55.9375
55.3125
54.8125
54.3125
53.875
53.375
53.0
52.6875
52.625
54.375
61.6875
77.25
98.125
118.9375
135.3125
144.9375
147.125
144.25
138.5625
131.3125
123.8125
116.4375
109.125
102.0625
95.25
88.5
82.125
77.125
74.8125
74.625
75.75
77.0625
77.875
77.875
77.0
75.375
73.3125
71.4375
69.75
67.8125
66.125
64.6875
63.5
62.625
61.75
61.0
60.25
59.625
59.0625
58.4375
57.9375
57.5
57.0625
56.5
56.0
55.5
55.0
54.625
54.0
53.5
53.125
52.6875
52.375
52.0625
51.6875
51.3125
50.9375
50.5625
50.625
52.875
62.125
80.875
105.0
128.4375
146.1875
155.4375
156.4375
152.25
145.375
137.25
128.5625
119.3125
110.0
101.3125
93.875
87.5625
82.3125
78.75
77.4375
77.875
79.0625
80.0625
80.375
79.875
78.5
76.6875
74.6875
72.75
70.6875
68.9375
67.3125
65.875
64.75
63.75
62.9375
62.25
61.625
61.0
60.3125
59.8125
59.3125
58.75
58.25
57.8125
57.375
57.0625
56.625
56.125
55.5625
55.0625
54.5625
54.1875
53.875
53.5
53.125
52.8125
52.4375
52.125
51.8125
51.5
51.25
51.5
54.6875
65.6875
85.6875
109.9375
132.4375
148.875
156.9375
157.5625
153.625
147.3125
139.875
131.3125
122.0625
112.9375
104.5625
97.375
91.25
85.9375
81.6875
79.5625
79.3125
80.25
81.1875
81.4375
80.8125
79.4375
77.625
75.5625
73.3125
71.1875
69.4375
67.875
66.3125
64.9375
63.9375
63.0625
62.25
61.4375
60.6875
60.0
59.4375
58.8125
58.0625
57.4375
56.875
56.375
55.875
55.375
54.875
54.375
53.9375
53.5
53.125
53.3125
56.0
65.5625
83.625
105.625
125.625
140.1875
147.75
148.0625
143.6875
137.1875
129.625
121.75
114.0
106.375
99.1875
92.1875
85.375
79.375
75.8125
74.875
75.6875
77.4375
78.875
79.4375
78.875
77.5
75.5625
73.5625
71.625
69.625
67.75
66.1875
64.9375
63.8125
62.875
62.0625
61.375
60.875
60.375
59.75
59.1875
58.625
58.0625
57.625
57.125
56.6875
56.1875
55.75
55.3125
54.8125
54.3125
53.8125
53.375
52.9375
52.5625
52.125
51.8125
51.625
52.375
58.125
73.9375
98.0
123.5625
144.75
158.0625
162.0
159.5625
153.875
146.5
138.0
128.75
119.5625
110.875
103.0
95.9375
89.625
84.0625
80.3125
79.0
79.6875
81.0
82.0
82.125
81.3125
79.6875
77.5
75.25
73.25
71.3125
69.5
67.875
66.4375
65.375
64.4375
63.5
62.6875
61.9375
61.375
60.8125
60.25
59.75
59.125
58.5625
58.125
57.625
57.0625
56.5
55.9375
55.4375
55.0
54.75
55.5625
60.875
75.125
97.0
120.0
138.75
150.75
154.5
151.875
146.375
139.75
132.6875
125.9375
118.9375
111.6875
104.25
96.75
89.375
83.0625
79.3125
78.3125
79.0625
80.5
81.75
82.0625
81.25
79.6875
77.75
75.625
73.5625
71.75
70.125
68.75
67.625
66.5625
65.75
64.9375
64.1875
63.5
62.9375
62.375
61.875
61.3125
60.8125
60.3125
59.8125
59.25
58.625
58.125
57.625
57.1875
56.8125
56.4375
56.125
55.75
55.3125
54.9375
54.5
54.0625
53.5625
53.125
52.9375
53.3125
58.0
72.6875
97.0
124.125
147.0625
161.8125
167.1875
165.375
160.25
153.6875
146.1875
137.3125
127.3125
117.25
108.1875
100.375
93.625
87.875
83.4375
81.375
81.25
82.125
82.9375
83.125
82.4375
80.9375
78.9375
76.75
74.5625
72.375
70.4375
68.6875
67.3125
66.0625
64.9375
64.0
63.125
62.375
61.6875
61.0
60.4375
59.8125
59.1875
58.625
58.0
57.4375
56.8125
56.25
55.75
55.25
54.875
54.375
53.9375
53.5
53.0625
52.625
52.25
51.875
51.5
51.0
50.6875
50.875
53.4375
63.6875
83.4375
107.6875
130.0
146.0625
153.875
154.0
149.5
142.4375
133.8125
124.0625
114.1875
104.875
96.5625
89.5
83.3125
78.5
76.125
76.25
77.6875
79.5
80.6875
80.8125
79.875
78.0625
75.9375
73.6875
71.625
69.6875
68.0
66.5625
65.375
64.375
63.4375
62.625
61.875
61.3125
60.75
60.25
59.6875
59.1875
58.6875
58.125
57.5
57.0
56.4375
55.875
55.375
54.9375
54.5
54.1875
53.75
53.375
53.0
52.625
52.125
51.6875
51.375
50.9375
50.625
50.375
51.375
57.4375
72.9375
96.0625
120.6875
141.0
153.9375
158.6875
156.875
151.6875
144.75
136.625
128.25
119.5
110.75
102.6875
95.5
89.0
83.5
80.0625
79.125
79.6875
80.9375
81.75
81.75
80.6875
79.125
77.1875
75.125
73.125
71.1875
69.5
68.125
66.875
65.75
64.8125
64.0
63.3125
62.625
61.9375
61.375
60.875
60.3125
59.8125
59.3125
58.9375
58.5625
58.125
57.75
57.3125
56.9375
56.5625
56.1875
56.0
57.1875
63.4375
78.375
99.9375
122.25
140.375
151.3125
154.25
151.75
146.5625
140.1875
133.375
126.1875
119.0625
112.25
105.5
98.3125
90.9375
84.4375
80.3125
79.0
79.25
80.1875
81.125
81.375
80.6875
79.25
77.3125
75.25
73.125
71.1875
69.4375
67.875
66.375
64.9375
63.75
62.8125
62.0625
61.4375
60.75
60.125
59.5
58.9375
58.25
57.5
56.8125
56.3125
55.75
55.1875
54.625
54.125
53.625
53.1875
52.75
52.5
52.625
55.5625
66.6875
87.75
113.0
135.625
151.5
158.6875
158.3125
153.6875
147.0
139.1875
130.5
121.3125
112.125
103.5
95.6875
88.5625
82.5
78.75
77.6875
78.5
80.0
81.1875
81.375
80.5625
78.9375
76.8125
74.6875
72.5625
70.5625
68.75
67.125
65.75
64.5625
63.625
62.75
62.0
61.3125
60.8125
60.375
59.8125
59.1875
58.5625
58.0
57.5
56.9375
56.375
55.8125
55.3125
54.8125
54.375
54.0
53.625
53.1875
52.75
52.3125
52.0
51.625
51.25
50.875
50.5625
50.625
52.8125
62.1875
81.625
106.8125
130.8125
148.8125
157.75
158.25
153.75
146.3125
137.0625
126.9375
116.75
107.3125
99.1875
92.3125
86.4375
81.5
78.25
77.4375
78.25
79.625
80.75
80.875
80.0
78.375
76.3125
74.125
72.0
70.0
68.25
66.6875
65.3125
64.1875
63.25
62.5
61.8125
61.125
60.5625
59.9375
59.375
58.6875
58.125
57.625
57.1875
57.0625
58.75
65.5625
80.125
99.625
118.375
132.4375
140.1875
141.3125
138.0
132.5625
126.25
119.75
113.1875
106.25
98.9375
91.0
83.1875
77.125
74.0
73.5
74.625
76.3125
77.5625
78.0625
77.5625
76.375
74.75
72.875
71.0625
69.375
67.8125
66.3125
65.0625
64.0625
63.1875
62.4375
61.8125
61.1875
60.6875
60.1875
59.75
59.1875
58.6875
58.25
57.75
57.375
57.0625
57.0625
59.625
70.25
91.75
118.1875
141.75
157.9375
164.5625
162.8125
156.5
148.25
138.875
129.375
120.0
111.0
102.6875
95.3125
88.8125
83.3125
80.125
79.5625
80.4375
81.9375
83.0
83.0
82.0625
80.375
78.0625
75.6875
73.3125
71.0625
69.0
67.1875
65.8125
64.8125
63.8125
63.0
62.25
61.5625
60.9375
60.25
59.5625
58.875
58.1875
57.5
56.8125
56.1875
55.6875
55.25
54.6875
54.25
53.75
53.375
52.9375
52.5
52.0625
51.625
51.1875
50.625
50.1875
49.8125
49.4375
49.0625
48.75
48.6875
50.625
60.5
82.1875
110.1875
136.375
155.75
165.3125
165.0
159.0
150.125
139.25
127.375
115.875
105.75
97.625
91.1875
86.0625
81.625
78.5
77.5625
78.25
79.4375
80.3125
80.3125
79.4375
77.8125
75.75
73.5
71.375
69.4375
67.625
66.0625
64.75
63.5625
62.625
61.8125
61.125
60.5
59.9375
59.375
58.8125
58.25
57.75
57.1875
56.5625
56.0625
55.5625
55.0625
54.5625
54.125
53.625
53.25
52.875
52.5
52.1875
51.875
51.6875
51.4375
51.1875
50.8125
50.5
50.1875
49.875
49.5625
49.25
48.9375
48.625
48.3125
48.125
49.25
56.375
73.6875
98.125
123.4375
143.9375
156.0625
158.9375
155.6875
149.125
140.3125
130.1875
119.625
109.625
100.8125
93.4375
87.3125
82.1875
78.1875
76.5
76.6875
77.75
79.0
79.5625
79.125
77.8125
76.0
73.6875
71.4375
69.375
67.5625
65.9375
64.4375
63.3125
62.375
61.5625
60.8125
60.1875
59.6875
59.1875
58.6875
58.1875
57.6875
57.125
56.625
56.0
55.4375
54.9375
54.5625
54.125
53.75
53.4375
53.0625
52.75
52.375
52.0
51.6875
51.3125
51.0
50.75
50.5625
50.375
50.25
50.0625
49.875
49.75
49.625
49.3125
49.125
48.9375
48.6875
48.625
50.375
58.5625
76.0
99.375
123.75
143.25
154.3125
157.375
155.25
149.6875
142.75
135.1875
127.0
118.5
109.8125
101.625
94.375
88.0
82.375
78.3125
76.75
76.875
77.6875
78.625
78.8125
78.25
77.125
75.5625
73.6875
71.625
69.75
68.0625
66.3125
64.75
63.25
62.125
61.3125
60.5
59.8125
59.25
58.625
58.0
57.375
56.75
56.125
55.4375
54.8125
54.1875
53.6875
53.1875
52.6875
52.1875
51.6875
51.25
50.8125
50.4375
50.0625
49.625
49.125
48.75
48.375
47.9375
47.625
47.3125
47.0625
46.75
46.4375
46.25
46.125
45.875
45.625
45.375
45.3125
45.875
50.25
62.6875
82.6875
105.875
127.1875
142.375
149.6875
150.1875
146.3125
139.9375
131.875
123.0
114.0
105.375
97.6875
91.0
85.125
79.6875
75.25
72.8125
72.4375
73.0625
74.0625
74.6875
74.5625
73.75
72.375
70.6875
68.8125
66.9375
65.125
63.5
62.1875
61.0625
59.9375
59.0
58.25
57.625
57.125
56.5
56.0
55.5625
55.0
54.5625
54.125
53.6875
53.25
52.75
52.375
52.0
51.5625
51.1875
50.6875
50.3125
49.875
49.5
49.125
48.875
48.5625
48.3125
48.0
47.75
47.5
47.1875
46.875
46.625
46.3125
46.0625
45.875
45.625
45.375
45.1875
44.875
44.625
44.4375
44.1875
44.0
43.8125
43.5625
43.3125
43.25
45.0625
52.625
68.1875
89.25
112.0
131.0625
143.0
147.1875
145.625
140.5
132.8125
123.5
113.8125
104.5
96.3125
89.4375
83.6875
78.8125
74.5
70.9375
69.125
69.3125
70.3125
71.375
71.75
71.625
70.875
69.8125
68.5
66.8125
65.375
64.0
62.5625
61.3125
60.125
59.1875
58.4375
57.8125
57.1875
56.5625
56.0
55.6875
55.3125
54.8125
54.4375
54.0625
53.625
53.25
52.875
52.4375
52.0625
51.75
51.375
51.125
50.875
50.6875
50.375
50.125
49.9375
49.5625
49.25
48.8125
48.5
48.3125
48.125
47.625
47.25
47.1875
46.875
46.625
46.4375
46.125
45.9375
45.8125
45.4375
45.125
45.0
44.9375
46.1875
52.0625
64.9375
82.875
103.4375
122.5
135.6875
142.125
143.0
140.5
135.9375
130.0625
123.0625
115.0625
106.75
98.9375
91.8125
85.4375
79.4375
74.1875
70.5
69.0625
69.0
69.625
70.5625
71.0625
70.8125
69.9375
68.5
66.9375
65.3125
63.75
62.25
60.8125
59.5625
58.3125
57.375
56.4375
55.6875
54.9375
54.25
53.6875
53.0625
52.625
52.3125
51.75
51.125
50.8125
50.4375
50.125
49.8125
49.4375
48.9375
48.625
48.25
47.9375
47.5
46.875
46.4375
46.125
45.75
45.625
47.375
54.25
67.5625
84.5625
102.0
116.625
125.8125
129.3125
127.9375
123.0
116.5625
109.375
101.75
94.0625
87.0
80.4375
74.5
69.375
65.8125
64.4375
64.625
65.75
67.1875
68.375
68.625
68.1875
67.125
65.6875
64.3125
62.875
61.5625
60.25
59.125
58.25
57.375
56.4375
56.0625
55.5625
55.125
54.875
54.5
54.0625
53.5625
53.125
52.6875
52.25
51.875
51.4375
51.0625
50.6875
50.4375
50.125
49.6875
49.25
49.0
48.8125
48.5625
48.25
47.9375
47.8125
47.6875
47.375
47.3125
46.875
46.5
46.3125
45.75
45.25
44.875
44.3125
44.0
43.75
43.5625
44.1875
48.625
60.625
78.8125
100.375
121.1875
136.25
143.8125
145.1875
142.1875
136.375
128.3125
119.0
109.25
100.0
91.875
84.9375
79.25
74.625
70.875
68.6875
68.4375
69.1875
70.125
70.875
71.1875
71.0625
70.125
68.5
66.75
64.8125
63.25
61.8125
60.375
58.9375
57.875
57.0
56.0625
55.5
55.0625
54.5625
54.0625
53.625
53.1875
52.875
52.5
51.9375
51.375
51.1875
50.75
50.1875
49.6875
49.1875
48.9375
48.625
48.0625
47.5625
47.1875
46.875
46.5625
46.125
45.6875
45.4375
45.25
45.25
44.875
44.5
44.4375
44.1875
44.1875
44.0
43.875
45.25
51.5625
65.1875
83.6875
104.0625
122.125
133.875
138.25
137.25
132.8125
125.875
117.6875
108.6875
99.75
91.6875
84.8125
79.125
74.5
70.75
68.5625
68.1875
68.875
70.0
71.0625
71.5
71.1875
70.125
68.5
66.6875
64.9375
63.1875
61.5625
60.0625
58.8125
57.8125
56.9375
56.0625
55.3125
54.6875
54.25
53.75
53.3125
53.0625
52.5625
52.0625
51.625
51.3125
50.9375
50.4375
50.0625
50.0
49.5
49.0
48.75
48.4375
48.0
47.625
47.3125
47.0625
46.75
46.375
45.9375
45.5625
45.1875
45.0
44.75
44.4375
44.125
43.875
43.75
43.625
44.5625
50.0
62.6875
81.125
102.0
121.3125
134.5
140.3125
140.3125
136.5
130.3125
122.75
114.0
104.8125
96.5
89.3125
83.0625
78.0625
73.9375
70.875
69.625
69.875
70.75
71.75
72.375
72.5
72.0
70.8125
69.1875
67.4375
65.75
64.125
62.625
61.25
60.0
58.9375
58.125
57.3125
56.75
56.3125
55.875
55.25
54.75
54.1875
53.6875
53.3125
52.9375
52.5
52.1875
51.9375
51.75
51.875
53.9375
61.125
74.5
91.6875
109.0625
123.0
131.3125
133.4375
131.0
126.375
120.6875
114.4375
108.1875
102.0625
95.875
89.625
83.125
76.5625
70.9375
67.75
66.5625
66.8125
68.0
69.125
69.8125
69.75
68.8125
67.4375
66.0
64.5625
63.0625
61.5
60.25
59.0625
57.8125
56.6875
55.8125
55.125
54.625
54.125
53.625
53.125
52.625
52.0
51.4375
50.9375
50.4375
50.0
49.6875
49.375
49.0
48.6875
48.5
48.375
47.9375
47.4375
47.125
46.75
46.4375
46.1875
45.875
45.625
45.625
47.5625
56.1875
73.6875
95.9375
117.625
134.3125
142.9375
143.6875
138.8125
129.9375
118.75
107.375
97.125
88.5
81.5625
76.3125
72.5625
69.6875
67.8125
67.5625
68.8125
70.375
72.0
72.875
72.6875
71.75
70.1875
68.4375
66.75
65.0625
63.4375
62.0625
61.0
60.125
59.4375
58.875
58.25
57.75
57.375
57.125
56.9375
56.5
55.9375
55.5
55.0625
54.625
54.25
53.75
53.25
52.8125
52.5
52.125
51.75
51.375
51.0
50.625
50.1875
49.75
49.5
49.375
49.1875
48.8125
48.3125
48.0625
47.8125
47.375
46.875
46.375
46.0625
45.8125
45.5625
46.25
51.25
64.375
84.25
107.1875
128.5
143.125
149.8125
150.125
146.5
140.5625
132.8125
124.0
114.75
105.8125
97.9375
91.125
85.4375
80.5
76.25
73.5625
72.875
73.25
74.125
74.625
74.5
73.75
72.4375
70.75
68.875
67.125
65.4375
63.875
62.4375
61.25
60.25
59.3125
58.5625
57.8125
57.1875
56.6875
56.125
55.6875
55.1875
54.6875
54.1875
53.6875
53.25
52.75
52.3125
51.875
51.375
50.9375
50.5
50.0625
49.5625
49.25
48.875
48.5
48.125
47.8125
47.5625
47.25
46.875
46.5
46.1875
45.9375
45.6875
45.5
45.3125
45.0625
44.8125
44.75
45.375
49.9375
62.5
81.8125
104.0
124.5
139.1875
145.875
145.875
141.5625
134.4375
125.3125
115.5625
105.875
97.0
89.6875
83.8125
79.0625
75.0
71.8125
70.3125
70.4375
71.25
72.3125
72.875
72.6875
71.8125
70.375
68.75
66.9375
65.1875
63.5625
62.0625
60.8125
59.75
58.75
57.9375
57.25
56.625
56.0625
55.625
55.125
54.6875
54.25
53.75
53.25
52.6875
52.1875
51.8125
51.375
51.0
50.625
50.1875
49.8125
49.4375
49.0625
48.625
48.1875
47.9375
47.5625
47.25
47.0
46.75
46.5
46.875
50.1875
60.25
77.0
97.1875
116.8125
131.375
139.125
140.5625
137.625
132.125
124.9375
116.8125
108.375
100.375
93.0625
86.75
81.0625
76.0625
72.1875
70.3125
70.1875
71.0625
72.25
73.0
73.0625
72.4375
71.25
69.6875
67.875
66.125
64.375
62.8125
61.5
60.5
59.625
58.8125
58.0625
57.5
57.0
56.5625
56.125
55.625
55.1875
54.75
54.25
53.8125
53.375
52.9375
52.5625
52.1875
51.75
51.3125
51.0
50.6875
50.375
49.9375
49.5625
49.25
49.0
48.75
48.375
47.9375
47.5
47.125
46.625
46.0625
45.5625
45.1875
44.75
44.375
44.125
43.9375
44.4375
48.4375
60.0
79.125
101.8125
123.0
138.3125
146.125
147.25
143.6875
137.5625
129.875
120.8125
111.0
101.5625
93.1875
86.0625
80.3125
75.5
71.875
70.1875
70.3125
71.25
72.375
73.125
73.125
72.375
71.0
69.3125
67.5
65.6875
63.9375
62.4375
61.1875
60.0625
59.125
58.3125
57.625
57.0625
56.625
56.125
55.625
55.125
54.625
54.1875
53.875
53.4375
53.0625
52.625
52.25
51.9375
51.625
51.3125
50.9375
50.375
50.0
49.8125
49.5625
49.1875
48.75
48.25
47.8125
47.4375
47.1875
47.0
46.75
46.4375
46.125
45.875
45.5625
45.25
45.0
44.875
45.6875
50.6875
63.0
81.25
102.25
121.5
134.4375
140.1875
139.375
134.375
127.1875
118.375
108.875
99.625
91.4375
84.5625
79.0
74.625
71.0
68.875
68.5625
69.4375
70.875
72.0625
72.5
72.0
71.0
69.5625
67.8125
66.0625
64.3125
62.5625
61.0
59.6875
58.6875
58.0
57.25
56.6875
56.125
55.625
55.25
54.875
54.5625
54.1875
53.6875
53.25
52.75
52.3125
51.875
51.5
50.9375
50.375
50.125
49.625
49.125
48.75
48.5
48.125
47.8125
47.5625
47.375
47.0625
46.75
46.5
46.25
45.9375
45.875
45.8125
46.6875
51.75
64.3125
82.8125
103.6875
122.75
135.9375
141.6875
142.0
138.625
133.0
125.6875
117.1875
108.75
100.9375
94.0
87.875
82.5
77.9375
74.4375
72.75
72.75
73.4375
74.4375
75.0625
74.9375
74.25
73.0
71.375
69.625
68.0
66.4375
64.875
63.5
62.375
61.3125
60.375
59.625
59.0
58.375
57.75
57.25
56.75
56.375
55.9375
55.4375
55.0
54.5625
54.0
53.5
53.0625
52.625
52.125
51.875
51.5625
51.8125
55.25
65.1875
81.375
100.25
117.9375
130.875
137.875
139.25
136.625
131.875
125.9375
119.3125
112.0625
104.4375
96.8125
89.5625
82.6875
76.625
72.25
70.3125
70.25
71.0625
72.1875
73.0
73.0625
72.3125
71.0
69.25
67.4375
65.6875
63.9375
62.5
61.1875
60.0
59.0625
58.125
57.375
56.6875
56.0625
55.4375
54.875
54.375
53.875
53.4375
52.9375
52.375
51.9375
51.5
51.0
50.5625
50.1875
49.8125
49.4375
49.0
48.6875
48.3125
48.0625
47.8125
47.5
47.1875
46.8125
46.4375
46.1875
45.8125
45.5
45.25
45.0
44.6875
44.4375
44.1875
44.0
43.8125
43.625
43.3125
43.125
42.9375
42.875
42.8125
42.75
42.75
42.8125
42.8125
42.9375
43.0625
43.125
43.0625
43.0625
43.0625
43.125
43.1875
43.25
43.4375
43.5
43.625
44.0625
47.5
58.625
77.625
100.9375
124.4375
141.25
148.1875
147.1875
140.75
130.1875
117.3125
104.5625
93.6875
85.375
79.6875
76.25
74.4375
73.75
73.1875
72.625
72.6875
73.25
73.6875
74.0
73.625
72.75
71.3125
69.6875
67.9375
66.3125
64.8125
63.4375
62.1875
61.1875
60.3125
59.5625
58.8125
58.125
57.625
57.0
56.375
55.6875
55.125
54.6875
54.25
53.8125
53.4375
53.1875
52.8125
52.375
51.875
51.3125
50.8125
50.375
49.9375
49.5
49.0625
48.8125
49.5
53.75
64.0625
79.625
97.5
114.125
126.5
133.3125
134.9375
133.1875
129.4375
124.625
119.375
113.8125
107.875
101.5625
95.0
88.4375
81.75
75.875
72.0625
70.375
70.3125
71.25
72.3125
72.875
72.625
71.75
70.375
68.8125
67.25
65.625
64.125
62.8125
61.6875
60.625
59.6875
58.875
58.1875
57.5
56.75
56.125
55.625
55.125
54.625
54.0
53.4375
53.0
52.5625
52.125
51.6875
51.3125
50.9375
50.5
50.125
49.75
49.375
49.0625
48.6875
48.375
48.0625
47.8125
47.5
47.25
47.0
46.6875
46.25
46.0
45.8125
45.5
45.1875
44.9375
44.6875
44.4375
44.25
44.0625
43.875
43.625
43.4375
43.25
43.125
43.0625
42.9375
42.6875
42.5
42.25
42.125
41.9375
41.6875
41.5625
41.4375
41.25
41.125
41.0625
41.0
41.0625
42.625
50.125
66.125
87.9375
112.0
132.0
143.6875
147.3125
145.375
139.5625
130.9375
120.4375
108.875
98.25
89.625
83.3125
78.9375
76.0
73.9375
72.25
71.3125
71.5
72.0625
72.6875
72.875
72.4375
71.4375
70.0
68.1875
66.3125
64.5625
63.0
61.6875
60.6875
59.6875
58.75
58.0
57.5
57.25
57.0
56.8125
56.4375
55.9375
55.4375
54.875
54.375
53.9375
53.5625
53.1875
52.6875
52.3125
51.875
51.5625
51.375
51.125
50.8125
50.5625
50.25
49.9375
49.6875
49.4375
49.25
49.125
49.0
48.75
48.75
50.4375
57.0
69.625
86.125
103.75
119.125
129.5625
133.9375
133.1875
129.8125
125.5
120.4375
114.8125
108.8125
102.375
96.0
89.75
83.625
78.0
73.3125
70.875
70.3125
70.8125
71.9375
72.8125
73.0
72.4375
71.0625
69.1875
67.0625
65.25
63.75
62.4375
61.25
60.125
59.125
58.1875
57.3125
56.625
55.9375
55.4375
54.9375
54.4375
53.9375
53.375
52.6875
52.125
51.6875
51.3125
50.875
50.4375
50.0
49.5
49.0625
48.6875
48.375
48.0625
47.75
47.375
47.0
46.75
47.25
51.375
62.625
80.1875
100.375
118.5
131.5
138.0625
138.4375
134.5
128.1875
120.5625
112.375
104.5625
97.3125
90.8125
84.875
79.3125
74.125
70.125
68.125
67.9375
68.8125
70.125
71.25
71.625
71.25
70.1875
68.8125
67.3125
65.875
64.375
62.9375
61.625
60.4375
59.375
58.5625
58.0
57.5
57.0625
56.75
56.5
56.25
56.0625
55.75
55.3125
54.8125
54.3125
53.875
53.5
53.0
52.75
52.625
52.9375
55.875
64.875
80.4375
99.375
117.5625
131.3125
138.875
140.0
136.4375
130.0
122.25
114.125
106.3125
98.8125
92.1875
86.1875
80.6875
75.75
72.25
71.0
71.25
72.375
73.8125
74.5
74.375
73.5
71.9375
69.9375
67.875
65.875
64.1875
62.875
61.75
60.75
59.8125
59.0625
58.3125
57.5625
56.9375
56.375
56.0
55.4375
54.8125
54.375
53.875
53.375
52.8125
52.375
52.0
51.6875
52.0625
55.625
66.75
85.375
107.1875
127.0625
140.75
146.5
146.0
141.5
134.6875
126.9375
118.6875
110.375
102.4375
95.25
88.75
82.75
77.375
73.3125
71.5625
71.6875
72.75
74.0
74.625
74.625
73.6875
72.25
70.4375
68.5
66.6875
65.0
63.4375
62.0625
61.0625
60.125
59.25
58.5
57.75
57.125
56.625
56.125
55.6875
55.1875
54.75
54.375
53.9375
53.5625
53.0625
52.625
52.125
52.375
56.0625
67.625
87.3125
110.0
129.75
143.125
148.375
146.125
139.75
131.125
121.6875
112.3125
103.4375
95.3125
88.25
82.125
77.0625
73.25
71.4375
71.625
72.6875
74.1875
75.3125
75.4375
74.625
73.125
71.25
69.3125
67.4375
65.5625
64.0
62.5
61.1875
60.1875
59.375
58.625
58.125
57.625
57.1875
56.8125
56.375
55.8125
55.25
54.75
54.1875
53.75
53.375
52.875
52.375
51.9375
51.5625
51.125
50.75
50.5
50.1875
49.8125
49.4375
49.125
48.875
48.75
50.0625
57.5625
75.3125
100.0625
125.5
145.75
156.75
157.8125
152.5625
144.5
135.0625
124.8125
114.4375
104.5625
96.25
89.5625
84.375
80.375
77.3125
75.625
75.6875
76.625
77.6875
78.3125
78.125
77.125
75.4375
73.375
71.375
69.4375
67.625
66.0
64.6875
63.5625
62.5
61.6875
61.0
60.4375
59.875
59.375
58.8125
58.25
57.8125
57.3125
56.8125
56.375
55.8125
55.4375
55.0
54.625
54.25
53.875
53.4375
53.125
52.8125
53.0
55.9375
66.4375
85.5
108.3125
129.375
144.4375
151.625
151.75
147.6875
141.375
134.0625
126.25
118.0625
109.75
101.8125
94.5
87.6875
81.5625
77.0
75.0625
75.0625
76.125
77.375
77.9375
77.6875
76.5
74.6875
72.5625
70.5
68.4375
66.5625
64.9375
63.6875
62.5
61.5
60.5
59.75
59.25
58.875
58.5
57.9375
57.375
56.8125
56.3125
55.75
55.375
55.0625
54.75
54.8125
56.8125
64.875
81.625
103.3125
123.75
138.8125
146.625
146.75
141.25
132.8125
123.25
113.375
104.25
96.25
89.1875
83.0
77.625
73.625
72.125
72.625
74.125
75.9375
76.875
76.875
75.8125
74.0625
72.1875
70.1875
68.375
66.5625
65.0
63.5
62.3125
61.375
60.5625
59.9375
59.375
58.8125
58.375
58.0
57.5625
56.9375
56.375
55.9375
55.6875
56.6875
62.9375
78.3125
100.5625
123.0
140.4375
150.75
152.75
148.6875
141.75
133.625
125.5
117.8125
110.25
103.125
96.125
89.125
82.6875
77.8125
75.75
75.75
76.8125
78.0625
78.6875
78.375
77.1875
75.4375
73.4375
71.4375
69.5625
67.9375
66.5
65.1875
63.9375
62.875
61.9375
61.25
60.5625
59.875
59.375
58.8125
58.3125
57.75
57.0625
56.5
56.0625
55.75
55.8125
59.3125
72.0625
95.1875
121.5
143.5
157.8125
162.4375
159.0
151.0625
141.1875
130.5
120.1875
110.9375
102.8125
95.6875
89.1875
83.3125
78.8125
76.75
77.0625
78.375
79.8125
80.5
80.1875
79.0625
77.25
75.25
73.25
71.375
69.625
68.1875
66.875
65.6875
64.5
63.4375
62.5625
61.875
61.375
60.9375
60.5
60.25
60.0
59.75
59.3125
58.875
58.3125
57.8125
57.3125
56.6875
56.1875
55.8125
55.25
54.75
54.1875
53.6875
53.3125
53.0625
53.3125
57.375
71.75
96.8125
125.0625
149.4375
165.0625
170.1875
167.6875
161.125
152.4375
142.4375
131.375
120.8125
111.5
103.375
96.4375
90.5
85.4375
82.0625
81.0625
81.6875
82.6875
83.5
83.3125
82.0
79.875
77.4375
75.0625
72.875
70.875
69.125
67.625
66.3125
65.1875
64.1875
63.375
62.5625
61.875
61.3125
60.6875
60.0625
59.375
58.6875
58.0
57.3125
56.6875
56.125
55.6875
55.1875
54.6875
54.3125
53.875
53.4375
52.9375
52.4375
52.125
51.75
51.4375
51.375
53.9375
64.6875
85.875
111.75
135.25
152.125
159.8125
159.0
153.0625
144.9375
135.875
126.0625
116.3125
107.125
99.0625
92.0625
85.9375
80.875
77.9375
77.4375
78.5
80.1875
81.25
81.375
80.4375
78.75
76.625
74.3125
72.0625
70.0625
68.25
66.6875
65.4375
64.4375
63.5
62.75
62.0625
61.5
60.9375
60.375
59.8125
59.25
58.6875
58.0625
57.4375
56.75
56.25
55.8125
55.375
54.875
54.5625
54.1875
53.75
53.5625
54.0
58.625
72.25
94.3125
118.5625
138.875
152.125
156.5625
154.375
148.6875
140.875
132.0625
122.9375
114.1875
106.0625
98.375
91.375
85.0625
80.0
77.375
77.25
78.5
79.875
80.625
80.5625
79.5625
77.875
75.6875
73.4375
71.3125
69.375
67.6875
66.25
64.9375
63.8125
62.875
62.0
61.3125
60.75
60.25
59.75
59.1875
58.6875
58.0625
57.625
57.1875
56.6875
56.25
55.875
55.25
54.75
54.375
53.8125
53.375
53.0
52.625
52.25
51.75
51.25
50.875
50.625
50.375
50.125
50.0
49.9375
51.3125
58.4375
76.125
101.6875
128.3125
149.8125
162.0625
164.625
161.375
154.9375
146.0625
135.875
125.375
115.0
105.8125
98.1875
92.0
86.9375
82.9375
80.875
80.75
81.625
82.625
83.0625
82.5
81.1875
79.3125
77.1875
74.9375
72.875
70.9375
69.4375
68.0625
66.8125
65.75
64.875
64.125
63.375
62.625
61.9375
61.375
60.8125
60.1875
59.625
59.125
58.625
58.0625
57.5625
57.125
56.6875
56.3125
55.8125
55.25
54.6875
54.0625
53.1875
52.5
52.1875
53.9375
61.9375
79.125
102.0625
124.625
142.0625
151.75
153.875
150.9375
145.8125
139.875
133.4375
126.1875
118.0625
109.5
100.875
92.5625
85.0
79.375
76.75
76.5625
77.625
79.0
79.75
79.6875
78.6875
76.875
74.9375
73.0
70.875
69.0
67.3125
65.8125
64.5
63.4375
62.4375
61.625
60.875
60.25
59.5625
59.0625
58.5
58.0625
57.625
57.0625
56.5625
56.125
55.6875
55.25
54.75
54.25
53.875
53.5
53.1875
53.1875
55.75
65.5
84.5
107.9375
129.5
144.875
152.0625
151.75
146.625
138.75
129.5625
119.75
110.0625
100.9375
92.9375
86.0
80.125
76.1875
75.0625
75.75
77.4375
79.125
79.8125
79.375
77.875
75.9375
73.8125
71.6875
69.625
67.8125
66.1875
64.6875
63.5
62.5
61.75
61.1875
60.625
60.0625
59.5
58.9375
58.3125
57.75
57.125
56.6875
56.4375
57.8125
64.4375
79.1875
99.375
119.1875
134.0
141.8125
143.125
139.9375
134.125
126.75
119.0
111.5625
104.4375
97.4375
90.1875
82.8125
77.0
74.0
73.3125
74.3125
75.8125
77.125
77.4375
76.75
75.3125
73.4375
71.375
69.4375
67.625
65.9375
64.5
63.25
62.25
61.4375
60.8125
60.25
59.625
59.0
58.5625
58.0625
57.5625
57.0
56.5625
56.4375
58.125
67.125
86.625
112.0
135.375
152.0
159.1875
157.625
151.3125
142.625
133.1875
123.8125
114.75
106.4375
98.625
91.375
84.9375
79.9375
77.5
77.3125
78.4375
79.875
80.8125
80.6875
79.625
77.9375
75.8125
73.5625
71.5625
69.75
68.25
66.8125
65.625
64.6875
63.875
63.125
62.4375
61.875
61.25
60.5625
59.9375
59.375
58.875
58.625
60.0625
67.8125
85.1875
108.875
131.4375
147.5625
155.25
154.875
149.25
141.375
133.125
124.5625
115.8125
107.375
99.3125
91.4375
84.1875
78.5625
75.9375
75.8125
77.0
78.3125
79.25
79.125
78.125
76.5
74.4375
72.25
70.125
68.1875
66.4375
64.875
63.8125
62.8125
61.875
61.1875
60.375
59.5
59.1875
58.625
57.75
57.1875
56.5625
56.0
55.375
54.8125
54.3125
53.8125
53.3125
52.875
52.4375
51.9375
51.5
51.25
51.625
55.9375
71.1875
97.4375
125.75
148.875
162.625
164.875
159.1875
149.3125
136.9375
123.8125
111.625
101.1875
93.0625
86.875
82.3125
78.875
77.0
77.5
79.0
80.8125
82.0
82.0625
81.0625
79.125
77.0
74.6875
72.375
70.25
68.375
66.875
65.625
64.5625
63.8125
63.3125
62.8125
62.4375
61.875
61.4375
61.0
60.5
59.9375
59.4375
58.9375
58.4375
57.9375
57.5
56.9375
56.4375
56.0
55.5625
55.125
54.6875
54.25
53.8125
53.5625
53.25
52.9375
52.6875
52.4375
52.1875
51.9375
51.75
51.4375
51.125
51.3125
54.9375
68.125
91.75
119.875
145.25
162.3125
169.0625
167.5625
161.3125
152.6875
142.9375
132.0
120.5625
110.125
101.25
93.875
87.9375
83.25
80.4375
79.875
80.5625
81.5625
82.25
82.0
80.75
78.8125
76.5
74.25
72.125
70.0625
68.3125
66.8125
65.625
64.5625
63.5625
62.625
61.875
61.125
60.5
59.9375
59.3125
58.75
58.125
57.5625
57.125
56.625
56.0
55.4375
54.875
54.3125
53.6875
53.1875
52.875
53.3125
57.4375
69.5625
89.5625
112.125
131.5625
144.0625
148.125
145.625
139.9375
132.25
123.375
114.125
105.25
96.9375
89.375
82.375
76.4375
72.8125
71.875
72.625
74.1875
75.625
76.1875
75.8125
74.6875
73.0625
71.125
69.25
67.4375
65.8125
64.375
63.0625
61.875
60.875
60.0
59.1875
58.4375
57.9375
57.4375
56.75
56.125
55.6875
55.0625
54.25
53.75
53.3125
52.875
52.375
51.875
51.5625
51.3125
50.9375
50.5
50.125
49.75
49.375
48.9375
48.5625
48.5
51.1875
62.1875
83.3125
109.0
132.4375
148.875
155.6875
154.4375
148.0625
139.0625
128.5
117.25
106.5
97.125
89.5
83.4375
78.5625
75.0
73.5
73.875
75.3125
76.8125
77.625
77.5
76.375
74.625
72.5625
70.4375
68.375
66.5625
65.0
63.6875
62.625
61.75
61.0
60.3125
59.625
59.125
58.6875
58.25
57.75
57.25
56.75
56.3125
55.75
55.25
54.75
54.375
54.0
53.5625
53.3125
52.9375
52.5625
52.25
51.875
51.4375
51.0625
50.5625
50.125
49.8125
49.5625
49.3125
49.0
48.75
49.25
53.6875
66.9375
88.6875
113.5
135.375
150.0625
155.75
154.5
149.625
142.5
133.9375
124.25
114.25
104.8125
96.4375
89.25
83.0625
78.0
74.9375
74.3125
75.0625
76.3125
77.375
77.625
76.875
75.5
73.75
71.75
69.75
67.875
66.1875
64.75
63.3125
62.1875
61.3125
60.5
59.8125
59.0625
58.4375
57.8125
57.25
56.625
56.125
55.5625
54.9375
54.4375
53.9375
53.5625
53.1875
52.8125
52.3125
51.875
51.5625
51.1875
50.75
50.25
49.875
49.5625
49.25
48.9375
48.5625
48.25
47.9375
47.5625
47.25
47.0
46.9375
48.5625
56.4375
73.625
96.875
120.625
139.375
149.8125
151.9375
148.1875
140.75
131.125
120.1875
109.125
99.0625
90.4375
83.5625
78.125
73.6875
71.1875
71.125
72.3125
74.1875
75.6875
76.5
76.125
74.4375
72.3125
70.1875
67.9375
66.0
64.3125
62.75
61.5
60.5
59.625
59.0
58.375
57.875
57.375
56.8125
56.3125
55.8125
55.3125
54.875
54.375
53.875
53.5625
53.25
53.5
56.4375
65.375
80.8125
99.3125
116.0625
127.875
133.75
133.9375
129.875
124.0625
117.1875
109.6875
102.25
94.875
87.5625
80.3125
73.9375
69.8125
68.3125
68.625
70.0
71.5
72.3125
72.4375
71.6875
70.375
68.6875
66.875
65.3125
63.75
62.1875
60.8125
59.75
58.9375
58.25
57.6875
57.1875
56.875
56.625
56.25
55.8125
55.3125
54.9375
54.5
54.0
53.5625
53.1875
52.75
52.375
52.0
51.6875
51.4375
51.1875
50.875
50.625
50.375
50.0625
49.8125
49.5
49.25
48.875
48.625
48.25
47.75
47.5625
47.3125
47.0625
46.9375
46.75
47.1875
51.6875
65.6875
88.75
115.5625
139.5625
155.0
160.5
158.375
152.0
142.25
130.0625
117.0
104.75
94.875
87.4375
82.375
78.75
76.0
74.4375
74.375
75.1875
76.125
76.5
76.125
75.25
73.75
71.75
69.8125
67.9375
66.0625
64.5
63.0
61.6875
60.4375
59.375
58.6875
57.875
57.0625
56.625
56.0
55.375
54.875
54.5
54.0
53.5
53.0625
52.5625
52.125
51.6875
51.25
50.875
50.3125
49.8125
49.4375
49.0625
48.625
48.25
47.9375
47.625
47.25
46.8125
46.375
46.0625
45.6875
45.4375
45.3125
45.125
45.0625
44.9375
45.0
47.4375
56.6875
74.25
96.5
118.4375
135.25
144.375
145.875
142.0
134.875
125.5625
114.875
104.0
94.5625
86.875
80.75
75.6875
71.75
69.5
69.25
70.3125
71.875
73.0625
73.3125
72.8125
71.625
70.0625
68.3125
66.5
64.75
62.9375
61.375
60.125
59.125
58.25
57.4375
56.875
56.3125
55.8125
55.3125
54.875
54.375
53.9375
53.5
53.0
52.5625
52.25
51.875
51.5
51.1875
50.9375
50.6875
50.625
52.375
59.3125
73.4375
92.3125
111.3125
126.5625
136.0625
138.6875
135.75
130.0625
122.8125
114.75
106.8125
99.25
92.0
84.9375
78.25
72.625
69.1875
68.1875
68.875
70.5625
72.0625
72.9375
72.9375
72.125
70.625
68.8125
67.0
65.0625
63.5
62.0
60.6875
59.6875
58.875
58.125
57.5
56.875
56.4375
55.9375
55.4375
54.8125
54.1875
53.625
53.125
52.75
52.3125
51.9375
51.625
51.3125
51.125
51.125
51.6875
55.4375
67.1875
87.1875
110.3125
130.8125
144.875
150.5
149.5
144.75
138.0
130.25
121.4375
112.0625
103.0625
94.8125
87.5
81.1875
75.9375
72.875
72.5
73.625
75.4375
76.8125
77.3125
76.8125
75.6875
74.0
71.9375
69.9375
68.0
66.1875
64.5625
63.125
62.0
61.1875
60.5625
60.0625
59.5
58.9375
58.375
57.75
57.0625
56.6875
56.3125
55.875
55.3125
54.75
54.1875
53.6875
53.375
53.0
52.5
52.0
51.5625
51.0
50.375
49.875
50.25
54.75
68.5
90.625
115.375
136.6875
150.4375
155.125
153.1875
147.8125
140.4375
131.5
121.375
111.125
101.625
93.5625
86.75
80.75
75.6875
72.6875
72.125
72.9375
74.3125
75.5
75.875
75.1875
73.8125
72.0625
70.1875
68.1875
66.25
64.5
63.0
61.75
60.625
59.625
58.75
57.9375
57.3125
56.75
56.1875
55.6875
55.25
54.75
54.25
53.75
53.375
52.9375
52.4375
51.9375
51.4375
51.0625
50.6875
50.3125
49.9375
49.5
49.125
48.75
48.375
48.0625
47.75
47.625
48.4375
54.1875
69.25
91.8125
115.5
135.375
147.4375
150.25
146.75
139.125
128.625
116.875
105.4375
95.25
86.6875
79.9375
74.8125
71.125
69.5
70.125
71.8125
73.875
75.5
76.125
75.625
74.3125
72.375
70.375
68.3125
66.25
64.4375
62.75
61.4375
60.4375
59.625
58.9375
58.4375
57.9375
57.4375
57.125
56.6875
56.25
55.75
55.1875
54.5625
54.0625
53.625
53.125
52.625
52.125
51.8125
51.4375
51.0
50.625
50.3125
49.875
49.5625
49.3125
49.125
48.875
49.4375
53.625
66.3125
87.0625
110.8125
132.25
147.125
153.4375
152.5625
147.875
141.3125
133.25
124.125
114.8125
106.125
98.1875
90.875
84.25
78.5625
74.8125
73.5625
73.9375
75.25
76.625
77.3125
77.0625
76.0
74.5
72.625
70.625
68.8125
67.1875
65.625
64.3125
63.125
62.125
61.3125
60.5625
60.0625
59.5625
59.0625
58.625
58.25
57.875
57.4375
57.125
56.6875
56.125
55.6875
55.1875
54.8125
54.4375
54.0625
53.8125
53.5625
53.75
56.5625
66.625
85.375
108.4375
130.125
146.125
154.0
154.375
149.9375
142.625
134.0
125.1875
116.5
108.1875
100.0625
92.5
85.625
79.9375
76.3125
75.375
75.875
77.25
78.5
78.875
78.3125
76.875
74.9375
72.6875
70.4375
68.3125
66.5
65.0625
63.8125
62.75
61.875
61.125
60.4375
59.6875
59.0625
58.4375
57.8125
57.125
56.5
55.8125
55.3125
54.6875
54.0625
53.5
53.0
52.5
52.125
51.8125
52.1875
56.25
68.6875
89.6875
113.3125
133.5625
147.125
152.1875
150.25
144.3125
136.3125
127.125
117.5625
108.5
99.9375
92.0
84.8125
78.5
73.9375
72.0625
72.4375
73.9375
75.5
76.5
76.5
75.5625
74.0625
72.1875
70.125
68.0625
66.3125
64.6875
63.25
62.0
61.0
60.0625
59.3125
58.6875
58.1875
57.75
57.1875
56.6875
56.1875
55.625
55.125
54.6875
54.1875
53.6875
53.1875
52.8125
52.5
53.3125
58.8125
73.5625
95.8125
118.875
137.4375
148.375
150.5
146.1875
138.0625
128.1875
117.9375
108.0625
99.0
91.1875
84.4375
78.625
74.25
72.4375
72.75
74.25
76.0
77.0625
77.3125
76.5625
75.1875
73.375
71.25
69.25
67.375
65.75
64.375
63.0625
61.9375
61.125
60.4375
59.6875
59.125
58.625
58.1875
57.75
57.3125
56.75
56.1875
55.625
55.125
54.625
54.125
53.625
53.1875
52.875
52.5625
52.1875
51.8125
51.375
51.0
50.5625
50.3125
50.0
49.8125
50.3125
54.75
69.3125
93.875
121.4375
145.1875
160.4375
165.625
163.25
156.4375
147.375
137.4375
127.125
116.6875
107.0625
98.8125
92.0
86.3125
81.6875
78.6875
78.125
79.0625
80.4375
81.4375
81.4375
80.6875
79.125
77.0625
74.9375
72.875
70.875
69.1875
67.75
66.625
65.625
64.8125
64.125
63.5625
63.0625
62.5625
62.0625
61.5
61.0
60.4375
59.8125
59.1875
58.625
58.1875
57.6875
57.1875
56.875
56.3125
55.9375
55.5625
55.25
54.9375
54.5
54.1875
53.8125
53.5
53.1875
52.8125
52.5625
52.5
54.25
62.8125
81.625
107.0
132.3125
151.8125
162.0625
163.5625
159.9375
153.5625
145.625
136.5625
126.9375
117.1875
108.1875
100.1875
93.1875
86.9375
81.9375
79.375
78.875
79.6875
80.6875
81.1875
80.75
79.4375
77.6875
75.5625
73.5
71.5
69.75
68.0625
66.6875
65.4375
64.3125
63.3125
62.4375
61.625
60.9375
60.375
59.75
59.125
58.5
58.0
57.4375
56.875
56.375
55.875
55.3125
54.8125
54.25
53.8125
53.375
52.9375
52.5
52.125
51.6875
51.375
51.0
50.6875
50.5625
51.625
58.0
73.9375
97.0625
120.8125
140.0625
151.375
154.0625
150.1875
142.625
133.5
123.1875
112.875
103.4375
95.1875
87.9375
81.75
76.6875
74.0
73.8125
75.125
76.9375
78.3125
78.75
78.0
76.5625
74.6875
72.75
70.875
69.125
67.5
66.0
64.8125
63.8125
62.9375
62.25
61.5625
61.0
60.4375
59.8125
59.25
58.75
58.1875
57.6875
57.1875
56.75
56.125
55.625
55.125
54.6875
54.25
53.6875
53.25
53.0
53.1875
55.9375
65.9375
84.875
108.0625
129.6875
145.8125
153.625
153.4375
148.75
141.8125
133.8125
125.4375
117.125
109.0625
101.0625
93.375
86.0
79.75
76.0
75.125
76.0
77.6875
79.1875
79.8125
79.4375
78.0625
76.1875
74.125
72.125
70.1875
68.4375
66.9375
65.6875
64.6875
63.75
63.0625
62.3125
61.625
60.9375
60.3125
59.75
59.0625
58.5
57.9375
57.5625
57.25
56.9375
56.625
56.3125
55.875
55.5
55.125
54.75
54.3125
54.0
53.625
53.3125
53.0625
52.8125
52.5625
52.375
52.25
53.3125
59.75
76.625
101.6875
128.0
149.6875
162.6875
165.5
162.125
156.375
149.3125
140.6875
130.8125
120.25
110.25
101.625
94.4375
88.375
83.6875
81.375
81.25
82.125
83.1875
83.625
83.1875
81.9375
80.125
78.0
75.9375
73.875
72.0
70.375
68.875
67.6875
66.625
65.5625
64.625
63.8125
62.9375
61.9375
60.9375
60.1875
59.5
58.8125
58.125
57.5625
57.0625
56.625
56.125
55.5625
55.0625
54.625
54.125
53.5625
53.0625
52.625
52.125
51.625
51.1875
50.9375
51.5625
56.5625
70.75
93.125
117.375
137.875
151.4375
156.25
154.8125
150.125
143.5
135.8125
127.5
118.9375
110.625
102.75
95.3125
88.3125
82.25
78.5625
77.375
77.75
78.8125
79.6875
79.6875
78.875
77.375
75.5625
73.5625
71.5625
69.75
68.0625
66.625
65.375
64.25
63.3125
62.5625
61.8125
61.1875
60.625
60.0625
59.4375
58.875
58.25
57.75
57.1875
56.625
56.1875
55.6875
55.25
54.9375
54.625
54.25
53.9375
53.625
53.5625
55.5625
64.0
81.75
105.125
127.25
143.5625
152.0
152.4375
147.9375
141.0
132.125
122.625
113.5
105.0
97.125
90.0
83.5
78.5
76.125
76.0
77.125
78.625
79.4375
79.4375
78.4375
76.75
74.8125
72.6875
70.6875
68.8125
67.1875
65.875
64.6875
63.6875
62.6875
61.9375
61.25
60.6875
60.125
59.625
59.0625
58.5625
58.125
57.5625
56.875
56.375
55.9375
55.4375
54.9375
54.4375
53.9375
53.5
53.1875
52.8125
52.4375
52.1875
52.4375
56.25
68.9375
91.0625
116.3125
138.25
153.3125
159.375
158.0625
152.9375
145.8125
137.375
128.25
119.0
110.0
101.5625
94.125
87.4375
81.875
78.75
78.25
79.1875
80.6875
81.8125
81.9375
80.9375
79.25
77.25
75.0625
73.0
71.1875
69.5625
68.1875
66.9375
65.9375
65.0625
64.375
63.75
63.1875
62.625
62.0625
61.5625
61.0625
60.5
60.0
59.375
58.8125
58.3125
57.8125
57.3125
56.875
56.4375
56.0
55.6875
55.3125
54.9375
54.625
54.25
53.875
53.5
53.125
52.6875
52.3125
51.9375
51.5
51.1875
50.75
50.375
50.0625
49.8125
49.6875
49.25
49.0
48.6875
48.3125
47.875
47.375
46.875
46.625
46.25
46.0
45.75
45.5625
45.4375
45.1875
44.9375
44.625
44.4375
44.125
43.875
43.6875
43.4375
43.25
43.0
42.8125
42.625
42.5625
42.4375
42.3125
42.1875
42.0625
41.9375
41.8125
41.5625
41.375
41.1875
41.0
40.875
40.75
40.625
40.5625
40.4375
40.375
40.1875
40.0
39.875
39.75
39.6875
39.625
40.0625
44.3125
58.1875
81.625
109.5
134.625
151.0
158.1875
158.5
153.625
144.8125
133.1875
120.25
107.5
96.5
87.9375
81.8125
77.9375
75.5
73.625
72.375
72.5
73.5
74.5
75.1875
75.1875
74.25
72.875
71.0
68.875
66.875
65.1875
63.6875
62.375
61.375
60.5
59.75
59.25
58.8125
58.3125
57.8125
57.4375
57.0625
56.625
56.1875
55.75
55.375
55.0
54.625
54.25
53.9375
53.6875
53.375
53.125
52.875
52.625
52.3125
51.9375
51.6875
51.375
51.125
50.75
50.4375
50.1875
49.9375
49.625
49.375
49.125
49.6875
53.625
63.6875
79.375
97.9375
115.8125
129.625
137.4375
139.125
137.0625
133.25
128.625
123.625
118.25
112.25
105.8125
98.875
91.6875
84.4375
78.0625
73.9375
72.25
72.0
72.625
73.375
73.625
73.375
72.5
71.3125
69.8125
68.25
66.6875
65.1875
63.8125
62.5
61.3125
60.3125
59.4375
58.5
57.8125
57.1875
56.625
56.0625
55.4375
54.9375
54.4375
53.9375
53.4375
52.9375
52.5
51.9375
51.4375
51.125
50.75
50.4375
50.125
49.75
49.25
48.8125
48.4375
48.0625
47.8125
47.4375
47.125
46.875
46.75
47.6875
53.125
66.1875
85.125
106.1875
124.625
137.3125
143.25
143.5625
140.3125
134.6875
127.75
119.8125
111.5625
103.5625
96.1875
89.4375
83.125
77.4375
73.3125
71.4375
71.25
72.0625
73.0
73.625
73.5625
72.8125
71.5625
69.9375
68.125
66.375
64.625
63.125
61.8125
60.75
59.75
58.875
58.125
57.5
56.9375
56.4375
55.875
55.375
54.875
54.4375
53.9375
53.5
53.0
52.5625
52.125
51.625
51.25
50.875
50.4375
50.0
49.5
49.1875
48.875
48.5
48.1875
47.8125
47.5625
47.3125
46.9375
46.625
46.25
46.0
45.8125
47.0625
53.4375
67.5
87.3125
108.625
126.8125
138.9375
143.5625
142.0
137.0625
130.375
122.125
112.9375
103.5
94.9375
87.5
81.25
75.875
72.0
70.4375
70.625
71.8125
73.3125
74.1875
74.3125
73.625
72.3125
70.625
68.8125
67.0625
65.3125
63.8125
62.5
61.375
60.375
59.5625
58.875
58.3125
57.8125
57.4375
57.0
56.5
56.125
55.625
55.1875
54.6875
54.1875
53.75
53.375
52.9375
52.5
52.125
51.8125
51.4375
51.1875
50.9375
51.5625
55.8125
67.125
84.75
104.75
122.5
134.6875
140.5
140.75
137.375
132.0
125.4375
118.3125
111.125
103.75
96.375
89.1875
82.25
76.3125
72.625
71.3125
71.5625
72.8125
73.9375
74.3125
74.0
73.0
71.5
69.8125
67.9375
66.125
64.4375
62.9375
61.625
60.5
59.5
58.6875
58.0
57.375
56.8125
56.25
55.8125
55.375
54.9375
54.5
54.0625
53.6875
53.4375
53.1875
53.125
54.6875
61.375
75.875
95.5625
114.6875
129.4375
138.3125
140.8125
137.9375
131.4375
123.125
114.6875
106.3125
97.8125
89.875
83.1875
77.4375
72.75
70.375
70.0625
71.0
72.625
73.875
74.3125
73.9375
72.8125
71.125
69.125
67.125
65.25
63.6875
62.3125
61.0625
60.0
59.0
58.3125
57.75
57.375
56.9375
56.3125
55.6875
55.25
54.875
54.4375
54.0
53.5
53.0
52.5
52.1875
51.8125
51.375
51.0
50.5625
50.375
51.625
58.6875
75.3125
98.625
122.0
140.5625
150.9375
152.6875
149.125
142.9375
135.0
125.625
115.4375
105.3125
96.125
88.625
82.4375
77.6875
74.8125
74.3125
75.25
76.6875
77.75
77.875
77.125
75.75
73.875
71.875
69.875
67.9375
66.1875
64.625
63.375
62.25
61.25
60.4375
59.6875
59.0625
58.5625
58.0625
57.5625
57.0625
56.5625
56.0625
55.5625
55.0625
54.5
53.9375
53.4375
53.0
52.625
52.3125
51.875
51.4375
51.0625
50.6875
50.375
50.0
49.75
49.375
48.9375
48.875
49.875
56.0
72.0625
95.875
121.3125
142.4375
155.4375
159.5
156.875
150.5625
141.875
131.75
121.3125
111.3125
102.375
94.75
88.375
83.125
79.125
77.0
77.0
78.0625
79.4375
80.25
80.1875
79.125
77.4375
75.375
73.1875
71.1875
69.375
67.625
66.0625
64.8125
63.75
62.875
62.125
61.4375
60.8125
60.3125
59.8125
59.1875
58.625
58.125
57.5625
57.0
56.5
55.9375
55.4375
55.0625
54.6875
54.8125
57.9375
68.3125
86.875
109.125
129.25
143.25
149.875
149.375
143.9375
136.875
129.3125
122.0625
115.1875
108.0625
100.4375
92.8125
85.3125
79.0
75.25
74.0
74.375
75.5625
76.625
77.0
76.5
75.1875
73.375
71.4375
69.4375
67.5625
65.875
64.375
63.0
61.875
60.9375
60.125
59.375
58.625
58.0
57.4375
56.875
56.375
55.8125
55.25
54.75
54.25
53.8125
53.75
55.9375
65.25
83.9375
107.1875
128.0625
142.9375
150.1875
150.3125
145.0625
136.375
126.0625
115.375
105.625
96.9375
89.5
82.875
77.125
73.1875
71.8125
72.25
73.8125
75.5
76.375
76.25
75.25
73.5
71.4375
69.375
67.375
65.625
64.0625
62.75
61.625
60.6875
59.875
59.25
58.625
58.125
57.6875
57.1875
56.6875
56.25
55.75
55.25
54.8125
54.4375
54.0
53.6875
53.375
53.0
52.625
52.1875
51.8125
51.3125
51.0
50.625
50.25
49.9375
49.625
49.25
48.875
48.5625
48.375
48.0625
47.75
47.5
47.25
47.0625
46.8125
46.625
46.375
46.4375
48.5625
58.4375
79.75
107.6875
134.9375
155.125
164.375
164.125
158.1875
148.75
136.875
123.4375
110.5
99.5625
91.1875
85.3125
81.3125
78.4375
76.5
76.1875
77.0625
78.3125
79.25
79.375
78.5
76.875
74.8125
72.5
70.25
68.25
66.4375
64.875
63.625
62.5625
61.625
60.875
60.25
59.5625
59.0
58.5
58.1875
57.75
57.375
57.0
56.625
56.125
55.75
55.25
54.75
54.3125
53.8125
53.4375
53.125
52.8125
52.5
52.1875
51.875
51.625
51.4375
51.4375
52.6875
59.3125
74.4375
95.8125
118.375
137.1875
149.1875
152.75
150.3125
144.875
137.9375
130.4375
122.8125
114.9375
107.1875
99.5625
92.25
85.25
79.4375
76.0
75.0
75.5625
76.8125
77.8125
78.3125
77.75
76.5
74.75
72.8125
70.8125
69.0
67.375
65.9375
64.5
63.25
62.0625
61.0625
60.0625
59.25
58.5
57.8125
57.25
56.6875
56.1875
55.6875
55.125
54.625
54.0625
53.5625
53.0
52.4375
51.9375
51.4375
50.9375
50.5625
50.5625
53.625
64.3125
84.0
107.6875
129.1875
144.625
152.125
152.0625
147.0625
139.8125
131.6875
123.1875
114.4375
105.9375
97.875
90.4375
83.75
77.9375
74.3125
73.1875
73.5
74.625
75.6875
76.0625
75.5625
74.3125
72.5625
70.625
68.6875
66.75
65.0
63.5
62.25
61.125
60.125
59.3125
58.5625
57.875
57.375
56.75
56.1875
55.625
55.125
54.625
54.375
55.5625
61.1875
74.25
92.75
111.3125
125.8125
133.9375
135.3125
131.625
125.0
117.25
109.0625
101.125
93.5
86.0625
78.875
72.625
68.6875
67.375
67.75
69.3125
71.0
72.0625
72.3125
71.75
70.4375
68.8125
67.0
65.125
63.5625
62.125
60.9375
59.8125
58.8125
58.0625
57.3125
56.6875
56.1875
55.8125
55.3125
54.75
54.25
53.6875
53.25
52.875
52.4375
51.9375
51.625
51.1875
50.875
51.0625
54.3125
66.5625
88.9375
115.125
138.0
153.5
159.5625
157.3125
150.375
140.8125
129.625
117.875
106.9375
97.5
89.8125
83.6875
78.75
75.125
73.6875
74.125
75.5625
77.1875
78.0625
77.75
76.5625
74.6875
72.5625
70.375
68.25
66.375
64.6875
63.1875
61.9375
60.875
60.0625
59.4375
58.9375
58.5625
58.25
57.875
57.5625
57.0
56.5
56.0
55.5625
55.0
54.5
54.0625
53.6875
53.375
53.0625
52.75
52.4375
52.1875
51.9375
51.6875
51.75
54.125
64.25
84.5625
110.0625
134.125
151.9375
160.0625
159.625
154.625
146.875
137.625
127.125
116.375
106.625
98.125
90.875
84.8125
79.8125
76.625
75.875
76.5625
77.875
78.9375
79.125
78.5625
77.125
75.25
73.1875
71.125
69.25
67.5625
66.0625
64.5625
63.3125
62.25
61.1875
60.125
59.125
58.4375
57.8125
57.25
56.6875
56.125
55.625
55.125
54.5625
53.875
53.375
52.8125
52.25
51.6875
51.1875
50.875
51.375
56.8125
71.8125
94.9375
119.125
138.75
151.0625
154.8125
152.0625
146.0
137.9375
129.0625
119.875
110.6875
101.9375
93.8125
86.5625
80.0625
75.0625
72.8125
72.75
73.9375
75.4375
76.3125
76.3125
75.4375
73.8125
71.75
69.6875
67.6875
65.875
64.25
62.8125
61.625
60.6875
59.9375
59.375
58.875
58.375
57.9375
57.4375
57.0
56.375
55.875
55.375
54.75
54.25
53.8125
53.4375
53.0625
52.6875
52.375
52.0
51.75
51.5
51.3125
51.0
50.625
50.4375
50.1875
49.875
49.6875
49.4375
49.1875
48.875
48.6875
48.625
49.8125
56.8125
74.1875
99.25
125.25
146.1875
157.8125
159.75
155.5
147.1875
135.875
123.0
110.5625
100.0625
91.9375
85.75
81.125
77.5625
75.1875
74.5625
75.25
76.25
77.3125
77.625
76.8125
75.3125
73.4375
71.5
69.5
67.5625
65.875
64.4375
63.125
62.0625
61.125
60.3125
59.5
58.875
58.3125
57.8125
57.3125
56.625
56.0625
55.5
54.875
54.375
53.9375
53.375
52.9375
52.4375
52.0625
52.25
55.1875
64.75
82.0625
102.875
122.0
135.75
142.875
143.0625
139.125
133.25
126.375
119.1875
111.5
103.5
95.4375
87.5
80.0625
74.375
71.4375
70.875
71.875
73.4375
74.625
75.125
74.6875
73.4375
71.6875
69.8125
68.0
66.3125
64.6875
63.25
62.0625
61.0
60.0
59.1875
58.4375
57.8125
57.3125
56.875
56.3125
55.75
55.25
54.75
54.1875
53.75
53.375
54.125
59.4375
73.6875
95.5
118.25
136.625
147.6875
149.9375
145.8125
138.375
129.1875
119.5
109.8125
100.9375
92.875
85.625
79.1875
74.1875
71.75
71.5625
72.6875
74.3125
75.4375
75.75
75.0625
73.625
71.875
69.875
68.0
66.25
64.625
63.25
62.0
61.0
60.125
59.375
58.625
58.0
57.5
56.875
56.3125
55.75
55.125
54.625
54.1875
53.75
54.375
59.5625
73.5625
95.0
117.625
135.5625
146.3125
148.9375
145.5625
138.5625
129.6875
119.9375
110.3125
101.1875
92.875
85.3125
78.5625
73.5
71.1875
71.125
72.3125
73.9375
75.125
75.5
74.8125
73.375
71.5625
69.5625
67.75
66.0625
64.625
63.4375
62.375
61.4375
60.625
59.875
59.3125
58.75
58.25
57.75
57.3125
56.875
56.375
55.875
55.375
54.875
54.5
54.125
53.8125
53.5625
53.3125
52.9375
52.5625
52.25
51.875
51.5625
51.3125
51.0
50.75
50.4375
50.1875
49.875
49.5
49.0625
48.75
48.3125
48.0625
47.75
47.5
47.25
46.9375
46.6875
46.4375
46.1875
46.0625
45.875
45.5625
45.375
45.125
44.9375
44.75
44.625
44.4375
44.1875
43.9375
43.6875
43.375
43.0
42.8125
45.6875
58.3125
82.3125
112.0
139.375
158.0625
165.75
164.375
157.9375
147.75
134.875
121.1875
108.3125
97.5
89.25
83.25
79.0625
76.0625
73.6875
72.4375
72.6875
73.6875
74.625
75.0625
74.75
73.625
72.0
70.0
67.9375
66.0
64.25
62.75
61.5
60.3125
59.3125
58.5625
57.8125
57.125
56.5625
56.0
55.5
54.9375
54.375
53.875
53.375
52.875
52.4375
52.0
51.5625
51.0625
50.6875
50.25
49.8125
49.375
48.9375
48.5625
48.0625
47.8125
47.5
47.75
50.0
57.8125
72.8125
91.8125
110.0625
124.125
132.375
134.625
132.0625
126.5
119.0
110.625
102.0
93.6875
85.875
78.875
72.8125
68.5625
66.9375
67.25
68.6875
70.625
71.9375
72.4375
72.125
71.0625
69.625
68.0625
66.4375
64.9375
63.5
62.25
61.125
60.125
59.375
58.75
58.25
57.625
57.125
56.6875
56.1875
55.6875
55.1875
54.625
54.125
53.6875
53.1875
52.875
52.5
52.125
51.8125
51.5
51.4375
53.4375
61.6875
78.0
99.5625
121.3125
138.4375
148.1875
150.375
146.9375
140.8125
133.4375
125.5
117.25
108.4375
99.5
91.375
84.1875
78.125
74.125
72.625
72.875
73.875
74.9375
75.375
75.125
74.1875
72.6875
70.875
68.875
67.0
65.1875
63.5625
62.1875
61.0
59.9375
59.0625
58.25
57.5625
56.9375
56.375
55.75
55.25
54.75
54.25
53.75
53.25
52.75
52.25
51.75
51.25
50.75
50.375
49.9375
49.5625
49.125
48.8125
48.4375
48.0625
47.625
47.375
47.0625
46.8125
46.5
46.25
46.0
46.0
47.875
56.375
74.375
98.3125
122.375
140.8125
150.6875
152.25
148.0
139.9375
129.0625
117.0
105.25
95.0625
86.9375
80.625
75.8125
72.0625
69.875
69.6875
70.8125
72.3125
73.6875
74.1875
73.75
72.625
70.875
68.875
66.875
65.0625
63.3125
61.875
60.625
59.5
58.625
57.875
57.1875
56.5
56.0
55.5
55.125
54.6875
54.25
53.8125
53.3125
52.75
52.1875
51.75
51.3125
50.875
50.4375
50.0625
49.75
49.375
49.0
48.5625
48.25
47.9375
47.625
47.375
47.125
46.8125
46.5625
46.3125
46.0
45.8125
46.4375
51.0625
63.9375
83.9375
106.8125
127.3125
141.3125
146.75
145.6875
140.6875
132.8125
123.0625
112.5625
102.4375
93.1875
85.4375
79.3125
74.375
70.9375
69.6875
70.1875
71.5
73.0
73.8125
73.75
72.875
71.375
69.5
67.5
65.5
63.75
62.125
60.8125
59.75
58.875
58.125
57.5625
57.0
56.4375
55.875
55.375
54.9375
54.5
54.0625
53.5625
53.125
52.75
52.375
52.0
51.625
51.25
50.875
50.5625
50.1875
49.875
49.5
49.1875
48.875
48.625
48.3125
48.0625
47.8125
47.5625
47.375
47.125
46.8125
46.5
46.25
46.0
45.75
45.5
45.375
45.25
45.0625
44.9375
44.75
44.625
44.4375
44.25
44.0625
43.8125
43.6875
43.5625
43.5
43.3125
42.9375
42.6875
42.4375
42.125
41.75
41.3125
40.9375
40.5625
40.3125
40.125
40.8125
46.0625
59.875
80.9375
105.625
128.1875
143.125
150.5
151.5
147.5625
140.125
130.25
118.875
107.4375
97.1875
88.6875
81.875
76.875
73.0625
70.25
69.1875
69.625
70.75
72.0625
72.8125
72.75
71.9375
70.5
68.75
66.875
65.125
63.375
61.9375
60.625
59.5
58.625
57.875
57.1875
56.5625
56.0
55.4375
54.875
54.375
53.9375
53.5
53.125
52.625
52.125
51.625
51.1875
50.6875
50.25
49.8125
49.375
49.0625
49.25
51.6875
59.0
71.875
87.9375
104.0
116.75
124.5625
127.375
125.5625
121.0625
115.0
108.25
101.3125
94.4375
87.5
80.5
73.75
68.25
65.1875
64.25
64.75
66.1875
67.5
68.4375
68.625
68.0625
66.9375
65.375
63.75
62.1875
60.6875
59.3125
58.125
57.125
56.1875
55.4375
54.75
54.1875
53.6875
53.25
52.875
52.4375
52.0
51.5625
51.125
50.625
50.125
49.75
49.3125
48.9375
48.5625
48.1875
47.9375
47.6875
47.3125
47.0
46.625
46.25
45.9375
45.625
45.375
45.1875
45.6875
49.75
61.75
81.0625
103.6875
124.8125
139.5
145.75
145.375
140.625
132.875
123.25
112.75
102.375
93.125
85.4375
79.3125
74.5625
70.8125
68.4375
68.0
68.8125
70.125
71.3125
71.875
71.8125
70.9375
69.5625
67.9375
66.125
64.4375
62.9375
61.4375
60.1875
59.125
58.25
57.5
56.8125
56.3125
55.875
55.4375
55.125
54.6875
54.4375
54.125
53.8125
53.4375
53.0625
52.625
52.1875
51.8125
51.375
50.875
50.4375
50.0
49.5625
49.1875
48.8125
48.4375
48.125
47.8125
47.5625
47.3125
47.0625
46.75
46.5
46.25
46.0625
45.8125
45.5625
45.4375
45.6875
48.6875
58.8125
76.3125
98.125
120.6875
138.25
147.3125
148.8125
145.625
139.6875
131.75
122.0
111.5
101.75
93.375
86.4375
80.75
75.9375
72.1875
70.25
70.1875
70.8125
71.8125
72.5625
72.6875
72.0
70.5625
68.9375
67.0625
65.0625
63.375
61.75
60.3125
59.0625
58.125
57.25
56.4375
55.75
55.1875
54.625
54.1875
53.6875
53.125
52.5625
52.125
51.6875
51.25
50.75
50.25
49.8125
49.4375
48.9375
48.5
48.0625
47.6875
47.375
47.0
46.625
46.3125
46.0625
45.8125
45.5625
45.1875
44.9375
44.6875
44.4375
44.1875
43.9375
43.6875
43.5
43.3125
43.6875
46.9375
57.125
74.4375
95.25
115.5
130.9375
138.8125
139.75
135.25
127.1875
116.875
105.8125
95.4375
86.4375
79.125
73.5625
69.375
66.4375
65.1875
65.875
67.375
69.3125
70.9375
71.5
71.0625
69.9375
68.25
66.375
64.5
62.6875
61.0
59.5625
58.3125
57.1875
56.375
55.6875
55.1875
54.625
54.125
53.75
53.375
53.0625
52.75
52.3125
51.875
51.375
50.9375
50.5
50.0625
49.875
50.5625
54.8125
65.3125
81.375
99.6875
116.25
127.875
133.375
133.5
129.9375
124.375
117.8125
111.1875
104.5
98.0625
91.75
85.375
79.0
73.4375
69.875
68.375
68.375
69.3125
70.25
70.875
70.875
70.1875
68.875
67.3125
65.6875
64.0625
62.5625
61.0625
59.875
58.9375
57.9375
57.125
56.5
55.9375
55.4375
54.9375
54.625
54.3125
53.9375
53.625
53.25
52.9375
52.5625
52.125
51.8125
51.5
51.125
50.6875
50.4375
50.125
49.875
49.5625
49.375
49.1875
49.0
48.8125
48.5625
48.25
48.0
47.8125
47.5625
47.375
47.3125
48.125
53.625
68.3125
90.5625
115.5
137.5625
152.0
157.1875
155.625
150.125
141.5
131.0
119.6875
108.3125
98.125
89.9375
83.75
79.25
75.9375
73.8125
73.375
74.1875
75.25
76.125
76.4375
75.9375
74.5
72.5625
70.4375
68.25
66.0
64.0625
62.4375
61.125
60.0625
59.125
58.375
57.75
57.1875
56.5625
55.9375
55.25
54.75
54.1875
53.5625
53.0
52.5
51.9375
51.4375
50.9375
50.4375
50.0
49.625
49.1875
48.8125
48.375
48.0
47.6875
47.3125
47.0
46.625
46.4375
47.1875
52.0625
64.5625
83.625
105.125
124.375
137.6875
142.9375
141.875
137.3125
130.125
121.375
112.125
103.125
94.6875
87.25
80.875
75.375
71.125
69.0
68.8125
69.875
71.5
72.75
73.0625
72.5
71.3125
69.5625
67.6875
65.6875
63.8125
62.25
60.8125
59.5625
58.5625
57.6875
56.9375
56.3125
55.625
55.1875
54.6875
54.25
53.6875
53.1875
52.625
52.1875
51.75
51.375
51.0625
50.75
50.5
50.3125
50.0625
49.8125
49.5625
49.3125
49.125
48.875
48.625
48.3125
48.125
48.0
48.0625
49.1875
54.9375
69.0
89.5
111.75
130.875
143.4375
147.5
144.5625
137.3125
127.375
116.375
105.5625
96.125
88.375
82.0625
77.25
73.4375
70.6875
69.6875
70.3125
71.5625
73.25
74.5
74.6875
73.9375
72.5
70.75
68.875
66.9375
65.125
63.5625
62.1875
60.9375
59.9375
59.125
58.625
58.25
57.625
56.9375
56.4375
55.9375
55.3125
54.5
53.875
53.3125
52.8125
52.375
52.0
51.6875
51.375
50.9375
50.5625
50.0625
49.5625
49.1875
48.75
48.375
48.0
47.625
47.3125
47.0
46.6875
46.375
46.125
45.9375
45.6875
45.5
45.25
45.0
44.6875
44.4375
44.25
44.0625
43.875
43.625
43.375
43.1875
43.0
42.875
42.6875
42.5
42.25
42.125
42.125
43.5625
50.8125
66.8125
89.125
113.9375
135.1875
148.1875
153.125
152.0625
146.9375
139.6875
130.9375
121.0
110.6875
101.0625
92.75
86.0
80.5625
76.3125
73.25
72.0625
72.375
73.3125
74.3125
74.8125
74.5
73.5
71.9375
70.125
68.1875
66.4375
64.8125
63.3125
62.0
60.9375
60.0
59.125
58.375
57.6875
57.125
56.5625
55.9375
55.4375
54.9375
54.4375
53.9375
53.4375
53.0625
52.5625
52.125
51.6875
51.25
50.875
50.5625
50.1875
49.75
49.3125
48.875
48.625
48.25
47.875
47.5
47.1875
46.9375
46.75
46.5
46.25
46.0
45.75
45.4375
45.8125
49.0
58.5625
74.9375
95.25
115.625
131.25
139.75
142.0
140.125
135.5625
129.5
122.3125
114.375
106.125
98.25
91.3125
85.125
79.5
74.5
71.3125
70.3125
70.625
71.6875
72.75
73.1875
72.875
71.875
70.375
68.75
67.0
65.25
63.625
62.0625
60.875
59.8125
58.9375
58.1875
57.625
57.125
56.75
56.3125
55.9375
55.5625
55.1875
54.6875
54.3125
53.9375
53.375
52.9375
52.5625
52.125
51.8125
51.375
50.9375
50.625
50.375
50.3125
51.9375
59.0
73.0
91.9375
111.5
127.5
137.625
141.0
139.125
134.25
128.25
121.5625
114.4375
107.125
99.75
92.5625
86.0
79.9375
74.6875
71.5
70.5625
71.0
72.1875
73.375
74.0625
73.875
72.9375
71.4375
69.6875
67.875
66.1875
64.75
63.375
62.0625
60.875
59.875
58.875
57.875
56.9375
56.25
55.6875
55.0625
54.5
54.0625
53.625
53.1875
52.6875
52.125
51.625
51.0625
50.5
50.125
49.625
49.25
48.8125
48.4375
48.125
47.75
47.3125
47.0
46.6875
46.25
46.0
45.8125
45.8125
47.625
55.8125
72.6875
94.875
117.1875
135.0
145.6875
148.6875
146.25
140.6875
132.8125
123.5
113.5625
103.75
95.0625
88.0
82.1875
77.3125
73.4375
71.125
70.875
71.6875
72.9375
73.9375
74.125
73.625
72.375
70.6875
68.8125
67.0
65.25
63.625
62.125
60.875
59.875
59.0625
58.375
57.6875
57.1875
56.625
56.25
55.875
55.375
54.875
54.375
53.875
53.375
52.875
52.375
51.9375
51.5
51.0625
50.6875
50.25
49.875
49.5
49.1875
48.875
48.5
48.1875
47.875
47.5
47.25
46.9375
46.75
46.625
47.5
53.125
66.75
86.875
109.0
128.3125
141.25
146.375
145.125
140.0
132.375
123.1875
113.0625
103.3125
94.6875
87.5625
81.75
76.9375
73.0
70.75
70.5
71.375
72.625
73.75
74.0625
73.5625
72.4375
70.75
68.9375
67.1875
65.4375
63.875
62.375
61.125
60.0625
59.125
58.3125
57.75
57.1875
56.625
56.125
55.625
55.125
54.6875
54.125
53.625
53.125
52.625
52.25
51.8125
51.375
50.9375
50.4375
50.125
49.75
49.5
49.1875
48.9375
48.75
48.625
48.4375
48.3125
48.25
48.25
49.875
56.75
71.8125
92.5625
114.5625
132.625
144.0
147.75
145.75
140.5625
133.4375
125.0625
115.8125
106.9375
98.9375
91.9375
86.0
80.8125
76.5
73.9375
73.4375
74.0625
75.1875
76.125
76.375
75.8125
74.5625
72.8125
70.9375
69.125
67.375
65.8125
64.5
63.3125
62.3125
61.4375
60.625
59.875
59.3125
58.8125
58.3125
57.8125
57.25
56.75
56.25
55.6875
55.0625
54.4375
53.875
53.3125
52.625
51.875
51.375
50.875
50.4375
50.0
49.625
49.375
49.0625
48.8125
48.4375
47.9375
47.625
47.25
47.375
50.1875
60.0625
78.0625
100.3125
121.875
138.375
147.25
148.5
145.3125
140.0625
133.625
125.875
117.0625
107.9375
99.3125
91.5625
84.9375
79.1875
74.75
72.5
72.1875
73.0625
74.25
75.0
75.0
74.25
72.75
71.0
69.1875
67.3125
65.5625
64.0625
62.625
61.375
60.3125
59.375
58.625
57.9375
57.3125
56.75
56.1875
55.625
55.0625
54.5
53.875
53.375
52.875
52.375
51.875
51.4375
51.0625
50.625
50.25
49.875
49.5625
49.1875
48.8125
48.4375
48.1875
47.8125
47.4375
47.1875
47.0
46.6875
46.5
46.25
46.6875
50.3125
61.3125
79.75
101.625
122.125
136.6875
143.0625
142.3125
136.875
128.4375
118.5625
108.125
98.3125
89.9375
83.0625
77.75
73.5
70.25
68.625
68.8125
69.9375
71.4375
72.5625
72.875
72.3125
71.0625
69.4375
67.625
65.8125
64.0625
62.5
61.125
60.0
59.0
58.1875
57.4375
56.8125
56.3125
55.8125
55.3125
54.9375
54.5
54.0
53.5
53.0625
52.5625
52.0625
51.625
51.25
50.8125
50.4375
50.0625
49.625
49.3125
48.9375
48.625
48.3125
47.9375
47.625
47.375
47.0625
46.8125
46.5625
46.3125
46.4375
49.0625
58.3125
75.5625
97.25
118.9375
135.6875
145.1875
147.5625
145.25
140.1875
133.5625
125.625
117.0
108.625
100.75
93.5625
87.25
81.6875
77.125
74.375
73.8125
74.4375
75.5625
76.5
76.5625
75.875
74.5625
72.875
71.0
69.1875
67.5
66.0
64.6875
63.4375
62.4375
61.5
60.6875
60.0
59.375
58.75
58.125
57.5625
57.0625
56.5625
56.125
55.5
55.0
54.5625
54.125
53.75
53.3125
53.25
55.1875
62.875
78.125
98.125
117.9375
133.125
141.75
143.375
140.0
134.25
127.875
121.5625
115.1875
108.6875
102.0
95.0
87.875
81.0
75.25
71.9375
70.875
71.375
72.5
73.5
73.875
73.3125
72.125
70.375
68.5625
66.8125
65.1875
63.6875
62.375
61.125
59.9375
58.9375
58.1875
57.5
56.8125
56.3125
55.8125
55.1875
54.5625
54.0
53.5
53.0
52.5
52.0
51.5
51.125
50.6875
50.25
49.875
49.4375
49.0625
48.6875
48.3125
48.0
47.75
47.375
47.0625
46.875
46.625
46.375
46.3125
48.5
57.9375
77.0
101.375
124.75
142.4375
151.25
151.1875
145.4375
136.625
125.75
114.5
104.0625
94.9375
87.5
81.75
77.3125
74.0
71.9375
71.5625
72.5
73.875
75.0625
75.3125
74.6875
73.25
71.4375
69.5625
67.625
65.8125
64.125
62.6875
61.4375
60.375
59.5
58.6875
57.9375
57.3125
56.875
56.375
55.9375
55.4375
54.875
54.375
53.875
53.4375
52.9375
52.4375
51.9375
51.5
51.0625
50.6875
50.3125
50.0
49.5625
49.125
48.8125
48.5
48.125
47.8125
47.5625
47.4375
48.0
52.375
64.8125
84.5
106.9375
127.1875
141.5
147.6875
147.625
144.25
138.6875
131.875
124.0
115.375
106.5625
98.125
90.625
84.1875
78.5625
74.5
72.6875
72.875
73.9375
75.125
75.8125
75.625
74.5
72.875
71.0
69.0625
67.1875
65.5
64.0625
62.875
61.9375
61.0
60.25
59.625
59.0625
58.5625
58.0625
57.5625
57.0
56.5
56.0
55.4375
54.9375
54.625
54.1875
53.8125
53.4375
53.125
52.875
52.5625
52.25
52.1875
53.9375
61.5
77.3125
98.625
120.3125
137.5
147.5625
149.875
146.75
140.6875
133.4375
125.8125
117.9375
110.125
102.8125
95.8125
89.0625
82.75
77.375
74.25
73.5
74.125
75.3125
76.375
76.6875
76.1875
74.875
73.125
71.1875
69.375
67.5
65.8125
64.3125
62.875
61.5
60.25
59.375
58.625
58.0625
57.5
56.8125
56.3125
55.875
55.3125
54.6875
54.0625
53.375
52.875
52.375
51.9375
51.4375
51.0
50.5625
50.0625
49.5625
49.3125
49.0625
49.375
53.25
65.375
85.875
109.4375
130.5625
145.125
150.9375
149.625
144.4375
137.25
128.8125
119.6875
110.125
101.1875
93.4375
86.9375
81.25
76.3125
72.875
71.75
72.25
73.4375
74.625
75.125
74.75
73.5625
71.8125
69.8125
67.875
66.0625
64.3125
62.8125
61.5625
60.5
59.5
58.6875
57.9375
57.3125
56.8125
56.25
55.75
55.1875
54.75
54.3125
53.75
53.25
52.875
52.4375
52.0
51.6875
51.5
52.75
58.8125
72.8125
92.9375
113.6875
130.25
140.1875
142.4375
138.5
131.5625
123.0625
114.125
105.1875
96.8125
89.3125
82.5
76.5625
71.875
69.5625
69.4375
70.625
72.25
73.5625
73.875
73.375
72.1875
70.4375
68.5625
66.625
64.875
63.25
61.8125
60.5625
59.5625
58.6875
57.9375
57.3125
56.8125
56.3125
56.0
55.5625
55.0
54.5
54.0
53.5625
53.0625
52.5
52.0
51.5625
51.1875
50.8125
50.5
50.1875
50.125
52.375
61.875
81.0
105.5
128.625
145.625
154.0
154.3125
150.0
143.4375
135.375
126.3125
116.625
107.0625
98.3125
90.5625
84.0
78.5625
74.875
73.625
74.125
75.5
76.875
77.5625
77.3125
76.25
74.5625
72.5625
70.4375
68.4375
66.625
65.0
63.6875
62.4375
61.4375
60.6875
60.125
59.6875
59.25
58.875
58.5
58.0625
57.5625
57.0625
56.5625
56.0625
55.4375
55.0
54.5625
54.1875
53.8125
53.375
53.0
52.625
52.25
51.9375
51.5625
51.3125
51.125
51.0
52.75
61.1875
79.4375
103.9375
128.5
146.875
156.5625
158.3125
155.0
148.875
141.5
133.1875
123.6875
114.0625
105.125
97.25
90.5
84.625
79.6875
76.625
75.75
76.1875
77.125
77.75
77.625
76.8125
75.3125
73.375
71.25
69.1875
67.3125
65.5625
64.0625
62.8125
61.625
60.625
59.8125
59.125
58.4375
57.6875
57.0625
56.5
55.9375
55.375
54.8125
54.25
53.75
53.25
52.75
52.25
51.75
51.375
50.9375
50.375
50.0
49.8125
50.8125
57.0
72.0
93.75
116.25
134.5
145.125
147.6875
145.5
140.0
132.125
123.0625
113.5625
104.1875
95.6875
88.4375
82.0625
76.5
72.625
71.0625
71.4375
72.75
74.1875
74.9375
74.9375
73.875
72.125
70.25
68.25
66.3125
64.5
62.875
61.625
60.5
59.5625
58.8125
58.25
57.625
56.9375
56.375
55.75
55.25
54.8125
54.25
53.75
53.375
52.9375
52.5
52.0
51.75
51.625
53.3125
60.625
76.5
98.0
119.0625
135.3125
144.375
145.6875
141.0
132.9375
123.5
114.0625
105.0625
96.875
89.375
82.6875
77.0
72.6875
70.9375
71.0625
72.4375
74.0625
75.0625
75.125
74.25
72.75
70.875
68.875
66.875
65.0625
63.5
62.1875
60.9375
59.9375
59.125
58.375
57.6875
57.125
56.5625
56.125
55.6875
55.1875
54.6875
54.1875
53.75
53.25
52.75
52.25
51.8125
51.375
50.9375
50.625
50.25
49.875
49.5
49.1875
48.875
48.5
48.1875
48.0
48.8125
54.9375
71.4375
96.1875
122.3125
143.8125
156.4375
159.75
156.9375
150.9375
142.9375
133.4375
122.875
112.375
102.8125
94.6875
88.0625
82.6875
78.5
76.1875
76.125
77.125
78.375
79.1875
79.1875
78.3125
76.6875
74.6875
72.5625
70.5625
68.625
67.0
65.5625
64.3125
63.3125
62.375
61.625
60.9375
60.4375
59.875
59.375
58.9375
58.375
57.8125
57.1875
56.625
56.125
55.5625
55.0
54.4375
53.9375
53.6875
53.5
54.6875
61.5
76.9375
98.3125
119.9375
136.875
147.0625
149.8125
147.1875
142.0625
135.8125
129.0
121.1875
112.75
104.3125
96.375
88.8125
81.8125
76.3125
73.5625
73.125
73.9375
75.1875
76.0625
76.1875
75.375
73.75
71.8125
69.75
67.875
66.1875
64.5625
63.125
61.8125
60.6875
59.75
59.0
58.25
57.625
57.0
56.375
55.8125
55.25
54.75
54.3125
54.25
56.25
64.3125
80.8125
101.75
121.0
134.6875
141.375
141.25
136.5
128.9375
119.75
110.1875
101.125
93.0625
85.625
78.875
73.1875
69.9375
69.125
69.875
71.5625
73.0
73.6875
73.4375
72.375
70.8125
68.9375
66.9375
65.125
63.5
62.0625
60.75
59.625
58.6875
57.9375
57.25
56.6875
56.25
55.625
55.125
54.625
54.0625
53.5625
53.0625
52.6875
53.0625
57.0625
69.5625
90.5625
113.5
132.125
143.75
147.3125
143.625
135.875
126.25
115.8125
105.875
96.9375
89.3125
82.75
76.9375
72.375
70.25
70.4375
71.875
73.6875
74.9375
75.25
74.625
73.25
71.3125
69.3125
67.4375
65.6875
64.0625
62.5625
61.375
60.3125
59.375
58.625
57.875
57.375
56.9375
56.375
55.9375
55.4375
55.0
54.5
54.0
53.5
53.125
52.625
52.1875
51.8125
51.8125
54.875
66.625
88.9375
115.25
138.125
153.75
159.75
157.5625
150.75
141.9375
132.3125
122.3125
112.375
102.9375
94.75
87.8125
82.0
77.6875
75.75
75.75
77.0625
78.5625
79.375
79.1875
78.0
76.3125
74.1875
72.0625
70.125
68.3125
66.8125
65.4375
64.25
63.25
62.5
61.8125
61.1875
60.625
60.125
59.5625
59.0625
58.4375
57.9375
57.4375
56.9375
56.4375
55.9375
55.5
55.125
54.6875
54.3125
53.9375
53.4375
53.125
52.6875
52.4375
52.0625
51.8125
51.5
51.25
51.6875
55.9375
70.1875
94.3125
121.8125
146.1875
162.125
167.3125
165.1875
159.1875
150.625
140.625
129.75
118.6875
108.5625
100.0
92.9375
87.125
82.3125
79.375
78.625
79.0625
79.875
80.4375
80.25
79.1875
77.5
75.3125
73.125
70.9375
68.875
67.0625
65.4375
64.0625
62.875
61.875
61.0625
60.3125
59.5625
58.9375
58.25
57.625
57.0
56.5
55.8125
55.25
54.75
54.25
53.8125
53.25
52.6875
52.25
51.75
51.3125
50.875
50.4375
50.125
49.6875
49.3125
49.0
48.625
48.25
47.875
47.6875
48.0
51.5
63.625
85.125
110.0625
132.0625
147.0
152.9375
151.4375
145.5625
136.625
125.5625
114.1875
103.9375
95.125
87.8125
81.75
76.6875
73.125
71.875
72.4375
73.875
75.375
76.0625
75.8125
74.75
73.125
71.1875
69.25
67.375
65.625
64.0625
62.625
61.4375
60.4375
59.6875
58.9375
58.25
57.75
57.25
56.625
56.125
55.625
55.125
54.5625
53.9375
53.4375
53.0625
52.6875
52.3125
51.9375
51.5625
51.1875
50.8125
50.5625
50.25
49.875
49.5625
49.375
49.0625
48.8125
48.5
48.25
48.0625
48.625
53.1875
66.1875
87.1875
110.8125
131.625
145.8125
151.75
150.75
145.5625
137.5
127.8125
117.6875
107.8125
98.8125
91.0
84.25
78.625
74.1875
72.0625
72.1875
73.4375
75.0625
76.25
76.4375
75.625
74.1875
72.3125
70.3125
68.3125
66.4375
64.75
63.3125
62.0
61.0625
60.3125
59.75
59.3125
58.875
58.3125
57.9375
57.5
57.125
56.5625
56.0625
55.5625
55.125
54.6875
54.1875
53.875
53.5625
53.25
52.875
52.5625
52.375
52.125
51.75
51.375
51.125
50.875
51.0
53.6875
63.5625
81.9375
104.75
126.875
143.75
152.625
153.8125
150.4375
144.6875
137.8125
130.4375
122.5625
114.4375
106.4375
98.9375
91.8125
85.0625
79.5625
76.75
76.0
76.5625
77.6875
78.5
78.5625
77.6875
76.1875
74.375
72.4375
70.4375
68.5625
66.875
65.1875
63.75
62.4375
61.375
60.5625
59.875
59.25
58.6875
58.1875
57.5625
56.875
56.1875
55.625
55.0
54.375
53.75
53.25
52.8125
52.3125
51.875
51.375
50.9375
50.5625
50.3125
50.1875
51.5625
58.75
74.875
97.0
119.4375
137.1875
147.4375
149.625
146.5625
141.0
133.8125
125.8125
117.4375
108.875
100.6875
92.9375
85.75
79.25
74.25
72.0625
72.0625
73.3125
74.8125
75.8125
75.875
75.125
73.5625
71.625
69.625
67.75
66.0
64.4375
62.9375
61.625
60.6875
59.75
59.0
58.375
57.875
57.375
56.8125
56.25
55.625
55.125
54.625
54.0625
53.5625
53.0625
52.625
52.1875
51.8125
51.5625
52.3125
57.125
69.875
89.6875
111.0
128.5
139.8125
143.625
141.0625
134.5
126.0
117.125
108.4375
100.125
92.375
85.3125
78.9375
73.75
70.9375
70.5625
71.625
73.25
74.5625
75.0625
74.625
73.5
71.8125
69.9375
67.9375
66.1875
64.5625
63.1875
61.9375
61.0
60.1875
59.375
58.625
58.0625
57.625
57.1875
56.625
56.0625
55.5
55.125
54.625
54.0625
53.5
53.0625
52.6875
52.25
51.875
51.5
51.125
50.75
50.5
50.125
49.6875
49.375
49.0625
48.75
48.375
48.125
47.9375
47.75
48.25
52.8125
67.0625
90.625
117.25
140.375
155.5
160.75
159.0
153.5625
145.6875
136.3125
126.25
116.25
107.3125
99.3125
92.25
86.3125
81.375
78.1875
77.3125
77.875
79.0
79.875
80.0
79.375
78.0
76.0625
74.0625
72.125
70.375
68.9375
67.5
66.25
65.0
64.0625
63.3125
62.5625
61.9375
61.375
60.75
60.25
59.8125
59.25
58.6875
58.0625
57.5
57.0625
56.4375
55.9375
55.4375
55.0625
54.5625
54.125
53.75
53.3125
53.0
52.75
53.1875
57.1875
69.3125
89.375
112.4375
132.6875
146.25
152.0
151.625
147.4375
141.3125
134.6875
127.375
119.5
111.5
103.5625
96.0625
89.0
82.375
77.5
75.25
74.9375
75.6875
76.75
77.1875
76.75
75.625
74.0
72.125
70.1875
68.25
66.5625
65.0625
63.5625
62.25
61.1875
60.3125
59.5
58.8125
58.25
57.6875
57.125
56.5625
56.0
55.4375
54.875
54.3125
53.75
53.25
52.75
52.3125
51.8125
51.3125
50.875
50.4375
50.125
49.75
49.3125
49.0
48.75
48.5
50.0
57.25
74.0
97.0
119.75
137.8125
148.5
150.75
147.125
139.75
129.9375
119.0625
108.5625
99.0625
90.875
84.0625
78.5
74.0625
71.625
71.5625
72.8125
74.5
75.75
76.125
75.3125
73.875
72.0625
70.0
67.9375
66.0
64.3125
62.875
61.625
60.5
59.75
59.1875
58.625
58.0625
57.625
57.1875
56.75
56.3125
55.75
55.3125
54.875
54.5
54.0
53.625
53.25
52.8125
52.3125
51.875
51.5
51.0
50.625
50.1875
49.8125
49.4375
49.125
48.75
48.4375
48.1875
48.1875
50.4375
59.5625
77.625
100.75
123.1875
140.8125
150.375
151.5
148.0625
142.875
135.4375
126.3125
116.5
106.875
97.9375
90.125
83.5
78.0
74.5
73.5
74.0
75.25
76.5625
77.0625
76.75
75.5625
73.8125
71.875
69.9375
68.0
66.25
64.6875
63.3125
62.125
61.125
60.4375
59.75
59.1875
58.6875
58.25
57.875
57.4375
57.0
56.5625
56.0625
55.5
55.0625
54.625
54.1875
53.875
53.5
53.1875
52.875
52.625
52.5
53.0625
57.5625
70.4375
90.625
112.875
132.375
145.875
151.9375
151.4375
147.3125
141.4375
134.625
127.25
119.6875
111.9375
104.0625
96.3125
88.8125
82.125
77.5625
75.625
75.5625
76.4375
77.5
78.0
77.75
76.6875
75.0
73.0625
71.0625
69.25
67.5
66.0
64.75
63.625
62.5625
61.5
60.6875
59.8125
58.9375
58.0625
57.25
56.6875
56.0625
55.4375
54.9375
54.4375
54.0
53.4375
52.75
52.125
51.6875
51.25
51.0625
52.875
61.125
78.6875
101.8125
124.3125
141.125
149.6875
150.625
147.25
141.6875
134.5625
126.0625
117.1875
108.75
100.8125
93.1875
86.0625
79.3125
74.5
72.625
72.75
73.9375
75.3125
76.0
75.75
74.625
73.0
70.9375
69.0
67.1875
65.4375
63.9375
62.6875
61.5625
60.5
59.6875
59.0
58.25
57.5625
56.9375
56.3125
55.875
55.375
54.875
54.3125
53.8125
53.375
53.0
52.5
52.0625
51.625
51.1875
50.75
50.3125
49.9375
49.5
49.0
48.625
48.375
48.4375
50.75
60.4375
79.625
103.625
126.0625
142.875
150.8125
149.9375
143.875
134.5625
123.5625
112.3125
102.125
93.4375
86.3125
80.6875
76.0625
72.625
71.25
71.75
73.0625
74.5625
75.4375
75.3125
74.4375
72.875
70.8125
68.8125
67.0
65.375
63.8125
62.4375
61.1875
60.3125
59.5625
59.0
58.5
57.875
57.3125
56.6875
56.1875
55.6875
55.0625
54.5
53.875
53.3125
52.8125
52.375
52.0
51.5625
51.25
50.8125
50.5
50.25
49.9375
49.625
49.3125
49.0625
48.875
48.625
48.375
48.0
47.6875
48.25
53.375
67.875
90.3125
114.75
135.8125
150.0625
155.875
155.0625
150.75
144.25
136.25
127.125
117.625
108.25
99.625
92.125
85.625
80.25
77.0
76.1875
76.875
78.125
79.125
79.3125
78.625
77.25
75.375
73.3125
71.3125
69.4375
67.75
66.1875
64.875
63.8125
62.875
62.125
61.4375
60.9375
60.5
60.0625
59.5625
59.0625
58.5625
58.0625
57.625
57.125
56.5
55.9375
55.5
54.9375
54.4375
54.0625
53.6875
53.25
52.8125
52.4375
52.0625
51.625
51.1875
50.8125
50.375
50.0625
49.625
49.375
49.125
48.75
48.4375
48.0625
47.6875
47.3125
46.875
48.1875
55.75
72.8125
96.5
121.3125
141.375
152.9375
156.5625
155.0625
150.5625
144.1875
136.0625
126.6875
116.875
107.625
99.3125
91.8125
85.1875
79.5625
75.9375
74.6875
74.9375
75.875
76.6875
76.9375
76.375
75.0
73.25
71.25
69.25
67.3125
65.625
64.0
62.6875
61.5
60.5625
59.6875
58.9375
58.3125
57.6875
57.1875
56.5625
55.9375
55.375
54.75
54.1875
53.6875
53.25
52.8125
52.3125
51.9375
51.6875
51.875
54.75
63.6875
79.0
97.125
113.625
125.6875
132.0625
132.75
128.8125
122.0625
114.25
106.5
99.0625
91.75
84.6875
77.9375
72.25
68.9375
67.9375
68.625
70.25
71.8125
72.625
72.6875
72.0625
70.875
69.25
67.4375
65.8125
64.375
63.0
61.75
60.6875
59.9375
59.3125
58.8125
58.25
57.8125
57.4375
57.0
56.5625
56.125
55.625
55.125
54.625
54.1875
53.75
53.375
53.0
52.625
52.3125
51.9375
51.5625
51.25
50.8125
50.4375
50.1875
50.0
49.6875
49.3125
48.9375
48.625
48.3125
47.875
47.3125
46.8125
46.5
46.75
50.625
63.5625
85.375
111.25
135.25
152.0625
158.875
157.875
152.375
144.25
134.6875
124.375
113.9375
104.1875
95.8125
88.9375
83.4375
78.9375
75.75
74.625
75.0
75.9375
76.875
77.125
76.5625
75.25
73.4375
71.4375
69.375
67.375
65.625
64.125
62.9375
61.75
60.6875
59.875
59.1875
58.5625
58.0
57.4375
56.875
56.4375
55.9375
55.375
54.75
54.25
53.75
53.3125
52.75
52.25
51.875
51.4375
51.0
50.5
50.125
50.0
51.0625
56.8125
70.375
89.8125
110.25
127.1875
138.0
142.125
140.625
135.75
128.625
120.5625
112.375
104.4375
97.125
90.1875
83.4375
77.0625
72.25
70.125
70.0
71.0625
72.5
73.5
73.75
73.125
71.8125
70.1875
68.375
66.5
64.75
63.25
61.9375
60.8125
59.8125
58.875
58.0625
57.4375
56.875
56.4375
55.875
55.3125
54.75
54.3125
53.8125
53.375
52.875
52.375
51.9375
51.625
51.25
50.8125
50.5
50.1875
49.875
49.5625
49.125
48.75
48.375
48.0
47.6875
47.4375
47.1875
46.875
46.625
46.4375
47.0
51.75
65.375
87.1875
111.6875
133.5
148.0
153.3125
151.9375
146.0625
137.125
126.1875
114.75
103.75
94.25
86.75
81.0
76.5625
73.375
72.0
72.5
73.8125
75.5625
76.625
76.75
75.875
74.25
72.25
70.1875
68.1875
66.3125
64.625
63.1875
62.0625
61.0625
60.1875
59.5
59.0
58.625
58.375
58.125
57.875
57.5625
57.3125
56.875
56.4375
56.0625
55.8125
56.8125
61.875
73.5
90.1875
108.0
122.6875
131.75
134.75
132.875
128.0625
121.625
114.6875
107.9375
101.4375
94.9375
88.3125
81.625
75.8125
72.25
70.875
70.9375
71.9375
73.0625
73.625
73.375
72.4375
70.9375
69.3125
67.625
65.875
64.25
62.75
61.3125
59.9375
58.75
57.875
57.125
56.5625
56.0625
55.5625
55.1875
54.75
54.3125
53.6875
53.0625
52.4375
51.875
51.3125
50.6875
50.125
49.5625
49.125
48.6875
48.3125
48.0
47.6875
47.3125
47.0
46.75
46.5625
46.375
46.0625
45.8125
45.5625
45.3125
45.0625
44.75
44.5
44.25
43.9375
43.6875
43.5
43.3125
43.125
43.0
42.8125
42.5625
42.3125
42.125
41.9375
42.1875
45.4375
57.375
79.4375
105.75
129.875
146.3125
153.0625
151.1875
142.9375
130.25
116.125
102.6875
91.375
82.75
76.75
72.9375
70.8125
69.5
69.0
69.6875
71.1875
72.625
73.625
73.75
73.0
71.5625
69.6875
67.75
65.9375
64.1875
62.75
61.5625
60.5
59.6875
58.875
58.3125
57.8125
57.3125
57.0
56.625
56.25
55.9375
55.5625
55.25
54.9375
54.6875
54.4375
54.1875
53.875
53.5625
53.5625
54.5
58.9375
69.6875
85.75
103.375
118.375
128.1875
132.625
132.75
129.8125
125.0
119.375
113.1875
106.6875
100.0
93.1875
86.25
79.375
74.1875
71.625
70.9375
71.5625
72.75
73.8125
74.3125
74.125
73.0625
71.5
69.625
67.75
65.875
64.125
62.6875
61.375
60.375
59.5625
58.9375
58.375
57.875
57.375
56.75
56.1875
55.625
55.0625
54.5
54.0
53.5
53.0
52.5
52.0
51.5625
51.3125
52.25
58.5625
74.25
97.1875
120.75
139.5625
150.75
153.625
150.875
145.4375
138.25
130.1875
121.4375
112.25
103.3125
95.1875
88.125
81.875
76.875
74.0625
73.5
74.125
75.3125
76.3125
76.5625
75.875
74.5
72.625
70.625
68.75
66.9375
65.25
63.875
62.625
61.375
60.4375
59.6875
58.875
58.1875
57.5625
57.0
56.5
56.0
55.4375
54.9375
54.3125
53.8125
53.375
52.875
52.375
51.9375
51.5625
51.1875
50.875
50.5
50.0625
49.75
49.4375
49.125
48.875
48.5625
48.125
47.75
47.4375
47.1875
46.8125
46.5
46.25
46.0
45.875
47.0625
53.9375
70.5625
94.4375
119.75
140.5
152.5625
155.5
151.625
143.6875
133.25
121.5
109.75
99.1875
90.625
84.0
79.0625
75.5
73.1875
72.75
73.6875
75.125
76.25
76.625
76.125
74.75
73.0
71.0625
69.0625
67.125
65.375
63.9375
62.75
61.5625
60.5625
59.5625
58.8125
58.1875
57.75
57.25
56.875
56.5
56.0
55.5625
55.125
54.625
54.125
53.625
53.0625
52.5625
52.0625
51.625
51.3125
51.0625
51.8125
56.6875
69.0
87.4375
107.875
125.4375
137.3125
142.125
140.6875
135.5
128.5625
121.0625
113.1875
105.4375
98.125
91.125
84.3125
78.0625
73.5625
71.5
71.3125
72.4375
73.875
75.0625
75.4375
74.9375
73.6875
72.0
70.0625
68.1875
66.4375
64.8125
63.4375
62.25
61.3125
60.5
59.75
59.125
58.625
58.125
57.625
57.0625
56.5
56.0
55.625
55.125
54.6875
54.3125
53.875
53.5
53.125
52.75
52.3125
51.8125
51.5
51.25
51.0625
50.75
50.375
49.9375
49.5
49.1875
48.75
48.1875
47.625
47.125
46.75
46.375
45.9375
45.6875
45.5
45.3125
45.0625
44.75
44.4375
44.1875
44.125
44.6875
49.75
64.5625
88.25
114.875
138.0
152.9375
158.625
157.5
151.5625
142.875
132.25
120.5
109.4375
99.6875
91.875
85.9375
81.3125
77.625
74.625
73.3125
73.625
74.5625
75.625
76.1875
75.8125
74.625
72.875
70.9375
69.0
67.1875
65.5625
64.0625
62.875
61.8125
60.8125
60.125
59.4375
58.875
58.4375
57.875
57.375
56.9375
56.5
56.0625
55.625
55.125
54.6875
54.3125
53.875
53.5
53.0625
52.5625
52.125
51.6875
51.25
50.9375
50.5625
50.125
49.6875
49.3125
48.9375
48.625
48.375
48.0625
47.8125
47.625
47.375
47.0625
46.875
47.0625
49.3125
57.6875
73.6875
94.375
115.8125
133.1875
143.25
146.0
143.375
137.4375
129.375
120.1875
110.6875
101.625
93.4375
86.25
80.1875
75.1875
72.0
71.0625
71.6875
73.1875
74.6875
75.5
75.4375
74.5
73.0625
71.25
69.3125
67.4375
65.625
63.9375
62.5625
61.4375
60.5625
59.6875
58.9375
58.25
57.6875
57.1875
56.75
56.375
55.9375
55.4375
54.875
54.4375
54.0
53.5
53.0625
52.75
52.3125
51.9375
51.5625
51.1875
50.8125
50.4375
50.0625
49.75
49.375
49.0
48.4375
48.125
47.875
47.625
47.375
47.125
47.0625
47.0625
47.0
47.0625
47.875
52.5625
64.9375
84.0625
106.3125
126.75
141.3125
148.5625
149.625
146.4375
140.1875
131.875
122.375
112.6875
103.625
95.625
88.9375
83.3125
78.75
75.625
74.6875
75.25
76.4375
77.625
78.0625
77.625
76.3125
74.5
72.4375
70.5625
68.75
67.0625
65.5
64.1875
63.125
62.1875
61.375
60.6875
60.0625
59.5625
59.0625
58.6875
58.1875
57.5
56.9375
56.3125
55.8125
55.4375
54.9375
54.3125
53.75
53.1875
52.5
51.75
51.0625
50.5
50.125
49.6875
49.25
49.0
48.8125
48.6875
48.375
48.0625
47.6875
47.25
46.875
46.5
46.0625
45.75
45.375
45.0
44.75
44.5
45.1875
50.0
62.8125
82.5
104.8125
125.125
139.4375
146.25
146.625
143.0
137.375
130.4375
122.5
114.1875
105.9375
98.125
91.0
84.625
79.0
74.6875
72.625
72.4375
73.25
74.4375
75.0625
74.9375
74.125
72.8125
71.0625
69.3125
67.6875
66.3125
65.0
63.875
62.875
62.0625
61.375
60.625
59.875
59.125
58.5625
58.0625
57.5
56.9375
56.5
56.0
55.625
55.3125
54.9375
54.625
54.25
54.0
53.8125
53.125
52.75
52.5625
52.0625
51.875
51.625
51.3125
51.0625
50.8125
50.6875
50.375
50.0
49.75
49.5625
49.3125
49.0625
48.9375
48.9375
49.9375
55.0625
67.5625
86.25
107.5
126.6875
140.3125
146.25
145.8125
141.6875
135.5625
128.0
119.3125
110.25
101.5625
93.75
87.0625
81.5
76.9375
73.75
72.8125
73.1875
74.3125
75.625
76.25
76.0
75.0
73.375
71.5
69.625
67.875
66.1875
64.5625
63.25
62.0625
61.125
60.375
59.625
59.0
58.375
57.875
57.3125
56.8125
56.3125
55.6875
55.125
54.625
54.125
53.625
53.1875
52.6875
52.25
51.8125
51.375
50.875
50.5625
50.1875
49.8125
49.5
49.125
48.8125
48.5625
48.3125
48.0625
47.75
47.4375
47.1875
46.9375
47.4375
50.8125
61.0
78.25
99.1875
119.375
135.0
143.75
145.6875
142.6875
136.6875
129.0625
120.3125
111.5
103.375
96.1875
89.625
83.625
78.25
74.0625
72.1875
72.125
73.0
74.3125
75.0
75.0625
74.375
73.0
71.1875
69.3125
67.5
65.75
64.25
62.9375
61.875
60.875
60.0625
59.3125
58.625
58.0
57.4375
56.9375
56.4375
55.9375
55.5
55.0
54.5
53.9375
53.375
52.875
52.4375
52.0625
51.6875
51.3125
51.0
50.9375
52.5625
59.1875
72.9375
91.625
110.8125
126.125
135.8125
139.1875
137.5
132.9375
126.5625
119.0
110.75
102.625
94.9375
87.75
81.1875
75.375
71.1875
69.5625
69.9375
71.375
73.0
74.1875
74.4375
73.6875
72.25
70.5
68.5625
66.625
64.9375
63.3125
61.9375
60.875
60.0
59.25
58.5625
57.9375
57.5
57.0
56.5
55.9375
55.5625
55.3125
55.0625
54.6875
54.3125
53.9375
53.5625
53.125
52.75
52.375
51.9375
51.5625
51.3125
51.0
50.8125
50.625
51.0
54.3125
65.1875
84.1875
107.1875
128.75
144.5
151.8125
151.3125
146.1875
138.5
129.5625
120.1875
111.0625
102.6875
95.4375
89.375
84.1875
79.5625
75.9375
74.4375
74.5625
75.4375
76.5
76.9375
76.625
75.5
74.0
72.0625
70.1875
68.4375
66.75
65.25
63.9375
62.9375
62.1875
61.5625
60.875
60.1875
59.5625
58.875
58.0
57.0
56.125
55.375
54.6875
54.125
53.625
53.1875
52.75
52.3125
51.875
51.5
51.125
50.6875
50.25
49.875
49.4375
48.9375
48.5
48.0625
47.75
47.4375
47.125
46.8125
46.625
47.5
53.0
67.6875
89.875
113.8125
134.3125
147.6875
152.5
151.3125
146.9375
140.75
133.1875
124.375
114.9375
105.875
97.75
90.8125
84.75
79.375
75.375
73.6875
73.875
74.875
76.0625
76.625
76.25
75.125
73.4375
71.4375
69.4375
67.5625
65.875
64.5
63.375
62.375
61.625
60.9375
60.25
59.5625
59.0
58.375
57.8125
57.3125
56.875
56.5
56.125
55.5625
55.0625
54.6875
54.4375
54.125
53.75
53.5
53.25
53.5
56.25
65.5
82.625
103.625
123.3125
137.9375
145.4375
145.8125
141.4375
134.8125
127.875
120.6875
113.4375
106.1875
99.0
92.125
85.5625
79.5625
75.125
73.4375
73.625
74.75
76.125
76.9375
76.8125
75.875
74.375
72.5625
70.625
68.625
66.8125
65.1875
63.75
62.375
61.125
60.125
59.4375
58.9375
58.4375
58.0
57.625
57.125
56.6875
56.125
55.625
55.0
54.4375
53.875
53.3125
52.75
52.25
51.625
51.125
50.625
50.1875
49.8125
49.5625
49.1875
48.75
48.375
48.125
47.875
47.75
48.0
50.6875
61.25
81.375
106.6875
131.1875
149.125
158.125
158.875
154.5625
147.3125
138.8125
129.6875
119.9375
110.4375
102.0
94.75
88.5625
83.1875
78.625
75.6875
74.9375
75.4375
76.5
77.375
77.5625
76.875
75.5
73.6875
71.625
69.5625
67.625
65.875
64.375
63.0625
61.9375
60.875
60.0
59.1875
58.5625
58.0
57.4375
56.9375
56.375
55.875
55.375
54.9375
54.4375
54.0
53.5
53.0
52.5625
52.125
51.8125
51.4375
51.25
52.0625
57.125
70.0625
89.8125
111.1875
129.1875
141.0
145.125
142.8125
137.125
129.875
122.0625
114.1875
106.5625
99.1875
92.1875
85.4375
79.25
74.25
71.6875
71.5
72.625
74.125
75.1875
75.375
74.6875
73.25
71.3125
69.3125
67.3125
65.5
63.8125
62.4375
61.25
60.25
59.4375
58.75
58.25
57.75
57.25
56.8125
56.375
55.9375
55.3125
54.6875
54.1875
53.625
53.125
52.625
52.125
51.625
51.25
50.9375
50.5625
50.1875
49.75
49.5
49.1875
48.875
48.5
48.125
47.8125
47.5
47.375
48.0625
52.8125
66.625
89.125
114.5
136.5625
151.0625
156.5
154.875
149.0
140.5625
130.1875
119.125
108.5625
99.5
92.0625
86.25
81.5625
77.875
75.8125
75.5625
76.4375
77.6875
78.5625
78.5625
77.75
76.0625
74.0625
71.875
69.875
68.0625
66.4375
65.0
63.8125
62.8125
62.0
61.1875
60.4375
59.8125
59.3125
58.8125
58.375
57.875
57.3125
56.75
56.1875
55.625
55.0
54.5
54.0
53.5625
53.125
52.8125
52.5625
52.1875
51.8125
51.375
50.8125
50.1875
49.5625
49.0
49.4375
53.75
66.3125
86.375
109.25
129.75
144.125
150.1875
149.25
144.5
138.0
130.6875
122.9375
115.0625
106.9375
98.9375
91.625
84.8125
79.0
75.0
73.375
73.5
74.5
75.4375
75.75
75.3125
74.0625
72.3125
70.4375
68.5
66.75
65.0
63.4375
62.125
61.0
60.0
59.1875
58.5
57.875
57.3125
56.75
56.125
55.5625
55.125
54.5625
54.0625
53.5625
53.0
52.4375
51.9375
51.5
50.9375
50.4375
49.9375
49.5
49.1875
49.0625
50.125
56.1875
70.5625
91.125
112.25
129.25
139.625
142.6875
139.3125
131.875
122.25
112.25
102.6875
94.125
86.8125
80.625
75.3125
71.25
69.0625
69.0625
70.375
72.125
73.625
74.1875
73.6875
72.4375
70.6875
68.75
66.8125
64.9375
63.25
61.75
60.5
59.4375
58.5
57.75
57.125
56.625
56.1875
55.6875
55.125
54.625
54.25
53.8125
53.375
52.8125
52.3125
51.9375
51.5
51.1875
50.8125
50.4375
50.0
49.75
49.375
49.0
48.625
48.25
47.8125
47.4375
47.125
46.75
46.4375
46.1875
45.9375
45.6875
45.5
46.0
50.375
63.4375
84.75
109.4375
132.0625
147.75
154.625
153.875
149.125
142.0625
133.6875
124.3125
114.25
104.6875
96.4375
89.625
83.8125
78.875
75.25
73.8125
74.0
74.9375
76.0
76.625
76.4375
75.5625
74.0625
72.25
70.375
68.5625
66.875
65.25
63.9375
62.6875
61.625
60.8125
60.125
59.625
59.125
58.6875
58.25
57.8125
57.3125
56.8125
56.3125
55.9375
55.625
55.25
54.875
54.4375
54.0625
53.6875
53.3125
53.0
52.625
52.25
51.875
51.375
51.0625
50.75
50.375
50.0
49.5625
49.125
48.6875
48.5
48.25
47.9375
47.75
47.625
48.375
53.1875
66.1875
86.25
109.5
131.0
146.375
153.4375
153.6875
149.75
144.0625
137.1875
128.9375
120.125
111.1875
102.6875
95.0
88.25
82.5
77.8125
75.125
74.4375
75.0
75.875
76.5
76.4375
75.625
74.1875
72.4375
70.375
68.375
66.375
64.625
63.125
61.6875
60.5625
59.5
58.625
57.9375
57.3125
56.6875
56.0625
55.5625
55.0625
54.625
54.25
53.875
53.3125
52.875
52.4375
51.9375
51.5
51.0625
50.4375
49.9375
49.5
49.0625
48.6875
48.25
47.8125
47.5625
47.375
48.0625
52.5625
64.5625
83.25
103.9375
122.0
134.625
140.25
139.6875
135.3125
128.5
119.9375
110.8125
101.8125
93.5
86.125
79.75
74.375
70.5625
69.125
69.625
71.1875
73.0
74.1875
74.4375
73.75
72.375
70.625
68.6875
66.875
65.1875
63.6875
62.4375
61.375
60.5
59.8125
59.125
58.625
58.1875
57.75
57.3125
56.75
56.3125
55.875
55.4375
55.0625
54.75
54.4375
54.125
53.75
53.3125
52.875
52.4375
52.125
51.6875
51.375
51.125
50.875
50.6875
50.625
52.0625
59.0625
74.1875
94.9375
116.8125
134.9375
146.25
149.75
147.5
141.875
134.8125
127.0625
119.0
110.5625
102.25
94.625
88.0
82.1875
77.1875
74.125
73.3125
73.9375
75.125
76.125
76.5
76.0
74.8125
73.125
71.1875
69.125
67.0625
65.3125
63.6875
62.375
61.3125
60.375
59.5
58.75
58.125
57.5625
56.9375
56.4375
55.875
55.3125
54.875
54.4375
54.0
53.5
53.0625
52.5625
52.0625
51.625
51.125
50.625
50.25
49.875
49.5
49.0625
48.6875
48.4375
48.125
47.8125
47.5
47.1875
46.9375
46.8125
46.6875
46.375
46.125
45.8125
45.5625
45.3125
45.0625
44.9375
45.875
51.875
66.9375
88.75
112.625
133.125
146.3125
151.125
149.75
144.0
135.25
124.625
113.125
102.4375
93.8125
87.0625
81.9375
77.875
74.5625
72.5625
72.4375
73.3125
74.5625
75.5
75.6875
74.9375
73.5
71.625
69.5625
67.5625
65.6875
63.9375
62.5625
61.4375
60.4375
59.625
58.875
58.1875
57.5625
57.0
56.5
56.0625
55.5625
55.125
54.625
54.125
53.6875
53.25
52.75
52.25
51.8125
51.5
51.875
55.0625
64.25
79.5625
97.9375
115.0
127.3125
134.0
134.875
131.375
125.5
118.625
111.6875
104.9375
98.3125
91.5625
84.6875
78.0
72.625
69.75
69.0625
69.75
71.25
72.5
73.0
72.75
71.625
70.125
68.25
66.375
64.625
62.9375
61.4375
60.1875
59.1875
58.25
57.5
56.6875
56.1875
55.6875
55.375
55.0625
54.75
54.5
54.375
55.8125
62.125
76.375
96.3125
116.1875
131.5625
140.0625
141.3125
137.6875
131.5625
124.0
116.125
108.5
101.0
93.75
86.625
79.875
74.25
71.1875
70.5625
71.5
73.1875
74.75
75.5
75.3125
74.25
72.625
70.75
68.8125
67.0
65.375
63.9375
62.625
61.5625
60.5625
59.75
59.125
58.625
58.0625
57.5625
57.0625
56.625
56.25
55.6875
55.25
54.9375
54.5
53.9375
53.375
52.875
52.25
51.5
50.875
50.3125
49.75
49.25
48.8125
48.4375
48.25
48.125
49.375
57.3125
76.4375
102.75
128.625
148.4375
158.8125
160.0625
155.25
146.875
136.5625
125.25
114.0
103.6875
95.0
88.125
82.8125
78.5625
75.375
74.0625
74.625
75.9375
77.25
77.8125
77.5
76.3125
74.5
72.375
70.25
68.25
66.5
64.9375
63.625
62.5
61.5625
60.75
60.125
59.5625
59.0625
58.5625
58.0625
57.5625
57.0625
56.5625
56.0
55.375
54.8125
54.3125
53.875
53.875
56.4375
65.5
82.3125
103.1875
122.25
135.625
141.9375
141.6875
137.125
130.1875
122.25
114.0625
105.8125
97.75
90.1875
83.1875
77.0
72.6875
71.0
71.25
72.6875
74.375
75.375
75.5
74.6875
73.1875
71.3125
69.3125
67.375
65.625
64.1875
62.8125
61.75
60.8125
59.875
59.1875
58.5625
58.0625
57.5625
57.0
56.5
55.9375
55.4375
55.0
54.5
54.0
53.4375
52.9375
52.5625
52.125
51.6875
51.3125
50.9375
50.5625
50.1875
49.9375
49.5625
49.3125
49.1875
50.3125
57.0
74.4375
100.3125
127.0625
148.5
160.5
162.625
158.3125
150.9375
141.375
130.3125
118.9375
108.375
99.5
92.25
86.5
81.875
78.25
76.4375
76.5625
77.6875
78.9375
79.625
79.375
78.3125
76.5
74.25
72.0625
69.9375
68.0
66.4375
65.0
63.9375
63.0
62.1875
61.5
60.9375
60.5
60.0625
59.5625
59.125
58.625
58.0625
57.5625
57.0625
56.625
56.1875
55.875
55.5
55.125
54.8125
54.4375
54.0625
53.6875
53.3125
53.125
53.8125
58.875
72.8125
94.5
118.3125
138.625
151.75
156.25
154.3125
149.5625
143.375
136.125
127.75
118.3125
108.9375
100.3125
92.625
86.0
80.9375
78.4375
78.125
79.0
80.1875
80.9375
80.875
79.875
78.3125
76.375
74.25
72.0
69.9375
68.125
66.375
64.8125
63.4375
62.5
61.8125
61.125
60.4375
59.875
59.375
58.8125
58.1875
57.5
56.6875
56.0
55.375
54.75
54.1875
53.625
53.0625
52.5625
52.0625
51.625
51.1875
50.75
50.375
50.0625
49.75
49.4375
49.125
48.6875
48.375
48.0625
47.6875
47.3125
47.0
46.6875
46.4375
46.25
46.0
45.6875
45.375
45.375
47.375
57.0
77.5625
104.0
129.375
148.5625
158.25
159.375
154.5
145.6875
134.4375
122.25
110.6875
100.9375
93.0
86.8125
82.0
78.125
75.375
74.4375
75.125
76.5625
77.75
78.1875
77.625
76.25
74.375
72.25
70.125
68.125
66.25
64.6875
63.375
62.375
61.5
60.75
60.0
59.3125
58.8125
58.3125
57.875
57.4375
56.9375
56.4375
56.0
55.5625
55.1875
54.8125
54.375
54.0
53.6875
53.3125
52.9375
52.5
52.0625
51.625
51.25
50.875
50.4375
50.0
49.75
49.5
49.25
49.0
48.6875
48.375
48.0
47.75
47.5
47.3125
47.0625
47.0
48.3125
55.0
70.5
92.4375
115.875
135.8125
148.6875
153.25
152.125
147.875
141.8125
134.5625
126.375
117.625
108.8125
100.6875
93.3125
86.75
81.125
77.3125
75.875
76.0625
77.0
77.875
78.1875
77.75
76.625
75.0
73.0625
71.0625
69.0625
67.25
65.75
64.4375
63.375
62.375
61.5625
60.9375
60.4375
60.0625
59.6875
59.1875
58.75
58.1875
57.625
57.125
56.5625
56.0625
55.5625
55.125
54.8125
54.5
54.9375
58.25
68.1875
85.25
105.4375
123.875
137.0625
143.8125
144.25
140.875
135.8125
130.0625
124.125
118.0
111.75
105.1875
98.0625
90.5625
83.375
78.0
75.25
74.5625
75.25
76.375
77.125
77.1875
76.3125
74.875
73.25
71.4375
69.6875
68.125
66.5625
65.125
63.875
62.875
62.0
61.25
60.5
59.75
59.0625
58.4375
57.625
56.625
55.8125
55.125
54.5
54.0
53.5
53.0625
52.6875
52.25
51.75
51.3125
50.9375
50.4375
50.0
49.5625
49.125
48.75
48.3125
48.0
48.25
51.8125
64.125
85.8125
111.125
133.9375
149.75
156.5
155.6875
150.625
143.5
135.1875
125.375
114.9375
105.125
96.625
89.625
83.8125
79.0625
75.5625
74.1875
74.5
75.5
76.5
76.875
76.3125
75.0625
73.3125
71.3125
69.3125
67.4375
65.75
64.25
62.875
61.6875
60.5625
59.625
58.9375
58.25
57.6875
57.0625
56.5625
56.0
55.5
55.0625
54.625
54.125
53.625
53.125
52.6875
52.25
51.8125
51.375
50.875
50.4375
49.9375
49.5
49.25
49.375
51.6875
60.5625
77.8125
99.5625
120.125
135.4375
143.375
144.0625
139.9375
132.75
123.6875
114.125
105.0625
96.8125
89.625
83.3125
77.75
73.3125
71.0625
71.0
72.125
73.625
74.75
75.0
74.3125
73.0
71.1875
69.25
67.4375
65.6875
64.0625
62.625
61.4375
60.5
59.75
59.0625
58.375
57.875
57.4375
57.0625
56.5625
56.0
55.375
54.6875
54.125
53.5625
53.0
52.5
52.0
51.875
53.4375
60.875
76.9375
98.6875
120.0625
136.5625
146.1875
148.75
145.875
139.75
132.375
124.75
117.0625
109.25
101.625
94.375
87.5
81.0
75.875
73.3125
72.9375
73.9375
75.3125
76.25
76.3125
75.5625
74.125
72.375
70.5
68.6875
67.0625
65.625
64.3125
63.1875
62.3125
61.625
61.0
60.4375
59.8125
59.3125
58.8125
58.25
57.6875
57.1875
56.625
56.125
55.625
55.1875
54.75
54.3125
54.0
53.6875
53.4375
53.0625
52.75
52.5
52.1875
51.9375
51.625
51.375
51.125
51.6875
56.8125
71.875
95.75
122.1875
144.875
159.5
164.375
162.25
156.8125
149.375
140.8125
131.3125
121.0
110.8125
101.625
93.875
87.375
82.0625
78.25
76.8125
77.125
78.1875
79.125
79.375
78.8125
77.375
75.375
73.0625
70.75
68.625
66.75
65.125
63.625
62.5
61.5
60.625
59.8125
59.0625
58.4375
57.875
57.375
56.875
56.25
55.6875
55.125
54.5625
54.0625
53.5
52.9375
52.4375
51.9375
51.375
50.875
50.4375
49.9375
49.5
49.0625
48.6875
48.375
48.0625
47.6875
47.4375
47.4375
49.25
57.5625
75.4375
99.0625
121.9375
139.5
149.625
151.9375
148.75
141.875
132.6875
122.4375
111.875
102.1875
93.9375
87.0625
81.3125
76.4375
73.125
72.0
72.5625
73.9375
75.25
75.875
75.4375
74.25
72.5
70.5625
68.6875
66.875
65.3125
63.9375
62.8125
61.8125
60.8125
60.0625
59.375
58.75
58.25
57.75
57.3125
56.875
56.5
56.0
55.5625
55.0625
54.75
54.375
54.0625
53.6875
53.375
52.9375
52.625
52.25
51.9375
51.625
51.3125
51.0625
50.8125
50.5625
50.375
50.125
49.875
49.6875
49.9375
53.1875
64.3125
84.0
107.875
130.375
146.8125
154.25
153.75
149.75
143.75
136.0625
127.0
117.375
108.125
99.8125
92.6875
86.4375
81.125
77.125
75.3125
75.1875
75.9375
77.125
77.6875
77.375
76.3125
74.6875
72.75
70.8125
68.875
66.9375
65.3125
63.875
62.6875
61.5625
60.5625
59.75
59.0625
58.5625
58.0
57.5
56.9375
56.5
55.875
55.375
54.875
54.375
53.75
53.1875
52.75
52.375
51.9375
51.4375
51.0
50.6875
50.5
52.0
59.0625
74.6875
96.0625
117.875
135.4375
145.5625
147.8125
144.875
139.625
133.125
125.5625
117.4375
109.0625
100.875
93.0625
85.8125
79.375
74.5625
72.5
72.625
73.875
75.375
76.25
76.25
75.3125
73.75
71.8125
69.8125
67.8125
66.0625
64.5
63.125
61.9375
60.9375
59.9375
59.1875
58.5625
58.0
57.5
57.0625
56.5
55.875
55.25
54.6875
54.1875
53.625
53.125
52.625
52.125
51.8125
51.4375
51.0625
50.75
50.4375
50.4375
52.625
61.6875
80.0
103.3125
125.5625
142.125
150.5625
151.1875
146.3125
138.3125
129.125
119.375
109.75
101.0
93.375
86.8125
81.1875
76.5625
73.75
73.125
74.0
75.3125
76.375
76.625
75.9375
74.5625
72.75
70.75
68.75
66.875
65.125
63.5625
62.1875
61.0625
60.1875
59.375
58.8125
58.3125
57.75
57.25
56.75
56.3125
55.8125
55.25
54.75
54.25
53.75
53.25
52.6875
52.1875
51.6875
51.25
50.875
50.5625
50.3125
50.0
49.5625
49.3125
49.25
50.0625
55.4375
70.0625
92.625
117.125
137.875
151.25
155.6875
153.25
146.9375
138.3125
128.3125
118.0625
108.4375
100.0
92.875
86.875
81.6875
77.6875
75.75
75.875
76.9375
78.25
79.0625
78.875
77.8125
76.1875
74.125
72.0625
70.125
68.375
66.8125
65.3125
64.0
62.9375
62.0625
61.3125
60.75
60.1875
59.625
59.0625
58.5625
58.0625
57.5
57.0
56.5
55.875
55.3125
54.8125
54.375
54.0
53.6875
53.3125
53.1875
55.125
63.4375
80.3125
102.375
124.25
141.375
150.5625
151.25
147.1875
141.375
134.8125
127.75
119.625
110.8125
102.1875
94.125
86.6875
80.25
75.9375
74.5
74.875
76.125
77.375
78.0
77.625
76.25
74.375
72.375
70.4375
68.6875
66.8125
65.0625
63.5
62.3125
61.375
60.5
59.75
59.0625
58.4375
57.875
57.3125
56.625
55.9375
55.375
54.875
54.625
54.375
53.9375
53.3125
52.75
52.25
51.875
51.5
50.9375
50.3125
49.75
49.4375
49.25
48.8125
48.5
48.5
51.0
61.375
81.9375
107.25
130.375
147.125
154.8125
153.5625
147.0
137.4375
126.25
115.0
104.75
95.9375
88.9375
83.3125
78.875
75.5625
74.3125
74.8125
76.125
77.5625
78.3125
78.0625
77.0
75.25
73.25
71.1875
69.25
67.4375
65.9375
64.625
63.625
62.75
62.0
61.4375
61.0
60.5625
60.0625
59.5625
59.0625
58.5625
58.0625
57.5
57.0
56.5
56.0625
55.5625
55.125
54.75
54.375
54.0625
53.6875
53.1875
52.875
52.5625
52.25
51.9375
51.6875
51.4375
51.125
50.875
50.625
50.625
52.875
62.375
81.1875
105.3125
129.0625
146.875
156.5
158.625
155.6875
150.0625
143.0625
135.25
126.875
117.9375
108.9375
100.5625
93.125
86.5625
81.3125
78.5
78.0
78.75
79.75
80.3125
80.0
78.8125
77.0625
75.0
72.875
70.75
68.875
67.125
65.5625
64.4375
63.375
62.375
61.5625
60.8125
60.125
59.5
58.875
58.25
57.6875
57.125
56.5625
55.9375
55.375
54.9375
54.375
53.875
53.4375
52.9375
52.5
52.0
51.5625
51.1875
50.8125
50.4375
50.0625
49.75
49.375
49.125
48.8125
48.6875
49.875
56.5625
72.75
95.9375
119.8125
139.1875
151.0
154.625
152.4375
146.8125
139.0
130.125
120.4375
111.0
102.5
95.0
88.4375
82.6875
78.0
75.625
75.4375
76.375
77.625
78.375
78.3125
77.375
75.8125
73.875
71.6875
69.625
67.6875
66.0
64.5
63.1875
62.0625
61.0625
60.3125
59.6875
59.125
58.625
58.0625
57.5625
57.0625
56.5625
56.0
55.4375
54.875
54.375
53.875
53.375
52.875
52.5
52.125
51.75
51.375
51.0
50.625
50.25
49.875
49.625
49.5
50.5
56.375
71.1875
92.9375
115.9375
135.0625
147.3125
151.375
149.4375
144.125
136.75
128.4375
119.6875
111.0
102.8125
95.4375
88.75
82.75
77.9375
75.3125
74.9375
75.8125
77.1875
77.9375
77.75
76.75
75.125
73.1875
71.3125
69.4375
67.8125
66.375
65.0625
63.9375
63.0
62.125
61.375
60.6875
60.0
59.4375
58.875
58.4375
58.0
57.5
57.125
56.6875
56.1875
55.8125
55.375
55.0
54.5
54.0625
53.625
53.1875
52.75
52.3125
51.9375
51.5
51.1875
50.875
50.5625
50.5
51.625
57.875
73.0625
95.3125
119.1875
139.125
152.0625
156.8125
154.375
148.0625
140.25
131.9375
123.375
114.875
106.5
98.8125
91.875
85.6875
80.5
77.4375
76.8125
77.4375
78.5625
79.3125
79.125
77.9375
76.125
74.0625
72.0
70.0625
68.25
66.5625
65.125
63.875
62.75
61.6875
60.6875
59.875
59.1875
58.5
57.875
57.3125
56.75
56.1875
55.5625
54.9375
54.4375
53.9375
53.4375
53.0
52.5
52.0
51.5
51.0
50.75
50.4375
50.375
52.5625
61.375
78.9375
101.3125
122.4375
138.125
146.25
147.3125
143.25
136.625
128.875
120.4375
111.875
103.8125
96.1875
89.125
82.5625
76.875
73.5
72.5625
73.1875
74.625
75.8125
76.3125
75.875
74.5625
72.875
70.875
68.875
66.9375
65.1875
63.625
62.3125
61.1875
60.3125
59.5
58.875
58.375
57.875
57.4375
56.9375
56.375
55.875
55.4375
54.875
54.4375
54.0
53.5
53.0
52.625
52.25
51.9375
51.5625
51.125
50.625
50.3125
50.25
52.4375
61.375
79.5625
103.1875
125.875
142.9375
151.75
152.0
147.0625
139.3125
130.0625
120.1875
110.75
102.1875
94.5
87.8125
81.9375
76.9375
73.875
73.25
74.0625
75.5625
76.8125
77.1875
76.625
75.1875
73.3125
71.1875
69.1875
67.25
65.4375
64.0625
62.8125
61.6875
60.75
60.0
59.3125
58.625
58.0
57.5
57.0
56.5625
55.9375
55.3125
54.8125
54.3125
53.8125
53.375
52.875
52.4375
52.0625
51.6875
51.375
51.0
50.5625
50.1875
49.75
49.625
51.0625
58.6875
76.1875
100.1875
124.25
143.1875
153.6875
155.8125
152.8125
147.3125
140.4375
132.25
123.25
113.9375
105.0625
97.125
90.25
84.125
79.4375
77.125
76.9375
77.9375
79.25
80.0
79.8125
78.75
77.0625
75.0625
73.0
71.0625
69.25
67.625
66.1875
64.9375
63.875
63.0
62.25
61.5
60.875
60.3125
59.8125
59.1875
58.5
57.9375
57.3125
56.8125
56.1875
55.6875
55.1875
54.75
54.3125
53.875
53.375
53.0625
52.6875
52.625
54.1875
61.8125
78.875
102.0
125.1875
143.5
153.75
155.75
152.5625
146.6875
139.6875
132.25
123.875
115.125
106.5
98.375
90.875
84.0625
78.6875
75.875
75.375
76.25
77.4375
78.0625
77.875
76.875
75.125
73.125
71.0625
69.125
67.3125
65.625
64.125
62.8125
61.6875
60.8125
59.875
59.125
58.4375
57.8125
57.1875
56.625
56.125
55.5
55.0
54.375
53.875
53.4375
52.9375
52.4375
52.0
51.5625
51.125
50.75
50.6875
52.4375
60.625
78.1875
101.25
123.375
140.125
148.6875
148.625
143.1875
135.4375
126.375
116.9375
107.875
99.25
91.375
84.3125
78.1875
73.4375
71.125
71.1875
72.5
74.25
75.5
75.8125
75.1875
73.75
71.9375
70.0
68.125
66.25
64.5
63.0625
61.875
60.875
60.0625
59.25
58.5625
58.0
57.5
57.0
56.4375
55.875
55.25
54.6875
54.1875
53.6875
53.3125
52.8125
52.375
52.0
51.5625
51.1875
50.75
50.375
50.0
49.6875
49.3125
48.9375
48.6875
48.375
48.0625
47.75
47.5
47.25
47.0
46.625
46.375
46.1875
46.0
46.3125
50.1875
63.375
86.25
112.8125
136.75
153.5625
160.5625
159.5625
154.1875
146.4375
136.8125
125.8125
114.5
103.9375
95.1875
88.375
83.0
78.75
76.0625
75.4375
76.125
77.1875
78.0
78.0
77.1875
75.625
73.75
71.8125
69.75
68.0
66.4375
65.0625
63.8125
62.8125
62.0
61.25
60.5
59.9375
59.375
58.75
58.25
57.75
57.25
56.75
56.25
55.875
55.5
55.0625
54.6875
54.3125
53.875
53.4375
53.0
52.625
52.3125
52.0
51.6875
51.375
51.0625
50.75
50.4375
50.1875
49.875
49.5625
49.1875
48.9375
48.5625
48.3125
48.0625
47.875
47.625
47.3125
47.0625
46.8125
46.5625
46.3125
46.125
45.9375
45.6875
45.5
45.25
45.0625
45.0
44.8125
44.5
44.25
44.0
43.75
43.3125
42.875
42.625
42.4375
43.75
51.0625
67.625
91.0625
117.0625
138.4375
151.1875
155.9375
154.8125
150.125
143.1875
134.6875
125.0625
114.875
105.0
96.3125
89.125
83.25
78.3125
74.375
72.1875
71.875
72.625
73.625
74.3125
74.3125
73.625
72.25
70.5625
68.6875
66.8125
65.0625
63.5
62.0625
60.8125
59.8125
58.9375
58.1875
57.5
56.875
56.25
55.625
55.125
54.625
54.125
53.625
53.0625
52.5625
52.1875
51.6875
51.1875
50.625
50.1875
49.75
49.3125
48.875
48.5
48.1875
47.75
47.4375
47.0625
46.6875
46.375
46.125
45.8125
45.5625
45.25
45.0
44.75
44.5625
44.25
44.0
43.75
43.5
43.3125
43.125
42.875
42.6875
42.5625
43.375
47.6875
59.1875
76.625
96.375
114.5
128.0625
135.1875
136.0
132.5
126.0625
117.625
108.25
99.1875
91.0625
84.125
78.375
73.375
69.3125
67.0625
66.75
67.625
69.0
70.3125
70.875
70.5625
69.6875
68.4375
66.8125
65.125
63.375
61.75
60.3125
59.0625
58.0625
57.25
56.5
55.8125
55.25
54.8125
54.3125
53.875
53.375
52.875
52.375
51.875
51.375
51.0
50.5625
50.125
49.6875
49.3125
48.9375
48.5625
48.25
47.875
47.75
48.6875
53.5
64.5625
80.6875
98.625
114.4375
125.5625
131.375
131.9375
129.0
124.1875
118.5625
112.625
106.125
99.3125
92.625
86.0625
79.6875
74.0
70.1875
68.625
68.5
69.3125
70.4375
71.0625
71.125
70.5
69.375
68.0
66.5
65.0
63.625
62.375
61.25
60.25
59.3125
58.5625
57.8125
57.3125
56.8125
56.25
55.8125
55.25
54.75
54.3125
53.8125
53.4375
52.9375
52.5625
52.125
51.75
51.375
51.0625
50.6875
50.375
50.0625
49.6875
49.375
49.0
48.6875
48.4375
48.1875
47.9375
47.75
47.375
47.0
46.6875
46.25
45.875
45.375
45.125
46.875
54.75
71.0
92.4375
115.0625
133.4375
144.0
147.1875
145.875
141.8125
135.5
127.0625
117.375
107.375
98.125
90.375
83.8125
78.5625
74.5625
71.875
71.0
71.3125
72.0
72.6875
73.0625
72.6875
71.5625
70.0
68.1875
66.25
64.5625
63.0625
61.625
60.3125
59.1875
58.3125
57.5625
56.9375
56.25
55.5625
55.0625
54.625
54.1875
53.6875
53.0625
52.5625
52.0625
51.5625
51.0625
50.625
50.25
50.4375
53.0625
60.9375
74.9375
92.1875
108.8125
121.125
127.6875
128.25
124.6875
119.4375
113.1875
106.25
99.3125
92.375
85.625
79.0625
72.9375
68.3125
66.0
65.5
66.125
67.3125
68.375
68.9375
68.75
67.875
66.5
65.0
63.375
61.875
60.4375
59.0625
58.0625
57.0625
56.1875
55.625
55.0
54.3125
53.75
53.3125
53.0
52.5
52.0
51.5
51.0625
50.8125
50.4375
49.875
49.375
49.125
48.9375
48.6875
48.25
47.6875
47.3125
47.125
46.9375
46.625
46.3125
47.0625
52.4375
66.5625
87.75
111.125
131.0625
143.5
147.6875
144.6875
137.5
127.4375
115.75
104.5
94.875
87.0
80.875
76.25
72.5625
69.9375
69.0625
69.625
70.75
72.0
72.5625
72.3125
71.375
69.875
68.0625
66.1875
64.375
62.625
60.9375
59.5
58.375
57.4375
56.6875
56.0625
55.5625
55.1875
54.8125
54.4375
54.1875
53.8125
53.375
52.75
52.125
51.75
51.4375
51.0
50.5
49.9375
49.625
49.4375
49.25
48.9375
48.625
48.3125
48.0625
47.75
47.5
47.1875
46.875
46.625
46.5
46.375
46.1875
45.9375
45.5625
45.3125
45.125
44.9375
44.6875
44.5
44.375
44.1875
44.5625
47.8125
58.875
77.9375
101.125
123.8125
140.6875
149.1875
150.75
147.4375
140.75
131.75
121.0625
110.125
99.9375
91.3125
84.4375
79.375
75.375
72.3125
70.8125
71.0
72.0
73.125
73.75
73.625
72.6875
71.1875
69.25
67.3125
65.3125
63.5
62.0
60.5625
59.3125
58.3125
57.4375
56.6875
56.0
55.4375
55.0
54.5
54.0625
53.4375
52.9375
52.375
51.875
51.4375
51.0
50.5
50.25
50.3125
52.0625
58.625
71.9375
89.4375
106.5
119.875
128.0
130.3125
127.8125
122.5
115.6875
108.5625
101.5625
94.8125
88.125
81.5625
75.25
69.875
66.8125
66.0
66.6875
68.125
69.5
70.1875
70.1875
69.4375
68.125
66.625
64.9375
63.3125
61.6875
60.25
59.0625
58.0625
57.125
56.375
55.75
55.25
54.6875
54.125
53.625
53.25
52.8125
52.3125
51.8125
51.5
51.1875
51.875
56.9375
70.3125
90.8125
112.375
130.0
141.5
145.1875
142.1875
135.75
127.9375
119.25
110.4375
101.875
94.1875
87.3125
81.1875
75.625
71.375
69.5
69.4375
70.375
71.75
72.625
72.8125
72.25
70.9375
69.25
67.3125
65.5
63.8125
62.3125
60.9375
59.6875
58.6875
57.8125
57.125
56.5
55.875
55.4375
55.0
54.625
54.125
53.5625
53.0625
52.5625
52.1875
51.875
52.375
57.0
70.4375
91.5625
114.25
133.0625
145.0
148.6875
146.0
139.625
131.3125
122.0625
112.875
104.125
95.9375
88.625
82.125
76.5
72.3125
70.5625
70.6875
71.9375
73.5
74.625
74.8125
74.125
72.75
71.0
69.125
67.3125
65.5
63.875
62.5
61.375
60.375
59.625
59.0625
58.5
58.0625
57.625
57.1875
56.75
56.375
55.9375
55.5
55.125
54.625
54.3125
54.5625
58.3125
70.8125
92.3125
116.8125
138.0
151.75
156.375
153.75
147.5625
139.625
130.4375
120.9375
111.625
102.8125
94.9375
87.9375
82.0
77.5
75.4375
75.3125
76.3125
77.5625
78.375
78.1875
77.25
75.8125
73.8125
71.6875
69.5
67.5
65.6875
63.9375
62.4375
61.1875
60.25
59.5625
58.9375
58.375
57.9375
57.5
56.9375
56.3125
55.5625
54.875
54.25
53.6875
53.1875
52.5625
52.125
51.625
51.1875
50.75
50.3125
50.0
49.5625
49.125
48.75
48.375
48.125
47.75
47.375
47.0625
46.8125
46.625
46.3125
46.0625
45.75
45.5
45.125
44.9375
44.6875
44.4375
44.25
44.0
43.8125
43.5625
43.375
43.1875
43.0625
42.875
42.6875
42.5625
42.4375
42.25
42.0
41.8125
41.6875
41.5625
41.375
41.25
41.125
40.9375
40.8125
40.625
40.5
40.375
40.25
40.1875
40.0625
39.9375
39.875
39.8125
39.75
39.5625
39.4375
39.3125
39.1875
39.125
39.125
39.1875
40.875
49.6875
69.875
97.8125
125.75
146.25
156.875
157.875
151.625
140.1875
125.875
111.25
98.6875
88.9375
82.1875
78.0
75.6875
74.5
73.8125
73.0
72.4375
72.5
72.8125
72.875
72.625
71.8125
70.5625
69.0
67.25
65.5
63.8125
62.375
61.1875
60.125
59.125
58.375
57.625
57.125
56.625
56.0625
55.5625
55.125
54.6875
54.25
53.75
53.1875
52.75
52.3125
51.8125
51.3125
50.875
50.4375
50.125
49.6875
49.375
49.0
48.5625
48.3125
48.0625
47.875
48.9375
53.9375
65.5
82.375
101.0625
117.5625
129.0
134.5625
135.0
132.1875
127.8125
122.5625
117.0
111.375
105.5625
99.1875
92.375
85.25
78.5625
73.5625
71.125
70.625
71.25
72.375
73.1875
73.4375
73.0
71.9375
70.375
68.75
67.1875
65.75
64.4375
63.0625
61.875
60.9375
60.1875
59.5
58.8125
58.3125
57.875
57.375
56.8125
56.3125
55.875
55.5625
56.125
60.1875
71.125
88.6875
108.5
125.4375
136.8125
141.6875
140.6875
136.25
130.5625
124.625
118.5
111.9375
105.0
97.6875
90.1875
83.0625
76.9375
73.125
71.625
71.5625
72.4375
73.25
73.625
73.25
72.25
70.75
69.125
67.4375
65.8125
64.3125
62.875
61.625
60.375
59.3125
58.4375
57.6875
57.0
56.3125
55.5625
54.9375
54.4375
53.875
53.3125
52.875
52.375
51.9375
51.4375
50.875
50.4375
50.1875
49.875
49.375
48.9375
48.625
48.3125
47.9375
47.5625
47.1875
46.875
46.5
46.25
45.9375
45.6875
45.4375
45.125
44.8125
44.625
44.4375
44.1875
44.125
45.5625
53.5
71.875
97.125
122.6875
142.4375
152.9375
154.6875
150.1875
141.4375
129.75
117.0
104.8125
94.4375
86.375
80.625
76.6875
73.8125
71.8125
71.25
71.9375
73.25
74.5625
75.125
74.75
73.4375
71.75
69.8125
67.75
65.75
64.0
62.4375
61.0625
60.0
59.1875
58.4375
57.75
57.125
56.625
56.3125
55.9375
55.5625
55.0625
54.625
54.25
53.8125
53.3125
52.875
52.5
52.0625
51.5625
51.125
50.8125
50.5
50.0625
49.625
49.3125
49.0
48.625
48.3125
48.0625
47.75
47.4375
47.125
46.9375
47.25
50.6875
61.375
79.5625
101.625
122.625
138.125
145.875
146.6875
143.0625
136.9375
129.125
120.25
110.875
101.9375
93.9375
87.1875
81.4375
76.5
73.0
71.875
72.375
73.625
74.875
75.5
75.25
74.1875
72.5625
70.625
68.625
66.75
64.9375
63.375
62.0625
60.8125
60.0
59.25
58.6875
58.1875
57.875
57.5
57.25
56.8125
56.3125
55.875
55.4375
54.9375
54.4375
53.9375
53.5
53.125
52.75
52.4375
52.1875
51.875
51.5625
51.25
51.0
50.75
50.5625
51.5
56.875
70.5
90.8125
113.125
132.3125
144.9375
150.125
149.3125
145.25
139.25
132.0
123.8125
115.125
106.8125
99.1875
92.375
86.1875
80.8125
77.0625
75.625
75.625
76.5
77.375
77.6875
77.25
76.125
74.5
72.625
70.6875
68.75
67.0
65.4375
63.9375
62.4375
61.25
60.25
59.375
58.6875
58.125
57.625
57.125
56.5625
56.0
55.4375
54.75
54.1875
53.875
54.5625
59.375
71.75
90.5
110.5
127.0625
137.6875
141.5
139.625
134.6875
128.25
121.5625
114.9375
108.25
101.4375
94.4375
87.1875
80.1875
74.5625
71.5625
70.8125
71.5
72.8125
73.9375
74.25
73.625
72.375
70.6875
68.8125
67.0
65.25
63.75
62.375
61.125
60.125
59.25
58.5
57.8125
57.1875
56.6875
56.1875
55.6875
55.1875
54.8125
54.375
54.0
53.5
53.0625
52.625
52.1875
51.75
51.3125
50.9375
50.5625
50.1875
49.8125
49.5
49.125
48.8125
48.5
48.1875
47.9375
47.625
47.3125
47.125
46.8125
46.5
46.25
46.0625
45.8125
45.5625
45.375
45.5625
48.0625
58.4375
79.375
105.9375
130.9375
149.0
156.875
155.5625
148.75
138.1875
125.9375
113.5
102.125
92.75
85.875
81.0625
77.9375
75.6875
74.125
73.75
74.5625
75.5625
76.3125
76.3125
75.5625
74.1875
72.4375
70.4375
68.4375
66.5
64.8125
63.375
62.125
61.0625
60.1875
59.5
58.875
58.25
57.6875
57.25
56.875
56.3125
55.8125
55.375
55.0
54.5625
54.0
53.6875
54.0
57.0
65.9375
81.1875
99.25
115.8125
127.5625
133.125
132.8125
128.9375
123.4375
117.1875
110.9375
104.625
98.3125
91.5625
84.5625
77.75
72.5625
70.0
69.5625
70.625
72.1875
73.5625
74.125
73.8125
72.75
71.25
69.5
67.9375
66.375
64.9375
63.625
62.5625
61.6875
60.9375
60.3125
59.8125
59.3125
58.875
58.3125
57.8125
57.375
57.0625
57.4375
61.375
73.5
93.875
116.875
136.0625
148.5625
153.0625
150.4375
144.0
136.0
127.375
118.5625
110.0625
102.25
95.125
88.5625
82.4375
77.625
75.25
74.9375
75.6875
76.875
77.75
77.8125
77.0
75.3125
73.3125
71.125
68.9375
66.8125
65.0
63.5625
62.4375
61.4375
60.6875
60.0625
59.5
58.8125
58.1875
57.5
56.75
56.0
55.375
54.75
54.1875
53.6875
53.0625
52.5625
52.125
51.6875
51.25
50.875
50.5
50.0625
49.625
49.25
48.875
48.625
48.25
47.875
47.5
47.25
47.0
46.6875
46.375
46.125
45.875
45.5625
45.25
45.125
45.1875
48.4375
61.1875
85.1875
113.4375
138.0625
154.625
160.8125
158.5
151.375
140.875
128.5
115.6875
104.0625
94.5
87.4375
82.4375
79.0
76.4375
74.75
74.5625
75.4375
76.5625
77.4375
77.5
76.6875
75.1875
73.3125
71.3125
69.3125
67.5625
66.0
64.5625
63.375
62.375
61.625
60.9375
60.4375
59.9375
59.4375
58.9375
58.5
58.0
57.5
57.0
56.4375
55.9375
55.5625
55.1875
54.75
54.3125
53.9375
53.625
53.3125
53.0
52.5625
52.1875
51.9375
51.5625
51.1875
50.875
50.5625
50.25
50.0
49.6875
49.3125
48.9375
48.5625
48.125
47.6875
47.25
46.875
46.5
46.1875
46.0
45.75
45.5625
45.4375
45.3125
45.1875
46.625
54.1875
71.0625
94.3125
119.25
139.6875
151.4375
155.125
153.8125
149.375
142.5625
134.0625
124.25
114.125
104.75
96.5625
89.625
83.9375
79.125
75.5
73.875
74.0
74.9375
76.0
76.5
76.1875
75.0625
73.4375
71.5
69.5
67.625
65.875
64.375
63.0625
61.8125
60.875
60.0
59.3125
58.75
58.1875
57.625
57.1875
56.5625
56.0625
55.4375
54.8125
54.25
53.75
53.4375
53.875
57.1875
66.25
81.25
98.4375
113.5625
124.0
128.8125
128.5
125.125
120.0625
114.25
108.0625
101.6875
94.9375
87.875
80.625
74.0
69.5
67.4375
67.25
68.25
69.5625
70.5625
70.9375
70.625
69.5625
68.0625
66.5
64.9375
63.5
62.125
60.875
59.6875
58.75
58.0
57.25
56.5625
56.0625
55.625
55.125
54.625
54.125
53.6875
53.3125
53.5625
57.0625
68.25
87.4375
109.125
127.5
139.75
144.875
143.625
138.0
130.0
120.875
112.0625
103.9375
96.25
89.0625
82.375
76.3125
71.8125
69.9375
70.125
71.5625
73.3125
74.4375
74.625
73.8125
72.3125
70.4375
68.5
66.6875
64.9375
63.4375
62.125
60.9375
60.0
59.125
58.4375
57.875
57.3125
56.8125
56.25
55.8125
55.3125
54.75
54.25
53.875
53.5625
53.25
52.9375
52.6875
52.4375
52.1875
51.875
51.5
51.125
50.75
50.375
50.0625
49.8125
49.5625
49.4375
49.25
49.125
49.0
48.8125
48.6875
48.375
48.125
47.9375
47.75
47.5625
47.5625
49.375
58.4375
78.25
104.875
132.0
152.8125
163.3125
164.25
159.125
150.8125
140.5
128.875
117.0625
106.4375
97.75
91.0
86.0
82.3125
79.3125
77.0625
76.4375
77.0
77.8125
78.4375
78.4375
77.6875
76.125
74.0625
71.8125
69.6875
67.6875
65.75
64.125
62.75
61.75
60.9375
60.25
59.5625
59.0625
58.5
57.875
57.25
56.5625
56.0
55.4375
54.8125
54.25
53.6875
53.125
52.5625
52.0625
51.5625
51.0625
50.6875
50.375
49.9375
49.5625
49.125
48.75
48.4375
48.1875
47.8125
47.4375
47.0625
46.8125
46.5625
46.25
45.9375
45.75
45.625
45.375
45.9375
50.5625
63.8125
84.5625
107.9375
128.875
143.5
150.1875
150.125
145.8125
139.1875
130.9375
121.6875
112.0625
102.9375
94.875
87.9375
82.0625
77.0625
73.6875
72.625
73.0625
74.1875
75.125
75.3125
74.875
73.75
72.125
70.25
68.5
66.75
65.125
63.625
62.3125
61.3125
60.4375
59.625
58.9375
58.3125
57.8125
57.3125
56.75
56.1875
55.625
55.125
54.6875
54.1875
53.6875
53.25
52.8125
52.375
51.9375
51.5
51.125
50.75
50.3125
49.875
49.5
49.125
48.875
48.5
48.25
47.9375
47.625
47.3125
47.0
46.75
47.0
50.0
60.125
78.125
100.3125
121.5
137.8125
146.8125
148.1875
144.8125
138.9375
131.6875
123.5
114.875
106.375
98.5625
91.4375
85.125
79.5625
75.1875
72.875
72.5
73.3125
74.3125
74.9375
74.8125
73.9375
72.625
70.9375
69.0625
67.25
65.5625
64.125
62.875
61.8125
60.8125
59.75
58.875
58.1875
57.5625
56.9375
56.3125
55.875
55.375
55.0
54.5625
54.3125
54.0625
53.6875
53.3125
52.9375
52.8125
54.125
59.8125
72.6875
90.9375
110.1875
126.4375
137.125
140.875
138.875
134.4375
128.75
122.375
116.0
109.375
102.75
95.875
88.8125
81.9375
76.25
73.125
72.1875
72.625
73.9375
75.125
75.4375
74.9375
73.5625
71.875
70.0625
68.3125
66.6875
65.1875
63.9375
62.6875
61.625
60.75
60.0
59.4375
58.8125
58.3125
57.75
57.25
56.8125
56.6875
57.625
62.8125
75.875
95.125
115.1875
131.25
141.0
144.0
141.5
135.4375
128.1875
121.0
113.9375
106.75
99.1875
91.5
84.125
77.4375
72.875
71.0625
71.125
72.3125
73.75
74.5625
74.5
73.625
72.125
70.3125
68.3125
66.4375
64.6875
63.1875
61.9375
60.8125
59.8125
59.0
58.3125
57.75
57.1875
56.625
56.125
55.6875
55.1875
54.6875
54.1875
53.6875
53.25
52.875
52.5
52.0625
51.625
51.25
50.875
50.5625
50.3125
50.875
56.3125
72.0
96.375
122.125
143.3125
155.8125
157.6875
152.8125
144.4375
133.5
121.6875
110.25
100.1875
91.875
85.375
80.3125
76.3125
73.625
73.0
73.9375
75.5
76.875
77.3125
76.75
75.4375
73.5625
71.375
69.25
67.25
65.4375
63.875
62.625
61.5625
60.625
59.9375
59.1875
58.625
58.0625
57.5625
57.0625
56.5625
56.125
55.6875
55.1875
54.6875
54.25
53.75
53.25
52.75
52.25
51.75
51.3125
50.9375
50.625
50.25
49.9375
49.5625
49.25
49.0
48.875
49.875
56.375
72.8125
96.9375
122.125
142.6875
155.0625
158.0
154.6875
148.0625
139.5625
129.875
119.6875
109.625
100.6875
93.1875
87.0
81.9375
78.125
76.4375
76.5625
77.625
78.75
79.25
78.75
77.4375
75.625
73.5
71.375
69.3125
67.5625
66.0
64.625
63.4375
62.375
61.5625
60.8125
60.1875
59.75
59.25
58.8125
58.375
57.9375
57.5
57.0625
56.5625
56.0
55.5
55.0625
54.625
54.25
53.8125
53.4375
53.125
52.75
52.5
52.3125
52.1875
52.75
57.375
70.875
92.6875
117.375
139.0
153.5
158.9375
157.3125
152.0625
145.125
136.8125
127.75
118.5
109.75
102.125
95.3125
89.125
83.625
79.9375
78.75
79.125
80.125
80.875
80.9375
80.1875
78.8125
76.8125
74.6875
72.6875
70.75
69.0625
67.5625
66.3125
65.1875
64.0625
63.0625
62.1875
61.3125
60.375
59.5
58.75
58.0625
57.4375
56.9375
56.4375
56.0
55.5625
55.0
54.4375
53.875
53.375
52.875
52.375
51.875
51.4375
51.0
50.5
50.125
49.6875
49.375
49.0
48.625
48.3125
48.0625
47.8125
48.625
54.4375
70.25
94.3125
120.125
142.0
155.6875
159.9375
157.9375
152.5
145.0
135.9375
126.0
115.9375
106.3125
97.875
90.6875
84.5625
79.75
77.25
76.9375
78.0
79.3125
80.0625
79.875
78.875
77.1875
75.125
72.8125
70.5625
68.6875
66.9375
65.375
64.0625
63.0625
62.1875
61.375
60.75
60.25
59.625
59.0625
58.5
58.0
57.5625
57.0
56.5
55.9375
55.625
55.25
54.8125
54.3125
53.875
53.4375
53.375
55.5625
63.875
80.1875
101.1875
121.0
135.75
144.0625
145.625
142.1875
136.0
128.5
120.5
112.625
105.0
97.5
90.1875
83.125
77.3125
74.125
73.375
74.1875
75.75
76.875
77.25
76.6875
75.3125
73.4375
71.4375
69.375
67.5625
65.9375
64.5
63.375
62.3125
61.375
60.625
59.9375
59.25
58.6875
58.125
57.625
57.0625
56.5
55.9375
55.4375
54.9375
54.4375
54.0
53.5
53.125
52.8125
52.4375
52.0
51.6875
51.25
50.8125
50.5
50.1875
50.125
52.0625
61.3125
80.875
106.4375
130.875
149.3125
159.1875
160.1875
156.0
149.5625
141.8125
133.0625
123.25
113.0625
103.625
95.5
88.875
83.5
80.0
78.9375
79.5
80.875
82.0
82.25
81.375
79.875
77.8125
75.6875
73.5
71.5
69.75
68.25
66.9375
65.8125
64.875
64.0625
63.3125
62.75
62.1875
61.625
61.0625
60.4375
59.875
59.25
58.6875
58.125
57.5625
56.9375
56.4375
56.0
55.5625
55.1875
54.6875
54.1875
53.6875
53.375
53.0625
52.75
52.5
52.3125
53.3125
59.625
75.5625
98.8125
123.25
143.125
155.5
159.25
157.0
152.0
146.0
139.3125
131.5625
123.1875
114.75
106.4375
98.5
91.125
84.4375
79.75
77.9375
78.0
79.0
80.0625
80.375
79.6875
78.1875
76.1875
74.0
71.875
69.8125
67.9375
66.3125
64.9375
63.6875
62.5625
61.75
60.9375
60.1875
59.5625
58.9375
58.375
57.75
57.1875
56.625
56.0625
55.625
55.125
54.5625
54.0
53.5625
53.3125
53.8125
58.1875
70.6875
90.9375
113.0625
131.1875
142.875
146.9375
144.5625
138.3125
130.625
122.6875
114.75
107.0625
99.5625
92.0625
84.75
78.25
73.9375
72.5625
73.0
74.5
75.9375
76.5
76.125
75.0
73.25
71.25
69.1875
67.25
65.5625
64.125
62.75
61.6875
60.75
60.0
59.3125
58.75
58.3125
57.8125
57.3125
56.875
56.4375
56.0
55.5625
55.0625
54.625
54.125
53.6875
53.25
52.875
52.5
52.3125
54.5
63.5
82.25
106.3125
128.625
145.0625
153.3125
153.3125
148.125
140.5625
132.25
123.3125
114.0
105.125
97.0625
89.875
83.375
78.0625
75.0
74.5625
75.6875
77.3125
78.4375
78.5625
77.75
76.1875
74.1875
72.0
69.875
67.875
66.125
64.625
63.25
62.1875
61.3125
60.5
59.8125
59.3125
58.8125
58.3125
57.75
57.1875
56.6875
56.1875
55.5625
55.0
54.4375
53.9375
53.5
53.0625
52.6875
52.25
51.9375
51.5
51.3125
51.125
50.9375
50.6875
50.4375
50.1875
50.0
50.0625
52.5
63.1875
84.5
111.0625
135.875
154.0
162.3125
162.25
157.5
150.4375
142.1875
132.6875
122.75
113.1875
104.9375
97.8125
91.5625
85.8125
81.3125
79.0625
78.8125
79.625
80.5625
81.0625
80.625
79.4375
77.6875
75.5625
73.5
71.5
69.6875
68.0
66.625
65.4375
64.4375
63.5625
62.75
62.0625
61.4375
60.75
60.125
59.5625
59.0
58.5625
58.1875
57.5625
56.875
56.125
55.4375
54.625
53.875
53.1875
52.625
52.125
51.9375
52.8125
58.5625
73.4375
95.5
118.625
137.6875
149.75
153.3125
151.125
145.875
139.4375
132.6875
125.75
118.375
110.8125
103.0625
95.25
87.625
81.0
77.0
75.75
76.125
77.3125
78.25
78.4375
77.6875
76.125
74.1875
72.125
70.125
68.25
66.5625
65.0625
63.8125
62.8125
61.8125
60.875
60.125
59.375
58.8125
58.3125
57.8125
57.25
56.625
55.875
55.25
54.6875
54.125
53.625
53.125
52.625
52.25
51.875
51.5
51.0625
50.6875
50.375
50.0
49.625
49.375
49.3125
51.375
60.5625
79.875
104.4375
127.625
144.625
152.3125
151.5625
145.625
136.5625
125.4375
113.75
103.25
94.375
87.1875
81.375
76.8125
73.5
72.4375
73.25
74.9375
76.6875
77.625
77.5
76.3125
74.5
72.375
70.25
68.25
66.4375
64.6875
63.1875
62.0
60.9375
60.0625
59.3125
58.6875
58.1875
57.6875
57.25
56.875
56.25
55.75
55.1875
54.75
54.3125
53.8125
53.3125
52.875
52.5
52.125
51.6875
51.375
50.9375
50.625
50.1875
49.75
49.3125
49.0
48.6875
48.375
48.125
47.875
47.625
47.625
49.5
57.9375
75.875
99.875
124.125
143.25
153.6875
155.6875
152.75
147.375
140.3125
132.1875
123.1875
113.9375
105.25
97.5
90.625
84.6875
79.5625
76.625
76.0
76.75
78.0
78.875
78.9375
78.125
76.625
74.625
72.5
70.6875
69.0
67.4375
66.0625
64.875
63.875
63.0625
62.3125
61.6875
61.0625
60.5625
60.125
59.5625
59.0
58.4375
57.875
57.375
56.875
56.4375
56.0
55.5
55.0
54.6875
54.3125
53.9375
53.625
53.375
53.625
56.6875
67.0
85.5625
107.9375
128.5625
143.6875
151.625
152.8125
149.125
143.25
136.75
129.75
122.25
114.375
106.5
98.6875
91.1875
84.25
78.75
75.8125
75.0625
75.6875
76.875
77.75
77.75
77.0
75.5
73.5625
71.5
69.375
67.4375
65.6875
64.25
62.875
61.6875
60.6875
59.8125
59.0625
58.375
57.75
57.1875
56.625
56.0
55.4375
54.9375
54.5
54.0
53.5
53.0
52.5625
52.125
51.6875
51.25
50.75
50.25
49.8125
49.5
49.0625
48.625
48.25
47.8125
47.5625
47.1875
46.875
46.5625
46.3125
46.6875
50.125
61.875
82.9375
107.75
130.0625
146.0625
153.125
152.0625
146.5625
138.3125
127.8125
116.1875
105.0625
95.75
88.3125
82.5
77.625
73.875
71.8125
71.8125
73.125
74.75
75.875
76.0
75.1875
73.75
71.875
69.875
67.875
66.0625
64.4375
63.0
61.6875
60.5625
59.625
58.875
58.1875
57.5625
57.0
56.5
56.0625
55.5625
55.0
54.5
54.0625
53.5
53.0625
52.5625
52.125
51.6875
51.25
50.875
50.5
50.125
49.75
49.4375
49.125
48.875
48.6875
48.4375
48.25
48.0625
47.9375
47.8125
47.875
49.6875
57.125
72.875
94.125
116.0625
133.75
144.375
147.25
144.375
138.0625
129.875
120.4375
110.5625
101.3125
93.125
86.25
80.5
75.6875
72.5
71.6875
72.375
73.8125
75.25
75.8125
75.5
74.4375
72.75
70.875
69.0625
67.125
65.375
63.875
62.4375
61.3125
60.375
59.4375
58.75
58.25
57.875
57.5
57.125
56.75
56.375
56.0
55.625
55.25
54.8125
54.375
54.0625
53.75
53.3125
52.8125
52.5
52.25
52.625
56.0
66.5625
84.75
106.375
125.9375
140.125
147.5625
148.4375
145.1875
139.875
133.75
127.25
120.125
112.9375
106.0625
99.0625
91.875
84.6875
79.0
76.0625
75.4375
76.125
77.3125
78.125
78.125
77.3125
75.8125
74.0625
72.1875
70.375
68.6875
67.25
65.875
64.75
63.875
63.0625
62.125
61.375
60.625
59.75
58.875
57.9375
57.1875
56.5625
55.9375
55.375
54.8125
54.3125
53.9375
53.4375
52.875
52.375
51.9375
51.5
51.0625
50.5625
50.1875
49.8125
49.375
49.0
48.625
48.25
47.9375
47.625
47.3125
47.0
46.75
46.375
46.0
45.75
45.5
45.25
45.0
44.8125
45.25
49.5625
63.125
85.9375
112.4375
136.4375
152.875
159.75
159.0625
154.125
146.625
137.375
126.8125
116.1875
106.5
98.25
91.3125
85.4375
80.375
76.1875
73.75
73.375
74.125
75.3125
76.125
76.125
75.3125
73.875
72.0625
70.125
68.1875
66.4375
64.875
63.5
62.375
61.375
60.5
59.75
59.0
58.3125
57.75
57.125
56.5
55.9375
55.4375
55.0
54.4375
53.9375
53.5
53.0
52.5625
52.125
51.6875
51.25
50.8125
50.5
50.0625
49.6875
49.3125
49.0
48.6875
48.375
48.0625
47.75
47.4375
47.125
46.875
46.6875
46.5
46.3125
45.9375
45.625
45.4375
45.3125
45.125
44.8125
44.5625
44.5
46.0625
53.0625
68.5
89.8125
112.1875
131.0625
143.25
147.375
145.25
139.625
131.75
122.4375
112.5625
103.125
94.6875
87.4375
81.375
76.25
72.0625
69.9375
70.0
71.375
73.125
74.4375
74.75
74.1875
72.875
71.125
69.25
67.375
65.6875
64.1875
62.9375
61.75
60.875
60.25
59.5625
59.0
58.625
58.25
58.0
57.625
57.25
56.8125
56.25
55.75
55.25
54.75
54.25
53.75
53.375
53.0
52.6875
52.4375
52.1875
51.9375
51.625
51.375
51.125
50.8125
50.5
50.1875
49.875
49.625
49.375
49.1875
48.9375
48.625
48.4375
48.1875
48.0
47.9375
48.875
53.75
66.3125
85.1875
107.0
127.4375
141.75
148.375
149.375
147.25
143.1875
138.0
131.6875
124.25
116.375
108.125
100.0
92.5
85.6875
79.9375
76.0
74.5625
74.6875
75.5
76.25
76.4375
76.0
74.875
73.375
71.6875
69.9375
68.25
66.75
65.25
63.875
62.625
61.5
60.5
59.625
58.875
58.125
57.375
56.6875
56.0625
55.5
55.0
54.5
54.0
53.625
53.125
52.75
52.3125
51.8125
51.375
50.9375
50.5625
50.1875
50.0
51.0
56.375
68.875
87.0
106.5625
123.1875
134.375
138.9375
138.0625
134.0
128.375
121.625
114.4375
107.1875
100.1875
93.375
86.625
80.0625
74.375
70.8125
69.5
69.8125
70.8125
71.875
72.3125
72.0625
71.0
69.4375
67.75
66.125
64.5625
63.0625
61.6875
60.4375
59.4375
58.5625
57.75
57.0625
56.5
55.9375
55.4375
54.9375
54.5
53.9375
53.4375
52.875
52.375
51.875
51.375
50.9375
50.5
50.125
49.6875
49.3125
48.875
48.5625
48.1875
47.875
47.625
47.3125
47.0625
46.8125
46.5625
46.3125
46.0625
45.8125
45.4375
45.1875
44.875
44.625
45.3125
50.3125
63.875
84.5625
107.75
128.375
142.375
147.9375
146.5625
140.875
132.25
122.0
111.1875
101.0625
92.3125
85.25
79.75
75.4375
72.0
69.9375
69.625
70.4375
71.6875
72.625
72.8125
72.25
71.0
69.4375
67.5625
65.75
64.0
62.4375
61.0
59.8125
58.75
57.8125
57.125
56.5625
56.0
55.4375
55.0
54.5625
54.125
53.75
53.125
52.6875
52.25
51.8125
51.5
51.1875
50.9375
50.75
50.4375
50.125
49.9375
50.375
53.75
63.5625
79.75
98.9375
116.875
129.9375
136.5625
137.0625
133.75
128.1875
121.3125
113.9375
106.4375
99.1875
92.3125
85.75
79.5
73.875
70.375
69.0
69.1875
70.3125
71.5
72.125
72.0625
71.1875
69.8125
68.125
66.3125
64.6875
63.25
61.9375
60.8125
59.75
58.875
58.1875
57.5625
57.0
56.4375
55.9375
55.4375
54.9375
54.4375
54.0
53.3125
52.6875
52.0625
51.4375
50.8125
50.125
49.5
49.0
48.5625
48.125
47.6875
47.4375
47.125
46.8125
46.4375
46.0
45.625
45.375
45.0
44.625
44.375
44.1875
44.0
45.625
53.6875
71.125
94.25
118.0
137.0
147.5
149.5625
146.125
139.3125
130.4375
120.5
110.0
100.0625
91.5625
84.5625
79.0
74.625
70.9375
68.8125
68.625
69.4375
70.5625
71.4375
71.5625
70.875
69.625
67.9375
66.125
64.375
62.6875
61.1875
59.875
58.6875
57.5625
56.6875
55.9375
55.1875
54.5
53.9375
53.4375
52.9375
52.4375
51.9375
51.5
50.9375
50.4375
50.0
49.625
49.375
49.125
48.8125
48.625
48.4375
48.25
48.125
47.75
47.5
47.1875
46.9375
46.625
46.375
46.125
45.875
45.625
45.5
45.375
45.3125
45.25
45.1875
45.1875
45.25
45.1875
45.0625
45.0
44.9375
44.8125
44.625
44.5
44.375
44.375
46.4375
54.6875
70.5625
90.9375
112.875
131.0
141.5625
144.6875
142.25
135.875
126.5625
115.6875
104.8125
94.9375
86.8125
80.5
76.0
72.6875
70.125
68.875
69.1875
69.9375
70.8125
71.5
71.25
70.375
69.0
67.4375
65.6875
64.0625
62.5
61.0625
59.8125
58.6875
57.625
56.6875
55.875
55.25
54.75
54.3125
53.6875
53.1875
52.6875
52.1875
51.75
51.3125
50.75
50.1875
49.6875
49.25
48.8125
48.3125
47.9375
47.625
47.3125
47.0625
46.8125
46.5625
47.1875
51.375
62.0
77.9375
96.3125
113.3125
125.625
132.1875
132.6875
129.3125
123.875
117.0625
109.8125
102.4375
95.25
88.5
82.125
76.0625
70.8125
67.375
66.125
66.125
67.0625
68.125
68.8125
68.875
68.25
67.0625
65.6875
64.0625
62.375
60.875
59.5625
58.3125
57.125
56.1875
55.4375
54.75
54.125
53.5625
53.125
52.6875
52.25
51.6875
51.25
50.8125
50.4375
50.0
49.5
49.125
48.6875
48.3125
47.9375
47.5625
47.1875
46.8125
46.5
46.125
45.8125
45.5
45.1875
44.875
44.625
44.3125
44.0625
43.8125
43.625
43.4375
43.1875
42.9375
42.75
42.5
42.25
42.0
41.8125
41.625
41.5
41.3125
41.0625
41.0
41.125
43.5625
52.6875
69.875
91.8125
114.5625
132.1875
141.75
143.9375
140.0
132.3125
121.75
109.8125
98.375
88.4375
80.5625
74.8125
70.875
68.25
66.5625
66.0
66.6875
67.9375
69.125
69.8125
69.8125
69.1875
67.875
66.125
64.25
62.375
60.625
59.125
57.8125
56.6875
55.8125
55.1875
54.625
54.1875
53.8125
53.5625
53.3125
53.0
52.6875
52.3125
51.9375
51.5625
51.0625
50.625
50.125
49.6875
49.1875
48.8125
48.4375
48.0625
47.6875
47.3125
47.0625
46.8125
46.625
46.4375
46.125
45.75
45.4375
45.25
45.0625
44.8125
44.5625
44.1875
43.9375
43.6875
43.5
43.3125
43.125
42.9375
42.8125
42.6875
42.5625
42.5
42.375
43.375
48.5
60.5625
77.8125
97.875
117.0
130.5625
137.4375
138.5
135.375
129.75
122.3125
113.75
104.8125
96.1875
88.5625
82.3125
77.125
72.6875
69.0625
67.0625
66.6875
67.1875
68.125
68.875
68.9375
68.4375
67.4375
66.0
64.375
62.6875
61.0625
59.5625
58.25
57.125
56.125
55.25
54.5
53.875
53.25
52.6875
52.1875
51.6875
51.1875
50.75
50.25
49.8125
49.3125
48.8125
48.4375
48.0625
47.6875
47.3125
46.9375
46.5
46.1875
45.8125
45.375
45.0625
44.75
44.5625
44.3125
44.0625
43.6875
43.375
43.25
43.0
42.875
42.6875
42.4375
42.25
41.9375
41.8125
42.1875
44.875
53.375
68.0625
85.9375
104.0
118.3125
127.125
129.5625
127.0
121.0625
112.5625
102.75
93.125
84.6875
77.75
72.3125
68.125
64.875
62.75
62.375
63.375
64.75
66.125
67.0
67.0625
66.5625
65.5
64.0625
62.4375
60.75
59.125
57.625
56.375
55.1875
54.3125
53.6875
53.125
52.6875
52.25
51.8125
51.375
51.0625
50.625
50.1875
49.75
49.375
48.9375
48.5625
48.1875
47.8125
47.4375
47.0625
46.75
46.4375
46.0625
45.6875
45.4375
45.125
44.75
44.5
44.25
44.0
43.6875
43.375
43.1875
42.9375
42.75
42.5625
42.3125
42.0625
41.9375
41.9375
43.375
49.75
62.8125
80.375
99.9375
117.5625
129.5625
135.25
135.875
133.125
127.5625
119.9375
111.1875
102.3125
94.1875
87.125
81.25
76.3125
72.0625
68.75
67.25
67.25
68.125
69.25
70.125
70.4375
70.0625
68.9375
67.375
65.6875
64.0
62.4375
61.0
59.8125
58.8125
58.0
57.25
56.625
56.125
55.75
55.25
54.8125
54.375
54.0625
53.6875
53.25
52.875
52.375
52.0
51.625
51.1875
50.75
50.375
49.9375
49.5625
49.1875
48.75
48.25
47.875
47.5
47.0625
46.8125
46.625
46.5
47.5
52.75
64.75
81.6875
101.0
119.0
131.9375
138.4375
139.0625
135.625
129.9375
123.0625
115.4375
107.3125
99.1875
91.8125
85.25
79.4375
74.3125
70.375
68.4375
68.25
68.9375
69.8125
70.5
70.6875
70.125
68.875
67.1875
65.4375
63.625
61.9375
60.375
59.0625
57.9375
56.9375
56.0
55.25
54.625
54.0
53.4375
52.9375
52.4375
51.9375
51.5
51.0625
50.8125
51.0625
53.5
60.6875
73.8125
89.9375
104.9375
116.1875
122.25
122.9375
119.625
113.625
106.375
98.9375
91.9375
85.3125
79.0625
72.9375
67.375
63.5625
62.0625
62.1875
63.4375
64.9375
66.0625
66.5625
66.3125
65.375
64.125
62.5
60.9375
59.4375
58.125
56.9375
56.0
55.125
54.375
53.8125
53.3125
52.875
52.4375
52.0
51.5625
51.125
50.6875
50.3125
49.875
49.4375
49.0625
48.6875
48.4375
48.1875
47.8125
47.4375
47.25
47.125
46.9375
46.75
46.5625
46.4375
46.1875
46.0
45.8125
45.75
46.875
53.25
68.75
91.0
114.9375
134.5
145.8125
148.1875
143.6875
134.625
122.9375
110.5
99.0
89.25
81.75
76.375
72.625
70.1875
68.5625
68.25
69.0625
70.375
71.75
72.5
72.3125
71.375
69.875
68.0625
66.125
64.25
62.625
61.125
59.75
58.6875
57.75
57.0
56.25
55.6875
55.125
54.6875
54.25
53.8125
53.5
53.0625
52.625
52.1875
51.6875
51.1875
50.6875
50.25
49.875
49.5
49.125
48.875
48.75
48.625
48.5
48.3125
48.1875
48.25
50.25
58.4375
74.9375
96.375
118.1875
135.75
146.125
149.125
146.6875
141.5
135.375
128.1875
120.0
111.6875
103.4375
95.9375
89.4375
83.4375
78.375
74.8125
73.625
73.875
74.875
75.9375
76.4375
76.0
74.875
73.3125
71.5
69.625
67.875
66.1875
64.75
63.5625
62.5
61.4375
60.5625
59.8125
59.1875
58.5625
58.0
57.375
56.875
56.4375
55.875
55.375
54.8125
54.1875
53.5
52.9375
52.3125
51.625
50.875
50.375
49.875
49.4375
49.0625
48.8125
48.5625
48.25
47.9375
47.5625
47.1875
46.8125
46.4375
46.0625
45.75
45.4375
45.0625
44.75
44.4375
44.1875
44.0625
44.6875
49.625
63.9375
86.3125
111.5625
133.9375
148.5
154.0625
153.375
148.625
141.1875
131.8125
121.3125
110.8125
101.5
93.75
87.5
82.5625
78.3125
74.875
73.125
73.0
73.6875
74.5
75.0
74.8125
73.9375
72.4375
70.5625
68.5
66.5625
64.75
63.25
61.9375
60.75
59.75
59.0
58.3125
57.5625
56.875
56.25
55.6875
55.1875
54.6875
54.1875
53.75
53.3125
52.875
52.375
52.0
51.625
51.1875
50.875
50.5
50.0625
49.75
49.4375
49.25
50.125
54.9375
66.9375
84.9375
104.5
121.375
132.75
137.5625
136.875
132.375
125.625
117.375
108.375
99.4375
91.3125
84.1875
78.0
72.8125
69.3125
68.0
68.4375
69.8125
71.5
72.625
72.8125
72.3125
71.0625
69.375
67.5
65.5625
63.8125
62.3125
61.0
59.8125
58.8125
58.0625
57.375
56.75
56.1875
55.625
55.0625
54.5625
54.0625
53.6875
53.25
52.8125
52.3125
51.875
51.5
51.0625
50.6875
50.4375
50.125
49.8125
49.4375
49.125
48.8125
48.4375
48.0625
47.75
47.4375
47.125
46.875
46.5625
46.1875
45.875
45.625
45.4375
45.25
45.125
44.9375
44.9375
44.875
44.9375
44.9375
44.875
44.8125
44.75
44.625
44.375
44.125
44.0
43.8125
43.75
43.6875
43.5625
43.4375
43.375
43.375
43.375
43.3125
43.3125
43.25
43.1875
43.25
45.0625
53.25
70.5625
93.75
119.0625
140.25
152.875
157.3125
155.625
150.25
142.4375
132.9375
122.0625
110.9375
101.125
93.1875
86.9375
82.3125
78.8125
76.125
74.3125
73.6875
74.0625
74.625
75.25
75.375
74.75
73.5625
71.9375
70.0
68.0
66.125
64.375
62.6875
61.25
60.125
59.125
58.3125
57.6875
57.1875
56.75
56.25
55.6875
55.0625
54.4375
53.8125
53.25
52.6875
52.1875
51.5625
51.0625
50.5
49.9375
49.625
49.4375
49.75
52.5
60.6875
74.75
91.625
107.5625
119.8125
126.6875
128.5625
126.6875
122.375
117.0625
111.5
105.8125
99.9375
93.8125
87.3125
80.5
73.875
68.8125
66.3125
65.75
66.5
67.9375
69.125
69.75
69.5625
68.6875
67.375
65.9375
64.5
63.0
61.6875
60.4375
59.375
58.5
57.8125
57.25
56.8125
56.25
55.6875
55.1875
54.625
54.125
53.6875
53.25
52.9375
52.5625
52.25
52.0
51.6875
51.5
51.25
50.9375
50.6875
50.4375
50.125
49.875
49.5625
49.3125
49.0625
48.75
48.5
48.3125
48.125
47.9375
47.6875
47.5625
47.5
48.0625
51.8125
63.3125
82.6875
105.9375
128.1875
144.125
151.375
151.25
146.625
139.375
130.5
120.625
110.8125
101.875
94.25
87.9375
82.6875
78.5625
75.0625
72.625
71.9375
72.4375
73.375
74.3125
74.5625
74.0625
72.9375
71.25
69.375
67.5
65.75
64.0625
62.6875
61.5
60.5
59.6875
58.9375
58.25
57.625
57.0
56.4375
56.0
55.5625
55.0
54.4375
54.0
53.5625
53.0
52.4375
51.9375
51.5
51.0625
50.625
50.125
49.875
49.6875
49.6875
51.875
60.0
75.25
94.875
114.375
129.6875
138.6875
140.8125
138.375
133.75
127.9375
121.3125
114.1875
106.4375
98.75
91.625
85.0
78.9375
73.9375
71.1875
70.5
71.1875
72.4375
73.5625
74.0625
73.6875
72.625
71.0
69.25
67.4375
65.6875
64.125
62.75
61.5
60.5
59.5625
58.75
58.0625
57.5625
57.0
56.4375
55.9375
55.4375
54.9375
54.375
53.875
53.4375
52.875
52.5
52.0
51.5625
51.1875
50.75
50.4375
50.0
49.6875
49.4375
49.0625
48.8125
48.4375
48.0625
47.75
47.5
47.1875
46.9375
46.75
47.4375
52.1875
65.625
86.875
110.9375
132.125
146.5
152.5
151.625
146.0
137.5625
127.4375
116.5625
106.3125
97.3125
89.9375
84.0625
79.625
76.0
73.375
72.4375
72.875
73.9375
75.0
75.5
75.125
73.9375
72.375
70.5625
68.6875
66.6875
64.9375
63.4375
62.0625
60.8125
59.75
58.875
58.125
57.4375
56.9375
56.4375
56.0
55.5625
55.25
54.6875
54.25
53.875
53.5
53.1875
52.9375
52.6875
52.4375
52.125
51.8125
51.4375
51.0625
50.625
50.25
49.875
49.5625
49.25
48.9375
48.6875
48.4375
48.25
48.125
47.875
47.5625
47.3125
47.0625
46.875
47.375
51.8125
64.25
83.75
106.625
128.0
143.125
150.125
150.3125
146.375
140.3125
132.875
124.3125
115.75
107.375
99.5
92.4375
86.4375
81.25
77.0625
74.625
74.125
74.625
75.6875
76.5
76.5625
75.875
74.5625
72.8125
70.8125
68.8125
67.0625
65.25
63.5
62.0625
60.875
60.0
59.1875
58.5
57.875
57.375
56.8125
56.1875
55.5625
54.9375
54.3125
53.6875
53.125
52.625
52.0625
51.5625
51.0
50.4375
50.0
49.625
49.25
48.8125
48.375
48.0
47.625
47.1875
46.8125
46.5
46.4375
47.25
52.125
64.75
84.0
105.1875
124.0625
137.375
143.25
142.75
138.375
131.9375
124.375
115.75
106.6875
98.25
90.9375
84.6875
79.3125
74.75
71.8125
71.1875
72.0625
73.375
74.5625
75.0
74.6875
73.5625
71.9375
70.25
68.5
66.8125
65.1875
63.875
62.75
61.8125
61.125
60.375
59.8125
59.3125
58.875
58.4375
57.9375
57.5
57.0625
56.5625
56.0
55.5
55.0625
54.6875
54.25
53.8125
53.3125
52.875
52.4375
52.0625
51.6875
51.3125
50.875
50.625
50.375
50.125
49.875
49.5625
49.1875
48.875
48.4375
48.0
47.5
47.125
46.75
46.3125
46.0
45.75
45.5625
45.3125
45.0625
44.75
44.4375
44.1875
43.9375
43.6875
43.5
43.25
43.0
42.875
43.125
46.3125
57.1875
76.125
99.375
122.4375
140.1875
149.9375
152.25
149.625
143.4375
134.5
124.25
113.6875
103.6875
95.125
88.25
82.9375
78.875
75.625
73.25
72.375
72.8125
73.6875
74.5
74.6875
74.125
72.9375
71.3125
69.4375
67.4375
65.6875
64.0625
62.6875
61.4375
60.375
59.4375
58.625
57.875
57.25
56.625
56.125
55.625
55.0625
54.5625
54.0625
53.5625
53.1875
52.6875
52.3125
51.9375
51.5625
51.125
50.6875
50.25
49.8125
49.5
49.375
50.625
56.0
67.875
84.625
102.6875
118.0625
128.375
132.5
131.4375
127.5
122.25
116.5
110.75
104.9375
98.75
92.1875
85.4375
78.8125
73.0625
69.5625
68.375
68.625
69.75
70.9375
71.625
71.5625
70.625
69.25
67.625
65.875
64.25
62.75
61.4375
60.25
59.1875
58.375
57.625
56.875
56.3125
55.8125
55.3125
54.8125
54.3125
53.8125
53.3125
52.75
52.25
51.75
51.3125
50.875
50.5
50.125
49.6875
49.375
49.0625
48.6875
48.375
48.0625
47.75
47.375
47.0625
46.75
46.4375
46.125
45.8125
45.5625
45.1875
44.9375
44.6875
44.4375
44.25
44.0
43.75
43.5625
43.4375
43.3125
43.125
42.875
42.75
42.5625
42.5
42.3125
42.125
41.9375
41.875
41.75
41.5625
41.375
41.3125
41.1875
41.0625
41.8125
46.625
59.625
79.75
103.75
126.4375
141.6875
148.625
148.875
144.0625
135.5625
124.8125
112.9375
101.625
92.4375
85.3125
80.125
76.8125
74.4375
72.5
71.25
71.25
72.125
72.9375
73.3125
73.1875
72.375
71.0625
69.4375
67.6875
65.9375
64.4375
63.0
61.6875
60.625
59.6875
58.875
58.0
57.1875
56.4375
55.6875
54.875
54.0625
53.4375
52.875
52.375
51.875
51.5
51.1875
50.8125
50.375
49.875
49.375
48.9375
48.875
50.1875
55.6875
67.125
82.625
98.9375
112.5625
121.3125
125.125
124.9375
122.1875
117.9375
112.875
107.375
101.5
95.3125
88.8125
81.9375
75.125
69.375
66.125
65.0625
65.5
66.8125
68.125
68.9375
68.9375
68.3125
67.125
65.5625
64.0625
62.5625
61.1875
59.9375
58.75
57.75
56.9375
56.125
55.375
54.8125
54.3125
53.875
53.3125
52.875
52.5
52.25
53.5
59.1875
71.75
89.25
107.3125
121.6875
130.4375
132.875
130.0
124.0
116.5625
108.625
100.75
93.5
86.75
80.375
74.625
69.5
66.1875
65.125
65.625
67.0
68.5
69.3125
69.3125
68.5
67.25
65.625
63.875
62.1875
60.5
59.0625
57.9375
57.0
56.125
55.375
54.6875
54.0625
53.625
53.1875
52.6875
52.25
51.875
51.4375
50.9375
50.4375
50.0625
49.6875
49.1875
48.8125
48.4375
48.0625
47.75
47.375
47.0625
46.75
46.4375
46.125
45.8125
45.5625
45.25
44.9375
44.6875
44.5
45.1875
50.4375
65.0625
87.625
113.0
134.875
148.125
152.3125
150.125
144.3125
135.75
124.8125
112.75
101.5
92.125
84.9375
79.75
76.125
73.3125
71.125
70.375
70.9375
71.6875
72.625
72.875
72.4375
71.5
69.9375
68.25
66.5
64.75
63.1875
61.75
60.5
59.375
58.5
57.625
56.9375
56.4375
55.9375
55.625
55.25
54.9375
54.5625
54.1875
53.8125
53.4375
53.0625
52.75
52.375
52.0
51.6875
52.0
55.4375
65.6875
82.6875
102.625
121.0625
134.25
140.375
140.1875
136.125
130.0625
123.125
115.875
108.375
101.0
94.125
87.4375
81.0625
75.375
71.3125
69.625
69.5625
70.4375
71.5625
72.25
72.25
71.625
70.3125
68.625
66.875
65.125
63.4375
61.6875
60.125
58.875
57.875
57.0625
56.3125
55.75
55.1875
54.6875
54.125
53.5
52.9375
52.375
51.875
51.3125
50.75
50.1875
49.6875
49.25
48.8125
48.3125
47.8125
47.5
47.1875
46.8125
46.4375
46.1875
45.875
45.5
45.1875
45.0
44.8125
44.5625
44.3125
44.0625
43.75
43.4375
43.1875
42.875
42.625
42.375
42.0
41.75
41.5625
41.4375
42.0
46.875
61.25
84.125
110.0625
132.875
147.375
152.4375
150.4375
143.5625
133.0625
120.4375
107.875
97.125
88.6875
82.5
78.125
75.0625
72.625
70.625
69.6875
70.125
70.9375
71.875
72.375
72.0
71.125
69.6875
67.875
66.125
64.4375
63.0
61.5625
60.3125
59.25
58.4375
57.75
57.0625
56.5625
56.125
55.6875
55.3125
54.875
54.5
54.125
53.6875
53.25
52.875
52.4375
52.0625
51.625
51.25
50.9375
50.625
50.25
49.9375
49.625
49.25
48.9375
48.625
48.375
48.0625
47.875
47.5625
47.125
46.75
46.375
46.0
45.5
45.0
44.5625
44.3125
44.0
43.6875
43.5
43.375
43.25
43.125
42.9375
42.6875
42.4375
42.3125
42.875
47.1875
59.0
77.375
99.6875
121.4375
136.625
143.5625
144.375
141.5625
136.25
129.25
120.5
110.9375
101.5625
93.1875
86.1875
80.5625
75.9375
72.125
69.625
69.0
69.5
70.5
71.375
71.6875
71.25
70.0625
68.4375
66.75
64.9375
63.1875
61.625
60.25
59.125
58.125
57.1875
56.4375
55.75
55.1875
54.625
54.0625
53.5
53.0
52.5
52.0
51.5
51.0625
50.625
50.1875
49.75
49.375
49.0
48.6875
48.3125
47.9375
47.5625
47.25
46.875
46.5625
46.1875
45.875
45.5
45.125
44.8125
44.5
44.1875
44.0
43.8125
43.8125
45.375
51.875
65.375
83.625
103.625
121.0
132.0
136.25
135.4375
131.375
124.9375
116.5625
107.3125
98.5625
90.75
84.0625
78.4375
73.5
69.5
67.1875
66.8125
67.5625
68.8125
69.875
70.3125
70.0
69.0625
67.6875
66.0
64.25
62.5
60.9375
59.5625
58.3125
57.3125
56.375
55.625
54.9375
54.375
53.8125
53.3125
52.8125
52.375
51.9375
51.5
51.0
50.6875
50.3125
49.8125
49.375
48.9375
48.625
48.3125
48.0
47.625
47.375
47.6875
50.5625
59.375
74.375
92.6875
110.5
124.4375
132.625
134.25
131.1875
125.5625
118.625
111.0
103.3125
95.875
89.125
83.0
77.375
72.375
68.8125
67.375
67.4375
68.375
69.625
70.4375
70.625
70.125
68.875
67.4375
65.8125
64.125
62.5625
61.125
59.9375
58.75
57.75
56.875
56.1875
55.625
55.125
54.8125
54.4375
54.0
53.625
53.3125
52.8125
52.25
51.75
51.25
50.875
50.375
50.0
49.625
49.25
48.875
48.5625
48.3125
48.0625
47.6875
47.375
47.0625
46.9375
46.875
47.3125
51.0625
62.375
80.9375
102.875
123.5
138.1875
145.0625
145.0
140.5625
133.8125
125.8125
117.0625
107.8125
98.9375
91.125
84.6875
79.4375
74.9375
71.4375
69.6875
69.75
70.375
71.3125
71.875
71.8125
71.0
69.6875
67.9375
66.0625
64.1875
62.375
60.875
59.5625
58.375
57.375
56.5
55.75
55.25
54.8125
54.375
53.875
53.3125
52.8125
52.3125
51.75
51.25
50.75
50.25
49.75
49.25
48.875
48.5
48.0625
47.75
47.4375
47.125
46.9375
46.75
46.625
46.375
46.125
46.0
46.0625
47.1875
53.0625
66.6875
86.0
106.9375
124.625
135.875
139.9375
137.9375
131.9375
123.3125
113.3125
103.1875
93.75
85.75
79.25
74.0625
70.1875
67.6875
66.9375
67.5625
69.0625
70.625
71.5625
71.5
70.625
69.125
67.375
65.5
63.6875
61.9375
60.375
59.125
57.875
56.9375
56.1875
55.625
55.0625
54.5625
54.1875
53.875
53.3125
52.8125
52.4375
52.0
51.5
51.0
50.5
50.0625
49.625
49.125
48.75
48.3125
47.9375
47.625
47.25
46.875
46.625
46.375
46.0625
45.75
45.5625
45.375
45.125
44.875
44.625
44.375
44.0625
43.8125
43.625
43.3125
43.0625
42.8125
42.5625
42.375
42.25
42.0625
41.875
41.6875
41.5625
41.5
41.5625
43.0625
50.1875
65.8125
87.4375
111.3125
131.1875
143.0625
147.5
146.25
141.3125
134.25
125.0
114.1875
103.5625
94.25
86.625
80.75
76.375
73.125
70.6875
69.6875
70.125
71.1875
72.25
72.9375
72.9375
72.25
70.875
69.25
67.5
65.8125
64.25
62.75
61.5
60.4375
59.4375
58.6875
57.9375
57.25
56.5625
56.0625
55.5
55.0625
54.5625
54.0
53.5625
53.1875
52.625
52.125
51.6875
51.5
52.3125
56.5625
66.875
82.0625
99.0625
114.125
124.625
129.75
129.6875
126.375
121.625
116.1875
110.375
104.375
98.1875
91.75
85.0
78.25
72.1875
68.1875
66.5625
66.375
67.25
68.4375
69.375
69.5625
68.9375
67.6875
66.1875
64.625
63.125
61.6875
60.3125
59.0625
57.9375
56.9375
56.0625
55.3125
54.625
54.0
53.4375
52.875
52.375
51.9375
51.5
51.125
50.6875
50.25
49.8125
49.375
48.875
48.5
48.125
47.6875
47.3125
47.0
46.6875
46.4375
46.0625
45.75
45.4375
45.1875
45.1875
47.3125
56.125
74.0
96.75
118.9375
135.625
143.875
143.75
138.25
129.5625
118.9375
107.875
97.75
88.9375
81.9375
76.5
72.375
69.3125
67.125
66.625
67.5625
69.125
70.6875
71.625
71.5
70.75
69.3125
67.625
65.8125
64.0625
62.4375
60.875
59.5625
58.375
57.4375
56.6875
56.0
55.5
55.0
54.625
54.25
53.8125
53.3125
52.8125
52.375
51.875
51.4375
51.0
50.5625
50.1875
49.875
49.5
49.125
48.6875
48.375
48.125
47.8125
47.5
47.125
46.8125
46.5625
46.5
47.375
52.625
65.875
85.5
107.3125
126.625
139.9375
145.375
144.6875
140.5625
134.5
127.125
118.8125
110.0
101.375
93.625
86.875
81.0
76.0
72.6875
71.5
71.8125
72.75
73.6875
74.125
73.8125
72.875
71.375
69.625
67.875
66.125
64.5
63.0625
61.8125
60.75
59.75
58.9375
58.125
57.4375
56.8125
56.375
55.9375
55.5625
55.1875
54.875
54.4375
54.0625
53.6875
53.3125
52.9375
52.5
52.1875
51.8125
51.375
51.0
50.6875
50.4375
50.125
49.875
49.625
49.375
49.1875
49.0
48.75
48.5625
48.375
48.5625
51.1875
61.125
79.4375
102.3125
125.25
142.75
152.25
153.75
150.4375
144.375
136.4375
127.75
118.6875
109.5
100.9375
93.5625
87.375
82.1875
77.9375
75.375
74.6875
75.0625
76.0
76.75
76.75
76.0625
74.875
73.25
71.375
69.4375
67.625
65.875
64.125
62.625
61.5
60.5
59.75
59.0
58.375
57.875
57.375
56.875
56.25
55.5625
54.875
54.1875
53.625
53.0625
52.625
52.125
51.625
51.125
50.75
50.4375
50.0625
49.5625
49.1875
48.75
48.4375
48.125
47.8125
47.5
47.25
46.9375
46.625
46.3125
46.0
46.0625
48.5625
57.875
75.4375
97.5625
119.4375
136.8125
146.5
148.375
145.4375
139.5625
132.0625
123.3125
114.0625
105.1875
97.1875
90.4375
84.5625
79.3125
74.6875
71.9375
71.375
72.0
73.3125
74.375
74.625
74.0
72.6875
71.0
69.1875
67.3125
65.5625
64.0
62.5
61.375
60.375
59.5625
58.8125
58.1875
57.625
57.125
56.6875
56.1875
55.6875
55.1875
54.75
54.3125
53.875
53.5
53.0625
52.6875
52.25
51.8125
51.375
51.0
50.625
50.1875
49.8125
49.4375
49.125
49.625
53.8125
65.5
84.125
105.375
124.3125
137.5625
143.375
142.875
138.6875
132.6875
125.5
117.1875
108.5
100.0625
92.4375
85.8125
80.0625
75.0
71.625
70.5625
71.125
72.375
73.6875
74.3125
74.0625
73.0625
71.5625
69.75
67.875
66.0625
64.375
63.0
61.75
60.5625
59.625
58.875
58.1875
57.5
57.0
56.5
56.0
55.5625
55.0
54.5
54.0
53.5
53.0
52.5
52.0625
51.6875
51.1875
50.8125
50.4375
50.1875
49.875
49.6875
49.375
49.1875
49.0
48.875
48.75
48.5625
48.25
48.0
47.75
47.6875
49.0
55.8125
71.5
93.6875
117.4375
137.6875
150.6875
155.3125
153.9375
149.375
143.125
135.5
126.5
116.6875
107.5625
99.375
92.4375
86.6875
81.8125
78.0625
76.375
76.3125
77.0
77.8125
78.125
77.75
76.625
75.0625
73.1875
71.1875
69.25
67.5625
66.125
64.8125
63.6875
62.75
61.9375
61.125
60.5
59.9375
59.375
58.8125
58.125
57.375
56.75
56.125
55.3125
54.4375
53.6875
53.1875
52.6875
52.125
51.625
51.3125
51.0625
50.6875
50.5625
52.8125
61.5
78.1875
99.25
119.5
135.0625
144.0625
146.0
143.1875
138.0
131.625
124.8125
117.6875
110.375
103.1875
95.875
88.9375
82.25
76.4375
73.0625
72.25
72.8125
73.9375
74.9375
75.125
74.5625
73.1875
71.375
69.375
67.5625
65.875
64.3125
62.9375
61.6875
60.6875
59.75
59.0
58.25
57.625
57.0625
56.5625
56.0
55.4375
54.9375
54.375
53.875
53.375
52.875
52.375
51.9375
51.5
51.125
50.6875
50.25
49.875
49.5
49.125
48.75
48.375
48.125
47.875
47.6875
47.4375
47.1875
47.125
47.8125
52.75
66.5
88.125
112.0625
132.8125
146.625
151.75
149.875
143.125
133.3125
122.0
110.8125
100.625
92.1875
85.4375
80.25
76.1875
73.0
71.375
71.5625
72.75
74.1875
75.25
75.4375
74.625
73.125
71.1875
69.1875
67.3125
65.5
63.9375
62.5
61.3125
60.3125
59.4375
58.6875
58.0625
57.5
57.0625
56.5625
56.0625
55.5625
55.125
54.6875
54.125
53.625
53.1875
52.75
52.25
51.8125
51.3125
51.0
50.75
51.4375
55.75
67.5
86.25
107.375
126.0625
139.0
144.5625
144.0
139.8125
133.9375
127.3125
120.375
113.25
106.1875
99.25
92.1875
85.1875
78.8125
74.5
72.875
73.125
74.4375
75.9375
76.6875
76.6875
75.6875
74.1875
72.4375
70.375
68.375
66.625
65.1875
64.0625
63.0
62.125
61.375
60.75
60.25
59.8125
59.3125
58.8125
58.4375
58.5625
61.125
70.0
86.75
107.3125
125.875
138.75
144.6875
144.375
140.25
134.0625
126.6875
119.125
111.8125
104.6875
97.625
90.4375
83.25
77.375
74.125
73.3125
74.0
75.4375
76.75
77.1875
76.6875
75.3125
73.5
71.5625
69.8125
68.125
66.375
64.75
63.4375
62.3125
61.1875
60.125
59.25
58.5625
57.875
57.3125
56.8125
56.375
56.0
55.375
54.8125
54.3125
53.75
53.1875
52.625
52.8125
56.625
70.1875
94.0625
120.75
143.25
157.1875
160.75
157.375
150.375
141.1875
130.9375
120.4375
110.6875
101.875
94.25
87.75
82.125
77.5
75.1875
75.125
76.3125
77.75
78.6875
78.625
77.5625
75.75
73.5625
71.3125
69.1875
67.1875
65.4375
64.0625
62.9375
61.9375
61.0
60.25
59.6875
59.0625
58.5
57.9375
57.375
56.8125
56.25
55.625
55.0625
54.5
54.0625
53.5625
53.0
52.5625
52.1875
51.8125
51.375
50.9375
50.625
50.3125
49.9375
49.5625
49.1875
48.9375
48.875
50.3125
58.25
77.375
103.5625
129.0625
148.6875
158.8125
159.1875
153.0
143.25
131.5
119.1875
107.875
98.5
91.25
85.6875
81.375
77.875
75.5
75.25
76.4375
78.0
79.1875
79.3125
78.4375
76.75
74.6875
72.5
70.3125
68.3125
66.625
65.0625
63.75
62.75
61.875
61.125
60.5
59.9375
59.4375
59.0
58.4375
57.9375
57.5
56.875
56.25
55.6875
55.1875
54.6875
54.25
53.75
53.3125
52.9375
52.5625
52.125
51.8125
51.4375
51.0625
50.6875
50.375
50.0625
50.0625
52.1875
61.3125
80.6875
106.0
130.4375
149.3125
159.25
160.875
157.4375
151.25
144.0625
136.1875
127.4375
118.1875
109.0625
100.75
93.375
87.0
82.3125
80.125
80.0625
81.0
82.1875
82.6875
82.25
81.0
79.125
77.0
74.8125
72.875
71.125
69.5625
68.25
67.0
65.9375
65.125
64.4375
63.75
63.0625
62.5
61.875
61.25
60.625
60.125
59.5625
59.0
58.4375
57.9375
57.4375
57.0
56.5625
56.25
57.125
62.6875
77.1875
99.3125
122.75
141.8125
153.75
157.625
155.625
150.5
143.75
136.3125
128.5625
120.9375
113.125
105.3125
97.4375
89.5
82.625
78.5
77.25
77.875
79.1875
80.3125
80.6875
80.0
78.5
76.5
74.3125
72.125
70.125
68.4375
66.875
65.5
64.25
63.125
62.125
61.3125
60.625
60.0
59.4375
58.8125
58.25
57.6875
57.0625
56.5
55.875
55.375
54.9375
54.4375
53.9375
53.5625
53.0625
52.625
52.3125
52.375
55.9375
68.5
91.0
117.0
139.5625
154.75
160.25
158.625
152.625
143.8125
133.8125
123.75
114.1875
105.4375
97.625
90.6875
84.5
79.625
77.25
77.1875
78.4375
80.0
80.875
80.625
79.375
77.4375
75.125
72.8125
70.625
68.75
67.125
65.6875
64.4375
63.3125
62.4375
61.6875
61.0625
60.375
59.8125
59.375
58.75
58.0625
57.375
56.875
56.3125
55.75
55.1875
54.6875
54.125
53.6875
53.375
52.875
52.375
52.0
51.625
51.3125
50.9375
50.5625
50.1875
49.9375
49.625
49.375
49.125
49.0
50.3125
57.75
75.875
101.375
127.0625
147.625
159.0625
160.5625
156.0
148.375
138.8125
128.0625
117.0
106.8125
98.125
91.1875
85.625
81.0
78.0
77.4375
78.375
80.0625
81.375
81.625
80.9375
79.375
77.125
74.75
72.5
70.375
68.375
66.6875
65.25
64.1875
63.25
62.4375
61.6875
61.125
60.75
60.125
59.625
59.125
58.5625
57.9375
57.25
56.8125
56.25
55.8125
55.375
55.0625
54.75
54.4375
54.0625
53.8125
53.5
53.125
52.75
52.4375
52.0625
51.75
51.5
51.3125
51.0625
50.875
50.75
50.9375
53.5
63.4375
83.1875
108.375
132.9375
151.6875
161.4375
163.0625
159.4375
153.125
145.8125
137.6875
129.0
120.4375
112.375
104.9375
97.875
91.25
85.25
81.4375
80.25
80.625
81.6875
82.5
82.4375
81.4375
79.8125
77.8125
75.625
73.4375
71.4375
69.75
68.3125
67.0
65.9375
65.0
64.125
63.3125
62.5625
61.75
60.875
59.9375
59.0625
58.3125
57.6875
57.0
56.5
56.0
55.5625
55.0625
54.5
54.0
53.4375
52.875
52.4375
51.9375
51.4375
51.0625
50.625
50.1875
49.75
49.375
49.125
49.0
50.125
56.8125
72.875
95.875
119.6875
139.375
151.6875
155.6875
154.125
149.3125
142.875
135.375
127.0
118.1875
109.4375
101.125
93.4375
86.5
80.9375
77.8125
77.1875
77.9375
79.1875
79.9375
79.8125
78.8125
77.0625
75.0
72.875
70.875
68.9375
67.25
65.75
64.5625
63.4375
62.5625
61.8125
61.0625
60.375
59.8125
59.25
58.75
58.125
57.4375
56.9375
56.375
55.8125
55.25
54.8125
54.3125
53.875
53.375
52.875
52.4375
52.0
51.5
51.0625
50.75
50.4375
50.8125
54.5625
66.125
85.625
108.375
128.5625
142.3125
148.125
147.375
143.0
136.375
128.375
119.6875
110.9375
102.5625
94.6875
87.375
80.75
75.625
73.0625
72.9375
74.3125
76.0625
77.1875
77.375
76.625
75.125
73.1875
71.0625
69.0625
67.1875
65.5
64.125
62.875
61.875
61.0
60.25
59.5
58.9375
58.4375
57.875
57.3125
56.6875
56.0625
55.5
54.9375
54.4375
53.9375
53.4375
52.9375
52.5
52.125
51.8125
51.4375
51.0
50.6875
50.5
50.125
49.8125
49.5
49.125
48.8125
48.4375
48.0
47.6875
47.375
47.125
46.9375
46.8125
46.8125
47.6875
53.1875
68.0
90.5625
115.5
137.1875
151.25
156.3125
154.5
148.4375
140.0625
130.3125
120.125
110.6875
102.5
95.1875
89.0
83.625
79.375
76.9375
76.6875
77.5
78.75
79.5625
79.5
78.4375
76.8125
74.8125
72.6875
70.6875
68.8125
67.125
65.75
64.5
63.5
62.625
61.875
61.1875
60.625
60.125
59.5625
58.9375
58.375
57.875
57.4375
57.25
58.6875
64.375
76.375
92.875
109.4375
122.0625
129.1875
130.75
128.25
123.5
117.875
112.0
106.1875
99.75
92.6875
85.25
77.75
72.0625
69.125
68.375
69.125
70.5
71.75
72.3125
72.0
70.9375
69.375
67.6875
66.0
64.375
62.9375
61.625
60.375
59.375
58.5
57.75
57.0625
56.4375
55.875
55.25
54.6875
54.125
53.5625
53.125
52.8125
53.0625
57.0
69.5
90.5625
113.75
133.0625
145.375
149.0
145.0625
137.125
127.3125
117.1875
107.3125
98.3125
90.375
83.4375
77.5625
73.0
70.75
70.8125
72.0
73.75
75.0
75.1875
74.5
73.0625
71.125
69.0625
67.125
65.3125
63.625
62.1875
61.0
60.0625
59.3125
58.625
58.0
57.4375
56.9375
56.5
56.0625
55.5625
55.125
54.6875
54.25
53.875
53.5
53.0
52.5625
52.125
51.75
51.375
50.9375
50.5625
50.125
49.75
49.375
49.0
48.75
48.4375
48.125
47.8125
47.5
47.25
47.0625
46.75
46.5
46.375
47.3125
53.6875
70.8125
96.5
123.5
145.75
158.6875
161.5625
157.25
148.625
137.375
124.8125
112.625
101.6875
92.625
85.6875
80.6875
77.0625
74.5625
73.6875
74.5
75.875
77.1875
77.75
77.25
76.125
74.3125
72.1875
70.125
68.0
66.0
64.25
62.75
61.5
60.4375
59.6875
58.9375
58.3125
57.75
57.3125
56.875
56.4375
55.9375
55.4375
54.875
54.375
53.9375
53.5
53.25
53.0
52.625
52.1875
51.9375
51.8125
52.8125
58.3125
71.9375
92.1875
113.6875
131.5
142.875
146.6875
144.75
139.9375
133.625
126.6875
119.25
111.5625
103.9375
96.375
89.1875
82.25
76.6875
73.75
73.125
73.9375
75.3125
76.25
76.4375
75.75
74.375
72.625
70.6875
68.8125
67.0625
65.5
64.25
63.0
62.0
61.1875
60.5
60.0
59.5
58.875
58.1875
57.625
57.0625
56.375
55.8125
55.4375
54.8125
54.25
53.8125
54.75
60.75
75.75
97.9375
121.0625
139.5
150.125
151.9375
148.0
141.8125
134.375
126.625
118.9375
111.0
102.9375
95.0
87.5625
80.6875
75.375
72.8125
72.375
73.25
74.625
75.5
75.5
74.75
73.25
71.3125
69.3125
67.375
65.625
63.9375
62.5625
61.3125
60.25
59.25
58.5
57.875
57.1875
56.625
56.0
55.5
54.9375
54.375
53.875
53.375
52.9375
52.4375
51.875
51.4375
51.1875
51.1875
54.0625
65.125
85.6875
109.8125
130.875
145.25
150.9375
149.25
143.0
134.0
123.625
113.125
103.3125
94.6875
87.4375
81.125
75.8125
72.125
71.0625
71.75
73.375
74.9375
75.75
75.6875
74.625
73.0
70.9375
68.9375
67.0
65.0625
63.4375
62.0625
60.875
59.875
59.0
58.3125
57.6875
57.1875
56.75
56.375
55.875
55.3125
54.75
54.1875
53.75
53.25
52.8125
52.375
51.9375
51.5625
51.0625
50.75
50.4375
50.0
49.625
49.3125
48.9375
48.625
48.3125
48.0
47.8125
47.5
47.1875
46.8125
46.5625
46.3125
46.1875
46.8125
52.125
67.75
92.625
120.125
143.25
157.875
162.8125
160.375
154.0
145.1875
134.1875
121.9375
110.6875
101.0
93.0625
86.75
81.75
77.5625
74.75
73.9375
74.5
75.625
76.6875
77.0
76.4375
75.0625
73.1875
71.0625
69.0625
67.1875
65.5625
64.125
63.0
62.0
61.1875
60.4375
59.9375
59.375
58.875
58.3125
57.8125
57.3125
56.875
56.375
55.875
55.375
54.9375
54.5625
54.1875
53.875
53.5625
53.1875
52.8125
52.5
52.1875
51.875
51.5625
51.1875
50.875
50.5625
50.3125
50.0
49.6875
49.4375
49.1875
48.9375
48.5625
48.25
48.0
47.75
47.5
48.125
53.1875
67.1875
88.6875
113.375
135.375
150.0
156.3125
156.0
151.8125
145.25
137.25
128.0625
118.625
109.3125
100.625
93.25
86.625
80.75
76.3125
74.25
74.125
74.875
75.8125
76.25
76.0625
75.0625
73.5625
71.75
69.75
67.875
66.25
64.75
63.375
62.25
61.1875
60.1875
59.375
58.625
57.9375
57.3125
56.6875
56.0625
55.4375
54.75
54.25
53.6875
53.1875
52.625
52.1875
51.75
51.375
50.9375
50.5
50.125
49.6875
49.3125
48.9375
48.5
48.1875
47.875
47.4375
47.0625
46.8125
46.625
47.4375
52.625
66.125
86.1875
107.9375
127.125
140.0625
144.6875
142.875
137.6875
130.6875
122.375
113.1875
103.9375
95.0625
87.1875
80.25
74.5625
70.6875
69.4375
69.875
71.375
73.0
74.0
74.0
73.1875
71.625
69.8125
68.0
66.1875
64.5625
63.0625
61.8125
60.75
59.8125
59.0
58.1875
57.5
57.0
56.4375
55.875
55.3125
54.75
54.1875
53.6875
53.1875
52.625
52.1875
51.6875
51.3125
50.875
50.5
50.0625
49.625
49.3125
48.9375
48.5625
48.1875
47.875
47.5625
47.3125
47.0
46.6875
46.375
46.1875
45.875
45.5625
45.25
45.0625
44.8125
44.5
44.25
44.0625
43.875
43.625
43.375
43.25
43.375
45.625
54.4375
71.75
94.3125
117.9375
137.0
148.0
150.875
148.1875
142.125
134.0
124.5
114.125
104.0
95.375
88.25
82.4375
77.625
74.0
72.25
72.0625
72.75
73.75
74.25
74.1875
73.5
72.25
70.75
69.125
67.375
65.6875
64.1875
62.875
61.6875
60.6875
59.8125
59.0625
58.375
57.875
57.4375
56.9375
56.5625
56.1875
55.75
55.375
54.9375
54.375
53.875
53.5
53.125
52.75
52.4375
52.0625
51.6875
51.3125
50.875
50.5
50.1875
49.8125
49.5625
49.3125
49.0625
48.875
48.5
48.25
48.0
47.75
47.5625
47.3125
47.0
46.8125
46.875
48.625
55.9375
70.5625
90.1875
111.625
130.0625
142.0625
146.5625
145.375
141.3125
135.5
128.5
120.6875
112.0625
103.625
96.0
89.0
82.875
77.3125
73.125
71.25
71.0625
71.8125
72.8125
73.3125
73.1875
72.1875
70.6875
68.9375
67.0
65.3125
63.75
62.1875
60.8125
59.6875
58.6875
57.875
57.0
56.3125
55.75
55.25
54.6875
54.125
53.625
53.125
52.625
52.0625
51.5625
51.0625
50.5625
50.0625
49.6875
49.3125
49.0
48.9375
50.5625
56.9375
70.125
87.875
106.0625
120.8125
130.0625
133.4375
131.5
126.4375
119.625
112.0625
104.4375
97.0625
90.0
83.3125
76.8125
71.0
67.25
66.0
66.375
67.8125
69.375
70.25
70.4375
70.0
68.8125
67.375
65.6875
64.125
62.5625
61.1875
59.9375
58.875
58.0
57.25
56.75
56.25
55.75
55.4375
55.0
54.5
54.0
53.5
53.125
52.875
52.6875
53.5625
58.1875
70.0
88.0
107.4375
123.5625
133.75
137.4375
135.875
131.125
124.4375
116.5
108.4375
100.5625
93.0
85.875
79.3125
73.5625
69.875
68.75
69.25
70.8125
72.4375
73.4375
73.6875
72.9375
71.4375
69.5625
67.5625
65.5
63.625
62.0
60.6875
59.5625
58.75
58.0
57.5
56.9375
56.4375
55.875
55.25
54.5625
53.9375
53.4375
52.9375
52.4375
52.0625
51.8125
53.0625
60.0
75.9375
98.125
120.25
137.4375
147.5
149.3125
144.9375
137.375
128.5
118.9375
109.5625
100.8125
92.9375
85.8125
79.5625
74.375
71.3125
70.6875
71.4375
72.875
74.0625
74.625
74.3125
73.125
71.4375
69.375
67.375
65.625
63.875
62.375
61.0
59.9375
59.0625
58.3125
57.625
57.0
56.4375
55.9375
55.4375
54.9375
54.4375
53.9375
53.4375
53.0
52.5
52.0
51.5625
51.125
50.625
50.25
49.875
49.5625
49.1875
48.9375
48.625
48.25
47.875
47.4375
47.0625
46.75
46.5625
46.3125
46.0625
45.875
45.6875
45.375
45.125
44.8125
44.625
44.5
44.3125
44.1875
44.0625
44.125
45.9375
54.9375
74.75
101.5
128.375
148.3125
158.125
159.125
153.5
143.4375
130.6875
116.625
103.625
93.0625
85.25
79.875
76.5
74.3125
72.875
72.625
73.625
74.875
75.875
76.1875
75.625
74.3125
72.375
70.25
68.0625
66.0625
64.3125
62.8125
61.4375
60.375
59.4375
58.6875
57.9375
57.4375
57.0625
56.6875
56.1875
55.6875
55.1875
54.6875
54.3125
53.75
53.1875
52.6875
52.25
51.8125
51.3125
50.875
50.5
50.1875
49.8125
49.4375
49.0625
48.9375
48.8125
48.625
48.5625
48.3125
48.0625
47.875
47.625
47.375
47.1875
46.875
46.625
46.4375
46.3125
46.0
45.8125
45.625
45.5
45.3125
46.5625
52.75
67.3125
88.1875
111.5625
132.25
145.6875
150.9375
150.125
145.5
138.5
129.625
119.1875
108.6875
99.3125
91.3125
84.875
79.625
75.5625
73.4375
73.5
74.625
76.0625
76.8125
76.8125
76.0625
74.625
72.8125
70.75
68.875
67.125
65.5
64.1875
63.0
61.875
60.875
59.875
59.0
58.125
57.375
56.5625
55.9375
55.375
54.875
54.375
53.9375
53.375
52.75
52.1875
51.5625
50.9375
50.4375
50.0
49.6875
49.3125
48.875
48.4375
47.9375
47.75
48.8125
54.1875
67.0625
85.875
105.9375
123.3125
135.25
140.0625
139.0
134.6875
128.625
121.6875
114.1875
106.5625
99.0
91.8125
85.0
78.5
73.3125
70.625
70.0
70.8125
72.0
72.875
73.1875
72.625
71.5
69.875
68.0
66.25
64.5625
63.1875
61.9375
60.75
59.75
58.8125
57.9375
57.25
56.6875
56.125
55.5
55.0
54.5
53.875
53.375
52.9375
52.5
52.1875
51.8125
51.375
51.0625
50.8125
50.5
50.25
50.125
49.875
49.5625
49.25
49.0
48.625
48.3125
48.0625
47.75
47.4375
47.1875
46.9375
46.875
47.875
53.8125
68.25
89.25
111.9375
131.4375
144.25
148.5625
146.25
139.625
130.125
119.375
108.6875
98.9375
90.6875
84.125
78.9375
74.875
72.125
71.3125
72.0
73.25
74.625
75.4375
75.1875
74.125
72.5
70.5625
68.4375
66.3125
64.4375
62.9375
61.5625
60.375
59.5
58.8125
58.3125
57.8125
57.3125
56.9375
56.5625
56.1875
55.75
55.0625
54.5
54.0
53.5
52.9375
52.4375
52.0625
51.625
51.25
50.8125
50.3125
49.8125
49.4375
49.0625
48.8125
48.625
48.5
48.3125
48.1875
48.125
48.0625
47.9375
47.6875
47.25
47.0
46.75
46.625
46.4375
46.1875
45.9375
46.0625
48.125
56.125
72.1875
93.5625
116.4375
136.0
148.0
152.0
150.625
146.1875
139.8125
131.6875
122.3125
112.875
104.375
97.0
90.625
85.125
80.1875
76.6875
75.5
75.6875
76.4375
77.25
77.4375
76.8125
75.6875
74.0625
72.25
70.375
68.6875
67.0625
65.5
64.125
62.9375
61.9375
61.125
60.375
59.75
59.1875
58.6875
58.125
57.5625
56.9375
56.3125
55.4375
54.5625
53.75
53.0
52.5
52.0625
51.75
51.375
50.9375
50.5
50.1875
49.8125
49.375
48.8125
48.1875
47.6875
47.25
47.0
46.625
46.3125
45.9375
45.6875
45.5625
45.5
45.75
48.75
58.625
76.1875
97.6875
118.0625
133.8125
143.0
145.0
142.375
137.0
129.9375
122.1875
114.125
106.25
98.875
91.75
85.0625
78.9375
74.0
71.625
71.5
72.4375
73.875
74.8125
74.8125
74.0625
72.6875
70.875
68.9375
67.0625
65.3125
63.8125
62.5625
61.5625
60.75
60.0625
59.4375
58.9375
58.4375
57.9375
57.5
56.9375
56.375
55.875
55.375
54.9375
54.625
54.3125
54.0625
53.75
53.4375
53.1875
52.875
52.625
52.3125
52.0625
51.8125
51.5625
51.3125
51.0
50.6875
50.4375
50.25
49.9375
49.6875
49.5
49.25
49.0625
48.9375
49.5
53.75
65.4375
83.875
105.5625
126.0
141.0
148.375
148.8125
145.25
139.4375
132.1875
124.0625
115.3125
106.75
98.9375
91.875
85.6875
80.125
75.6875
73.625
73.5625
74.6875
76.1875
77.1875
77.1875
76.1875
74.5625
72.6875
70.75
68.75
66.875
65.125
63.625
62.375
61.1875
60.1875
59.375
58.625
58.125
57.6875
57.25
56.8125
56.375
55.875
55.375
54.8125
54.375
53.875
53.4375
53.0
52.4375
51.9375
51.5625
51.1875
50.75
50.375
49.9375
49.5625
49.1875
48.75
48.375
48.0625
47.75
47.4375
47.1875
47.0
46.75
46.75
47.875
53.4375
66.9375
86.625
108.625
128.5
142.4375
148.625
148.0625
143.8125
137.5
130.0
121.625
113.0625
104.875
97.5625
90.8125
84.8125
79.5
75.5
73.8125
73.875
74.8125
75.875
76.5
76.4375
75.5625
74.0
72.0625
70.0625
68.125
66.375
64.75
63.25
62.0625
61.0625
60.1875
59.5
58.8125
58.3125
57.8125
57.3125
56.9375
56.4375
55.9375
55.4375
54.9375
54.375
53.875
53.4375
53.0625
52.625
52.1875
51.9375
51.5625
51.125
50.8125
50.25
49.75
49.375
49.0
48.5625
48.3125
48.125
48.3125
50.8125
59.6875
76.1875
97.125
117.9375
134.1875
143.25
144.875
141.8125
136.375
129.3125
121.3125
112.875
104.5625
96.875
89.9375
83.75
78.375
74.25
72.5
72.6875
73.875
75.375
76.25
76.25
75.375
73.75
71.75
69.6875
67.625
65.75
64.1875
62.875
61.75
60.875
60.25
59.6875
59.25
58.8125
58.5
58.125
57.625
57.3125
56.8125
56.375
56.0
55.5
55.0625
54.625
54.25
54.25
55.9375
62.625
76.4375
94.9375
113.8125
128.9375
138.1875
140.9375
138.3125
132.8125
126.3125
119.625
113.3125
106.9375
100.1875
93.3125
86.3125
79.9375
75.375
73.5
73.4375
74.5625
75.9375
76.625
76.5
75.75
74.4375
72.8125
70.875
69.125
67.375
65.8125
64.4375
63.1875
62.1875
61.4375
60.8125
60.25
59.625
58.9375
58.25
57.5
56.625
55.875
55.3125
54.6875
54.1875
53.75
53.3125
52.9375
52.5625
52.25
51.75
51.125
50.5
50.0
49.5
49.0625
48.6875
48.3125
47.9375
47.5625
47.25
47.125
47.0
46.75
46.4375
46.125
45.8125
45.5625
45.375
45.1875
44.9375
44.6875
44.375
44.125
43.875
43.75
43.75
44.0
46.875
58.0
79.5
105.875
130.75
148.5625
156.8125
156.9375
151.875
143.75
133.0625
120.75
108.5625
98.25
90.125
84.1875
80.1875
77.1875
74.8125
73.8125
74.5
75.8125
77.125
77.75
77.4375
76.375
74.625
72.625
70.625
68.625
66.875
65.25
63.8125
62.6875
61.8125
61.0625
60.25
59.5
58.875
58.375
57.875
57.3125
56.8125
56.25
55.8125
55.4375
54.9375
54.5625
54.125
53.625
53.125
52.625
52.125
51.6875
51.25
50.875
50.5625
50.1875
50.125
51.8125
58.875
73.5625
93.125
112.8125
128.375
138.375
142.25
141.3125
137.625
132.25
126.125
119.5
112.875
106.4375
99.875
93.0
85.875
79.375
75.125
73.3125
73.25
74.375
75.4375
76.0
75.75
74.5625
72.9375
71.0625
69.3125
67.75
66.25
64.8125
63.5
62.3125
61.3125
60.5
59.8125
59.1875
58.625
58.0
57.3125
56.8125
56.25
55.75
55.375
55.0625
54.625
54.0
53.3125
52.6875
52.0625
51.6875
51.25
51.1875
51.0625
51.0
51.0
50.875
50.5
50.125
49.6875
49.375
49.1875
49.0625
48.8125
48.4375
48.1875
48.0625
47.9375
47.875
47.75
47.625
47.5
47.4375
47.1875
46.875
46.625
46.375
46.375
46.4375
46.3125
46.1875
46.0625
45.9375
45.8125
45.875
47.375
55.0
71.8125
94.8125
119.6875
140.5625
153.3125
157.8125
156.3125
151.0
143.5
134.1875
123.75
113.0625
103.25
95.25
88.9375
83.9375
80.0625
77.0
75.25
75.25
75.9375
76.75
77.0625
76.5
75.25
73.6875
71.75
69.8125
68.0
66.375
64.875
63.5625
62.3125
61.25
60.375
59.5625
58.8125
58.25
57.6875
57.0625
56.4375
55.75
55.1875
54.6875
54.1875
53.6875
53.125
52.625
52.0625
51.6875
51.25
50.8125
50.3125
49.8125
49.4375
49.1875
48.8125
48.5625
48.3125
48.3125
50.125
57.1875
71.0
89.0625
107.3125
122.3125
131.5
134.4375
132.8125
128.3125
122.75
116.625
110.3125
103.5625
96.625
89.8125
83.0
76.625
71.4375
68.75
68.25
69.125
70.8125
72.125
72.625
72.25
71.125
69.6875
68.0
66.375
64.625
63.0625
61.625
60.5
59.5
58.5625
57.875
57.125
56.4375
55.9375
55.4375
55.125
54.9375
54.625
54.375
54.125
53.75
53.25
52.6875
52.1875
51.75
51.375
50.875
50.5
50.0625
49.6875
49.4375
49.1875
48.9375
48.6875
48.375
48.125
47.75
47.4375
47.125
46.75
46.4375
46.125
45.875
45.75
45.4375
45.1875
45.125
45.0
44.9375
44.875
44.5625
44.1875
43.75
43.4375
43.1875
43.0
42.875
42.75
42.625
42.4375
42.375
42.375
42.5
42.6875
42.8125
42.5
42.0
41.5
41.4375
43.1875
51.0625
67.4375
89.5
113.6875
133.625
145.6875
149.875
147.9375
142.125
133.375
122.5625
111.0625
100.75
92.125
85.375
80.4375
76.8125
74.125
72.1875
71.375
71.9375
73.0
73.9375
74.375
73.9375
72.875
71.4375
69.75
68.0
66.25
64.75
63.5625
62.5625
61.5625
60.8125
60.125
59.5625
59.0
58.4375
57.9375
57.5
57.25
56.9375
56.5625
56.125
55.625
55.0625
54.5625
54.1875
53.6875
53.3125
52.9375
52.5
52.3125
52.4375
54.3125
60.625
72.8125
88.8125
105.4375
119.3125
128.5
132.75
132.375
129.1875
124.5625
119.5625
114.5625
109.5625
104.5
98.875
92.5625
85.625
78.4375
72.75
69.625
68.4375
68.6875
69.75
70.75
71.1875
70.875
69.875
68.375
66.6875
64.9375
63.4375
61.9375
60.5
59.375
58.375
57.4375
56.5625
55.75
55.0625
54.5
54.0
53.5
53.0
52.4375
51.9375
51.4375
50.9375
50.5
50.0625
49.6875
49.3125
48.9375
48.625
48.25
47.8125
47.5
47.0625
46.625
46.4375
47.75
54.125
68.75
88.9375
109.9375
127.5
138.6875
142.375
139.9375
133.5625
125.1875
115.875
106.4375
97.6875
90.0
83.375
77.9375
73.375
70.0625
68.6875
68.875
69.8125
70.9375
71.5625
71.4375
70.5625
69.3125
67.75
65.9375
64.1875
62.5625
61.0625
59.6875
58.625
57.6875
57.0
56.25
55.6875
55.1875
54.6875
54.1875
53.625
53.125
52.5625
52.0
51.5
51.3125
52.0
55.75
65.375
80.9375
98.25
113.0
123.4375
128.375
128.3125
124.4375
118.1875
111.0625
103.875
97.0
90.1875
83.5
77.125
71.375
67.3125
65.625
65.8125
67.125
68.5625
69.375
69.6875
69.3125
68.4375
67.125
65.4375
63.6875
62.125
60.6875
59.5625
58.5625
57.625
56.8125
56.125
55.6875
55.25
54.6875
54.0625
53.5625
53.0625
52.625
52.0
51.4375
51.0
50.6875
50.375
49.9375
49.625
49.375
49.125
48.8125
48.5
48.25
48.25
50.8125
61.375
81.875
107.0625
130.6875
148.0
156.125
156.1875
151.6875
144.0625
134.8125
124.75
114.25
104.0
95.5
88.75
83.4375
79.125
75.8125
74.25
74.5625
75.625
76.75
77.4375
77.4375
76.5
74.875
72.8125
70.8125
68.8125
66.9375
65.3125
63.9375
62.6875
61.8125
61.125
60.375
59.875
59.375
58.8125
58.4375
58.0
57.5
57.0625
56.5
56.0
55.5
55.3125
56.9375
64.1875
79.5625
100.0625
120.5
136.25
144.8125
145.9375
142.0625
136.125
129.625
122.6875
115.625
108.4375
101.0625
93.5625
86.1875
79.5
74.5
72.125
71.6875
72.5625
74.0
75.0
75.0
74.0625
72.5
70.625
68.6875
66.9375
65.25
63.625
62.25
61.0
60.0
59.25
58.5625
57.875
57.1875
56.3125
55.5625
55.0625
54.625
55.625
61.4375
76.1875
97.6875
119.1875
135.4375
144.4375
145.375
140.125
131.625
121.9375
112.1875
103.0
94.75
87.4375
80.875
75.125
70.9375
69.125
69.25
70.625
72.25
73.375
73.5625
72.8125
71.3125
69.375
67.375
65.5
63.8125
62.3125
61.0
60.0
59.0
58.25
57.625
57.0625
56.5625
56.0625
55.625
55.25
54.75
54.25
53.6875
53.125
52.6875
52.25
51.75
51.25
50.8125
50.375
50.0625
49.875
50.5
55.625
71.0625
95.75
121.8125
143.3125
156.375
158.875
153.625
144.125
131.8125
118.6875
107.0
97.4375
89.875
83.875
79.1875
75.4375
73.1875
72.9375
74.0
75.5
76.75
77.125
76.5
75.0625
73.125
71.0
68.875
66.9375
65.125
63.625
62.375
61.3125
60.5
59.75
59.0625
58.375
57.9375
57.4375
56.9375
56.4375
55.8125
55.1875
54.625
54.125
53.75
53.3125
52.8125
52.375
51.875
51.5
51.125
50.75
50.4375
50.125
49.75
49.4375
49.25
49.0
48.6875
48.375
48.4375
51.5
63.25
85.75
113.0625
138.0625
155.6875
163.5
163.125
158.125
150.6875
141.6875
131.875
121.8125
112.25
103.875
96.625
90.3125
84.8125
80.375
78.25
78.125
78.9375
80.0
80.5
80.0625
78.875
77.0625
74.9375
72.875
71.0625
69.375
67.875
66.4375
65.25
64.125
63.125
62.1875
61.4375
60.8125
60.1875
59.625
59.0625
58.5
57.875
57.3125
56.75
56.1875
55.6875
55.1875
54.75
54.3125
53.875
53.5625
53.1875
52.6875
52.1875
51.8125
51.4375
51.1875
50.8125
50.375
49.9375
49.625
49.25
49.4375
53.3125
66.375
88.625
114.125
136.5
151.5
157.625
157.0625
152.9375
147.0
139.375
130.25
120.4375
110.6875
101.8125
94.25
87.6875
81.75
77.25
75.1875
75.1875
76.1875
77.25
77.75
77.25
76.0625
74.375
72.3125
70.25
68.1875
66.1875
64.5625
63.1875
62.125
61.125
60.375
59.5625
58.875
58.4375
58.0625
57.625
57.125
56.625
56.125
55.625
55.125
54.6875
54.1875
53.75
53.3125
52.75
52.1875
51.625
51.1875
50.8125
50.4375
50.125
49.6875
49.375
49.0625
48.75
48.5625
48.25
48.25
50.8125
60.5625
78.9375
102.0
124.0625
140.625
149.125
150.25
145.9375
138.25
128.6875
118.3125
107.9375
98.4375
90.1875
83.375
77.875
73.5625
71.4375
71.5
72.6875
74.4375
75.8125
76.1875
75.5625
74.1875
72.375
70.25
68.0625
66.0625
64.3125
62.75
61.5
60.4375
59.5
58.8125
58.25
57.875
57.5
57.0
56.5
56.0625
55.4375
54.875
54.3125
53.75
53.25
52.6875
52.1875
51.8125
51.375
50.875
50.5625
50.3125
50.125
50.8125
55.5625
68.125
87.625
109.4375
128.25
140.625
145.4375
143.9375
138.9375
132.375
125.125
117.375
109.25
101.1875
93.5
86.25
79.625
74.75
72.5625
72.3125
73.4375
74.875
75.875
76.0
75.1875
73.6875
71.9375
69.875
67.875
66.125
64.6875
63.4375
62.375
61.5
60.75
60.0625
59.5625
59.0625
58.4375
57.875
57.3125
56.6875
56.1875
55.75
55.25
54.9375
54.625
54.3125
54.125
53.75
53.4375
53.1875
53.1875
55.6875
65.1875
83.375
106.25
127.875
144.0625
152.375
152.625
147.8125
140.375
131.6875
122.6875
113.8125
105.375
97.625
90.625
84.375
79.0
75.6875
75.0
75.6875
77.0625
78.1875
78.5
77.875
76.4375
74.4375
72.1875
70.125
68.375
66.5625
64.9375
63.5
62.25
61.125
60.0
59.125
58.4375
57.75
57.25
56.6875
56.1875
55.8125
55.1875
54.625
54.0625
53.5
52.875
52.3125
51.75
51.25
50.8125
50.3125
49.8125
49.3125
48.9375
48.5625
48.1875
47.875
47.5
47.125
46.75
46.4375
46.1875
45.9375
45.6875
45.5
45.3125
45.0625
44.875
44.625
44.3125
44.0
43.75
43.5
43.3125
43.125
42.9375
42.75
42.5625
42.5
44.375
53.625
73.25
98.9375
124.1875
143.5
153.8125
155.375
151.0625
142.3125
130.0
116.625
104.375
94.3125
86.8125
81.5
77.75
75.1875
73.6875
73.75
74.9375
76.3125
77.3125
77.4375
76.625
75.125
73.1875
71.0625
69.0
67.125
65.5625
64.125
63.0625
62.0625
61.25
60.6875
60.1875
59.6875
59.25
58.75
58.375
57.9375
57.5
57.0625
56.5
55.9375
55.4375
54.9375
54.375
53.875
53.375
53.0
52.625
52.125
51.8125
51.5625
51.3125
51.0
50.6875
50.375
50.125
49.9375
49.75
49.375
48.875
48.5625
48.1875
47.75
47.25
46.6875
46.1875
45.9375
46.9375
52.6875
66.3125
86.0
108.5
128.6875
142.25
148.1875
148.1875
144.6875
139.4375
133.125
125.9375
117.75
109.4375
101.625
94.5
87.875
81.8125
77.0625
74.6875
74.125
74.75
75.75
76.375
76.25
75.3125
73.75
71.875
70.0
68.0625
66.125
64.375
63.0
61.75
60.75
59.875
59.125
58.5
57.875
57.3125
56.8125
56.375
55.8125
55.1875
54.6875
54.1875
53.6875
53.1875
52.75
52.3125
51.875
51.4375
51.0
50.5625
50.0625
49.625
49.1875
48.6875
48.3125
47.9375
47.625
47.3125
47.0625
46.8125
46.5625
46.3125
46.125
45.875
45.5625
45.3125
45.125
44.9375
45.375
49.0625
60.0625
78.1875
99.875
120.625
135.625
143.125
144.0
140.375
133.75
125.125
115.3125
105.5
96.5625
89.0
82.8125
77.6875
73.5625
71.1875
71.0625
71.9375
73.4375
74.6875
75.0625
74.5625
73.1875
71.5
69.625
67.75
65.9375
64.0625
62.5
61.25
60.1875
59.4375
58.625
57.875
57.25
56.625
56.125
55.625
55.1875
54.75
54.25
53.8125
53.375
52.8125
52.375
51.8125
51.375
50.9375
50.5625
50.0625
49.75
49.4375
49.1875
48.8125
48.4375
48.125
47.8125
47.5625
47.3125
46.9375
46.625
46.4375
46.1875
45.9375
46.0
48.25
56.1875
71.5
91.375
112.0
128.75
139.0625
142.375
140.75
136.375
129.5625
121.5625
112.6875
103.5
94.75
86.9375
80.25
74.875
71.5
70.8125
71.75
73.6875
75.375
76.25
76.125
75.125
73.4375
71.5
69.4375
67.4375
65.5625
64.0625
62.8125
61.75
60.75
60.0
59.4375
58.875
58.375
57.9375
57.4375
56.875
56.375
55.9375
55.4375
55.0
54.5
54.0
53.5625
53.125
52.6875
52.25
51.8125
51.4375
51.0
50.6875
50.4375
50.0
49.5625
49.3125
49.75
53.5625
64.4375
82.125
102.875
121.875
135.125
141.5625
142.0
138.5
132.6875
125.625
117.875
110.125
102.75
95.6875
88.9375
82.4375
76.5
72.3125
70.75
71.0
72.3125
73.625
74.3125
74.125
73.125
71.5625
69.9375
68.125
66.375
64.75
63.25
61.875
60.6875
59.6875
58.875
58.0
57.3125
56.75
56.1875
55.6875
55.1875
54.625
54.125
53.75
53.25
52.8125
52.3125
51.8125
51.5
51.0
50.5625
50.1875
49.75
49.4375
49.0625
48.6875
48.375
47.9375
47.625
47.375
47.3125
48.5625
54.6875
69.0
89.3125
110.5
128.3125
139.375
142.5
139.6875
132.8125
123.5625
113.25
103.125
94.25
86.8125
80.8125
76.0
71.9375
69.1875
68.625
69.6875
71.375
73.125
74.0
73.8125
72.875
71.25
69.375
67.5
65.625
63.875
62.3125
61.0
59.875
59.0625
58.3125
57.6875
57.1875
56.6875
56.1875
55.75
55.3125
54.8125
54.375
54.0
54.0625
56.3125
63.9375
78.125
96.125
113.3125
126.3125
133.5
134.4375
131.1875
126.0
120.1875
114.25
108.3125
102.375
96.0
89.0
81.8125
75.625
71.9375
70.5625
70.9375
72.25
73.5
74.1875
73.9375
73.0625
71.5
69.75
68.0
66.375
64.875
63.4375
62.1875
61.125
60.25
59.5
58.75
58.25
57.8125
57.25
56.75
56.3125
55.9375
55.375
55.0
54.6875
54.3125
54.0
53.625
53.4375
54.625
61.5625
78.8125
103.3125
127.8125
147.125
157.6875
158.6875
154.0
146.625
137.8125
128.1875
118.125
108.5625
100.3125
93.1875
87.3125
82.5
79.25
78.25
78.625
79.6875
80.75
80.8125
79.9375
78.4375
76.6875
74.5
72.5
70.5
68.625
67.0
65.5
64.25
63.1875
62.25
61.6875
61.3125
61.125
60.8125
60.25
59.5625
58.5625
57.5625
56.75
56.1875
55.6875
55.1875
54.6875
54.25
53.875
53.25
52.5
51.875
51.5
52.375
58.8125
75.5625
99.9375
124.6875
144.1875
155.3125
157.8125
154.875
148.9375
141.3125
132.5
122.875
113.5625
104.9375
97.25
90.375
84.125
78.9375
76.3125
76.125
77.0625
78.375
79.1875
79.0
78.0
76.1875
73.875
71.625
69.5625
67.6875
66.25
65.0
63.875
62.8125
61.8125
61.0625
60.5
59.9375
59.3125
58.5625
57.9375
57.3125
56.6875
56.1875
55.625
55.0
54.5
54.0
53.5
53.125
52.6875
52.25
51.9375
51.6875
51.25
50.875
50.4375
50.0
49.625
49.3125
49.0625
48.8125
48.8125
50.375
58.375
77.1875
102.8125
127.75
147.0625
157.125
157.875
152.75
143.9375
132.375
119.875
108.25
98.4375
90.625
84.5625
79.9375
76.4375
74.3125
74.3125
75.5625
77.1875
78.5625
79.0
78.25
76.6875
74.8125
72.6875
70.5
68.4375
66.625
65.0625
63.8125
62.875
62.0
61.25
60.4375
59.6875
59.0625
58.5
58.0
57.5625
57.0625
56.625
56.0625
55.625
55.125
54.6875
54.25
53.75
53.3125
52.9375
52.5625
52.125
51.75
51.3125
51.0
50.6875
50.3125
50.0625
49.6875
49.3125
48.9375
48.4375
48.125
47.875
47.75
47.5625
47.375
47.1875
47.0
46.75
46.5625
46.3125
46.125
46.0
45.875
45.5
45.25
45.0
44.875
44.75
44.625
44.5625
44.5625
44.5
44.5625
44.625
44.5625
44.5625
45.5625
51.3125
66.625
90.125
116.625
140.1875
155.9375
162.8125
162.75
158.1875
151.0625
142.25
132.25
121.75
111.5625
102.5625
95.125
89.1875
84.4375
80.6875
78.375
77.8125
78.25
79.0625
79.625
79.375
78.5
77.0
75.0625
73.0625
71.0625
69.1875
67.625
66.25
65.0
64.0
63.125
62.375
61.6875
61.0
60.4375
59.8125
59.1875
58.6875
58.25
57.75
57.0625
56.4375
55.6875
54.9375
54.1875
53.5
52.6875
52.1875
51.875
51.4375
51.0
50.5
50.25
50.0625
49.5625
49.0625
48.8125
48.375
47.875
47.4375
47.125
46.8125
46.5
46.125
45.875
45.5625
45.25
44.9375
44.8125
44.9375
47.125
55.4375
71.625
92.5
114.0
131.9375
143.25
147.25
146.1875
142.25
136.75
130.625
124.25
117.5
110.125
102.4375
94.75
87.375
80.6875
75.4375
72.6875
71.9375
72.4375
73.4375
74.125
74.125
73.5
72.25
70.6875
69.0625
67.3125
65.6875
64.1875
62.8125
61.5625
60.4375
59.5625
58.75
58.0
57.3125
56.625
56.0625
55.4375
54.875
54.1875
53.5
52.9375
52.375
52.0
51.5625
51.3125
51.125
50.875
50.6875
50.4375
50.25
50.125
49.875
50.0
52.375
60.3125
75.3125
94.125
112.375
126.6875
135.5
138.125
136.125
131.5
125.375
118.3125
110.625
102.6875
95.0
87.6875
80.9375
75.1875
71.625
70.3125
70.625
71.9375
73.3125
74.1875
74.1875
73.4375
72.0625
70.4375
68.6875
67.0
65.375
63.8125
62.4375
61.3125
60.375
59.625
58.9375
58.4375
57.9375
57.5
57.0
56.4375
55.8125
55.3125
54.75
54.0625
53.3125
52.6875
52.1875
51.625
51.125
50.75
50.4375
50.1875
49.9375
50.625
55.5
68.25
87.625
109.1875
128.375
141.625
147.0
145.9375
141.6875
135.875
129.25
122.0625
114.5625
106.6875
99.0
91.75
84.9375
78.75
74.1875
72.0625
71.8125
72.625
73.8125
74.5625
74.5625
73.6875
72.125
70.3125
68.4375
66.6875
65.0625
63.5625
62.0625
60.75
59.75
58.875
58.125
57.5
56.875
56.375
55.875
55.3125
54.75
54.1875
53.6875
53.25
53.1875
54.875
62.0
76.5
95.8125
114.6875
128.9375
136.875
138.25
134.4375
127.625
119.3125
110.875
102.6875
95.125
88.1875
81.5625
75.375
70.5
68.0
67.625
68.625
70.25
71.625
72.25
71.8125
70.6875
69.0
67.0625
65.1875
63.5
62.0625
60.6875
59.5625
58.6875
57.8125
57.125
56.4375
55.8125
55.25
54.8125
54.375
53.875
53.5
53.0625
52.6875
52.25
51.8125
51.375
50.875
50.5
50.0
49.625
49.25
48.75
48.4375
48.25
47.8125
47.5
47.3125
46.9375
46.6875
46.4375
46.1875
46.0625
46.0625
48.125
57.6875
77.625
103.5
129.125
148.125
156.9375
157.25
152.0625
143.0
131.75
119.5625
108.0
97.875
89.875
83.875
79.375
76.0
73.5625
72.8125
73.4375
74.5625
75.5
75.8125
75.3125
74.0
72.3125
70.3125
68.25
66.4375
64.875
63.5
62.375
61.4375
60.625
59.875
59.125
58.5
58.0
57.5
57.0
56.5
56.0625
55.6875
55.3125
54.875
54.5
54.125
53.8125
53.75
55.5625
62.625
77.0
96.0
115.1875
130.1875
138.875
140.5625
136.9375
130.75
124.0
117.125
110.1875
103.1875
95.875
88.6875
81.8125
75.75
71.9375
70.5625
70.75
71.9375
73.1875
73.8125
73.6875
72.875
71.375
69.6875
67.875
66.3125
64.8125
63.375
62.125
60.875
59.875
58.75
57.6875
56.8125
56.25
55.625
54.9375
54.4375
53.9375
53.375
52.875
52.3125
51.6875
51.125
50.5625
50.125
49.625
49.125
48.6875
48.25
47.8125
47.5
47.1875
46.875
46.5
46.125
45.8125
45.5625
45.3125
46.0625
51.8125
67.8125
92.3125
118.3125
139.75
152.5625
156.0625
152.875
145.9375
136.3125
124.5
112.25
101.5
92.75
86.125
81.1875
77.4375
74.375
72.75
72.9375
74.0
75.4375
76.4375
76.4375
75.625
74.1875
72.375
70.375
68.375
66.5625
65.0
63.625
62.4375
61.5
60.6875
60.0
59.375
58.8125
58.3125
57.8125
57.375
56.875
56.3125
55.75
55.25
54.8125
54.375
53.875
53.5
53.0625
52.75
52.4375
52.125
51.75
51.3125
50.875
50.5
50.125
49.6875
49.1875
48.75
48.625
48.6875
48.625
48.25
47.9375
47.875
47.625
47.5625
51.4375
63.875
84.3125
108.3125
130.5
146.0625
153.0
153.1875
149.3125
143.125
135.6875
126.6875
116.625
106.625
97.75
90.25
83.9375
78.625
74.6875
73.0
72.9375
73.875
75.1875
75.9375
76.0
74.9375
73.0625
70.9375
68.875
67.125
65.5625
64.125
62.8125
61.5
60.3125
59.375
58.5625
57.9375
57.4375
56.75
56.25
55.6875
55.125
54.625
54.0625
53.5625
53.125
52.6875
52.3125
51.875
51.3125
50.8125
50.375
49.9375
49.5
49.3125
51.75
60.4375
76.6875
97.0625
116.6875
131.6875
139.75
140.375
135.875
128.5
119.6875
110.1875
101.0
92.75
85.625
79.3125
73.875
69.875
68.25
68.375
69.625
71.25
72.1875
72.4375
71.6875
70.375
68.8125
67.0
65.3125
63.6875
62.1875
60.875
59.75
58.75
57.8125
57.0625
56.4375
55.8125
55.1875
54.5625
54.0625
53.625
53.125
52.625
52.1875
51.75
51.4375
51.0
50.5625
50.1875
49.8125
49.5
49.125
48.75
48.4375
48.125
47.75
47.5
47.25
47.0
46.75
47.125
51.375
63.875
84.0
107.3125
128.25
142.125
147.125
145.3125
138.8125
129.3125
118.3125
107.125
96.875
88.4375
81.875
76.8125
72.9375
70.375
69.75
70.5
71.9375
73.375
74.0625
73.8125
72.625
70.875
68.8125
66.75
64.875
63.125
61.5
59.875
58.8125
58.125
57.4375
56.75
56.25
56.0
55.8125
55.4375
54.875
54.25
53.75
53.375
52.9375
52.4375
51.8125
51.3125
50.9375
50.5
50.125
49.75
49.375
49.0625
48.8125
48.5
48.1875
47.9375
47.6875
47.4375
47.1875
46.9375
46.625
46.375
46.1875
45.875
45.625
45.4375
45.3125
45.1875
45.0
44.8125
44.625
44.5
44.25
44.125
44.0
43.8125
43.5625
43.375
43.25
43.0625
42.8125
42.6875
42.5625
42.25
41.9375
41.6875
41.5
41.1875
40.75
40.5
40.1875
39.875
39.625
39.5
39.5625
41.4375
49.75
67.125
90.3125
115.0
135.0
146.5625
149.9375
147.5
140.9375
130.875
118.8125
106.5625
95.75
87.125
80.8125
76.375
73.1875
70.6875
68.9375
68.5625
69.3125
70.3125
71.0625
71.3125
70.9375
69.875
68.25
66.375
64.5
62.6875
61.0625
59.6875
58.5625
57.625
56.8125
56.125
55.5
55.0625
54.6875
54.25
53.9375
53.5625
53.0625
52.5625
52.125
51.625
51.25
50.8125
50.4375
50.0
49.5
49.0
48.625
48.25
47.875
47.4375
47.0625
46.75
46.5
46.25
46.0
45.625
45.375
45.125
44.875
44.6875
44.4375
44.125
43.875
43.6875
43.4375
43.375
43.4375
44.75
50.625
62.875
79.6875
98.375
115.125
126.9375
132.5
132.625
128.8125
122.625
115.0625
106.5625
97.9375
89.9375
82.875
76.6875
71.5
67.3125
65.125
65.0
66.125
67.6875
69.0625
69.75
69.5625
68.625
67.1875
65.375
63.5
61.8125
60.1875
58.8125
57.625
56.5625
55.5625
54.8125
54.1875
53.6875
53.1875
52.6875
52.3125
51.9375
51.5625
51.1875
50.8125
50.5
50.125
49.6875
49.25
48.75
48.375
47.9375
47.5625
47.1875
46.875
46.5
46.125
45.75
45.375
45.0625
44.6875
44.4375
44.125
43.875
43.625
43.375
43.25
43.0625
42.9375
42.9375
42.875
42.9375
42.875
42.875
42.8125
42.6875
42.875
45.1875
53.1875
67.875
86.5
106.75
124.125
135.0
139.1875
137.875
133.0625
125.75
116.5
106.75
97.875
90.375
84.125
78.9375
74.625
71.0
68.6875
68.125
68.6875
69.6875
70.6875
71.125
70.8125
69.8125
68.4375
66.75
65.0
63.3125
61.8125
60.5625
59.3125
58.375
57.5
56.8125
56.25
55.75
55.25
54.8125
54.3125
54.0
53.5625
52.9375
52.3125
51.75
51.125
50.4375
49.75
49.1875
48.6875
48.1875
47.6875
47.375
47.0625
46.75
46.4375
46.0
45.625
45.125
44.8125
44.5
44.125
43.8125
43.4375
43.0625
42.8125
42.9375
44.625
51.1875
64.4375
82.0625
101.3125
118.1875
129.5
134.4375
134.0625
130.5
124.9375
118.0625
110.5625
102.875
95.1875
87.9375
81.375
75.4375
70.4375
67.0625
65.8125
65.9375
66.9375
68.125
68.9375
68.875
68.25
67.0
65.375
63.75
62.125
60.6875
59.25
58.0
57.0625
56.1875
55.375
54.6875
54.0625
53.5625
53.0625
52.5625
52.0625
51.5625
51.1875
50.8125
50.3125
49.9375
49.5625
49.1875
48.8125
48.375
48.0
47.6875
47.375
47.0625
46.75
46.4375
46.1875
45.9375
45.6875
45.4375
45.125
44.8125
44.5
44.25
44.0
43.8125
44.0625
47.0625
56.375
71.9375
91.0625
110.3125
125.25
133.375
134.5
130.6875
123.5625
114.5625
104.8125
95.375
87.0
80.0625
74.4375
69.875
66.4375
64.5
64.375
65.4375
67.0
68.4375
69.1875
69.0625
68.1875
66.875
65.25
63.5625
61.8125
60.1875
58.6875
57.375
56.375
55.5625
54.875
54.1875
53.6875
53.1875
52.8125
52.5
52.0625
51.6875
51.25
50.75
50.25
49.8125
49.3125
48.8125
48.25
48.0
47.75
47.375
47.0625
46.875
46.9375
49.375
57.375
71.75
90.0
108.1875
122.625
131.1875
133.5625
131.1875
126.0625
119.3125
111.75
104.0625
96.875
90.0625
83.6875
77.75
72.375
68.5
67.0625
67.125
68.25
69.6875
70.75
71.1875
70.8125
69.75
68.25
66.625
65.0
63.5
62.0
60.6875
59.5625
58.5625
57.6875
56.9375
56.25
55.75
55.3125
54.9375
54.5
54.0625
53.625
53.125
52.5625
52.0625
51.625
51.3125
51.1875
50.625
50.25
50.25
49.9375
49.5
49.125
48.875
48.75
49.8125
56.1875
70.625
90.75
112.375
131.0
143.0
146.8125
144.75
139.4375
132.4375
124.5625
116.0625
107.4375
99.3125
92.0625
85.6875
79.9375
74.8125
71.3125
70.25
70.625
71.625
72.625
73.0
72.5
71.1875
69.3125
67.4375
65.75
64.375
63.0625
61.8125
60.625
59.25
57.9375
56.8125
56.0
55.5625
55.25
54.8125
54.3125
53.5625
53.125
52.8125
52.0
51.25
50.9375
50.75
50.5
49.875
49.375
49.0
48.4375
48.0625
47.875
47.5625
47.3125
46.9375
46.5
46.25
45.9375
45.625
45.375
45.0625
44.8125
44.5625
44.3125
44.125
43.875
43.75
43.4375
43.1875
43.0
42.875
42.5625
42.375
42.1875
42.0625
41.9375
41.6875
41.5625
41.4375
41.375
41.25
41.125
41.0625
41.0625
42.5625
49.875
66.0
88.0625
111.75
131.4375
143.0
146.125
141.9375
132.6875
120.5625
107.5625
95.6875
86.125
78.9375
74.0
71.0
69.25
68.0
67.375
67.6875
68.75
69.875
70.6875
70.9375
70.3125
69.0625
67.4375
65.625
63.875
62.25
60.75
59.5
58.375
57.5
56.6875
56.0625
55.625
55.1875
54.75
54.375
54.0
53.625
53.1875
52.75
52.375
51.9375
51.5
51.0625
50.625
50.25
49.875
49.5
49.125
48.75
48.3125
47.9375
47.6875
47.5
47.125
46.8125
46.5625
46.3125
46.125
45.9375
45.8125
45.6875
45.6875
46.125
49.0625
58.125
73.75
93.0
112.9375
128.9375
138.625
142.0625
140.8125
137.125
132.5
127.0625
121.0625
114.25
106.75
99.3125
92.125
85.4375
79.5625
75.3125
73.375
73.3125
74.125
75.0625
75.6875
75.5625
74.8125
73.5625
72.0
70.25
68.4375
66.875
65.625
64.5
63.375
62.25
61.375
60.5625
59.8125
59.25
58.6875
58.0
57.3125
56.5625
55.8125
55.1875
54.75
54.3125
53.9375
53.625
53.25
52.9375
52.5
52.0625
51.4375
50.5625
49.75
49.0
48.5
48.25
48.0
47.625
47.375
47.25
46.9375
46.625
46.3125
46.6875
50.5
61.9375
80.4375
102.0625
122.3125
137.25
144.8125
145.75
142.875
137.875
131.625
124.875
117.8125
110.3125
102.875
95.5
88.5
82.1875
76.625
72.6875
71.1875
71.125
71.875
72.875
73.5
73.4375
72.5
70.9375
69.0625
67.1875
65.375
63.875
62.4375
61.1875
60.1875
59.4375
58.6875
58.0625
57.375
56.6875
56.0
55.375
54.875
54.25
53.6875
53.1875
52.625
52.1875
51.75
51.375
50.9375
50.5625
50.1875
50.0
50.375
53.375
62.5
78.125
96.125
112.5625
124.6875
131.4375
132.1875
128.3125
121.625
113.3125
104.4375
95.9375
88.5
82.125
76.4375
71.3125
67.5625
66.125
66.4375
67.9375
69.6875
71.0
71.4375
70.9375
69.875
68.375
66.6875
64.9375
63.25
61.6875
60.3125
59.375
58.8125
58.25
57.25
56.375
55.9375
55.875
55.625
55.0
54.25
53.75
53.5
53.1875
52.625
51.9375
51.4375
51.25
51.875
56.4375
68.8125
88.125
109.5
128.0
140.4375
145.0625
142.625
137.3125
131.375
124.4375
117.0
109.0625
101.125
93.9375
87.25
81.1875
75.875
72.375
71.3125
71.8125
72.875
73.75
74.3125
74.125
73.125
71.6875
69.875
68.125
66.5
64.9375
63.75
62.625
61.6875
61.0
60.25
59.75
59.375
58.9375
58.4375
57.9375
57.4375
57.0625
57.875
63.25
76.4375
96.0
116.25
132.125
141.5625
144.25
141.25
134.875
127.6875
120.5625
113.375
106.375
99.6875
92.9375
86.1875
79.875
75.4375
73.5
73.4375
74.5
75.8125
76.5625
76.5625
75.6875
74.1875
72.3125
70.5
68.75
67.125
65.75
64.5625
63.5
62.625
61.8125
61.0625
60.4375
59.875
59.3125
58.8125
58.3125
57.8125
57.1875
56.5625
55.9375
55.3125
54.5625
53.6875
52.9375
52.375
51.8125
51.375
50.9375
50.6875
50.375
50.0625
49.75
49.3125
48.875
48.4375
48.1875
48.375
52.125
66.0
90.8125
119.3125
144.3125
160.6875
166.0625
163.6875
157.625
148.6875
137.75
125.9375
114.4375
104.5
96.5
90.25
85.375
81.375
78.1875
76.5625
76.5625
77.1875
77.75
77.875
77.1875
75.8125
74.0625
72.0
69.9375
68.0
66.25
64.8125
63.5625
62.5625
61.5
60.625
59.9375
59.25
58.625
58.0
57.375
56.875
56.375
55.8125
55.25
54.6875
54.1875
53.6875
53.3125
52.875
52.5
52.0
51.5625
51.125
50.6875
50.375
49.9375
49.5625
49.25
49.0
48.6875
48.4375
48.375
48.25
48.8125
53.4375
67.0625
88.8125
112.875
133.4375
146.75
151.5
149.125
142.1875
132.375
121.125
110.125
100.3125
92.0625
85.4375
80.1875
75.875
72.8125
71.875
72.4375
73.75
75.0
75.6875
75.5
74.5625
72.9375
71.0625
69.1875
67.375
65.6875
64.0
62.625
61.625
60.625
59.6875
58.9375
58.375
57.875
57.375
56.875
56.3125
56.0
55.5
54.9375
54.4375
54.0
53.5625
53.125
52.8125
52.25
51.8125
51.4375
51.0625
50.5625
50.125
49.75
49.375
49.125
48.625
48.25
48.0
47.8125
48.125
51.4375
63.0
83.25
107.6875
130.5625
147.1875
155.125
155.75
152.0625
146.25
139.3125
131.25
122.375
113.1875
104.1875
96.125
89.125
83.125
78.5625
76.4375
76.3125
77.25
78.375
79.0625
78.9375
78.125
76.6875
74.875
72.9375
71.1875
69.4375
67.875
66.5
65.25
64.1875
63.25
62.5
61.625
60.9375
60.25
59.6875
59.125
58.4375
57.8125
57.25
56.6875
56.125
55.625
55.1875
54.75
54.3125
53.8125
53.4375
53.0625
52.6875
52.3125
51.9375
51.6875
52.125
56.1875
68.1875
87.9375
110.75
131.125
145.375
151.5625
151.5
148.125
142.6875
135.8125
128.125
120.625
113.1875
105.6875
98.25
90.875
83.75
78.1875
75.125
74.25
74.6875
75.6875
76.375
76.3125
75.5
74.125
72.3125
70.4375
68.625
66.9375
65.375
64.0625
62.8125
61.8125
60.875
60.125
59.375
58.75
58.125
57.5625
56.875
56.3125
55.8125
55.3125
54.9375
54.4375
54.0625
53.625
53.25
52.9375
53.125
56.1875
66.0625
84.0
105.5
124.9375
138.75
144.9375
144.0625
139.1875
131.9375
123.25
114.0
104.875
96.375
88.6875
81.875
76.0
71.9375
70.625
71.0625
72.625
74.25
75.25
75.25
74.375
72.9375
71.0625
69.125
67.25
65.4375
63.75
62.3125
61.125
60.1875
59.4375
58.6875
58.125
57.625
57.1875
56.625
56.125
55.625
55.25
54.9375
55.3125
59.5625
71.625
90.6875
111.5625
128.8125
139.9375
143.9375
141.875
136.4375
129.1875
121.4375
113.625
106.25
99.125
92.0
84.75
78.1875
73.875
72.25
72.375
73.625
75.0625
75.8125
75.75
74.875
73.25
71.4375
69.5625
67.625
65.875
64.375
62.875
61.625
60.625
59.75
58.9375
58.375
57.9375
57.375
56.875
56.375
55.875
55.4375
55.0
54.625
54.125
53.75
53.375
53.0
52.5625
52.125
51.75
51.3125
50.8125
50.3125
49.9375
49.625
49.375
49.0
48.75
48.5625
48.4375
48.4375
48.5
48.0625
47.6875
47.875
48.1875
48.0625
46.9375
46.9375
47.125
46.6875
46.5625
46.5
46.4375
46.3125
46.125
46.0625
45.9375
45.75
45.5625
45.4375
45.375
45.25
45.125
44.9375
44.6875
44.5
44.5625
47.25
58.6875
81.375
110.4375
139.1875
159.5
168.375
168.125
162.0625
152.8125
141.875
128.8125
114.9375
103.125
94.5625
88.5625
84.625
81.875
79.4375
77.375
76.25
76.375
76.6875
76.875
76.9375
76.125
74.5
72.625
70.6875
68.75
66.8125
65.1875
63.8125
62.8125
61.75
60.75
59.75
58.9375
58.3125
57.75
57.0625
56.375
55.8125
55.25
54.5625
54.125
53.6875
53.125
52.625
52.125
51.6875
51.25
50.875
50.5625
50.875
53.9375
63.0
78.3125
96.4375
113.0625
125.25
131.5625
132.1875
129.0
124.25
118.625
112.3125
106.0
99.375
92.375
85.1875
77.9375
72.0
68.625
67.5
67.9375
69.3125
70.6875
71.5
71.5
70.6875
69.25
67.625
65.875
64.1875
62.625
61.25
60.0625
59.0625
58.25
57.5
56.875
56.3125
55.75
55.375
54.9375
54.5
54.0625
53.6875
53.3125
52.875
52.4375
52.0
51.625
51.1875
50.75
50.375
50.0
49.5625
49.1875
48.75
48.4375
48.125
47.8125
47.5
47.25
46.9375
46.625
46.375
46.125
45.875
45.625
45.4375
45.3125
45.0
44.75
44.5625
44.25
44.0625
43.8125
43.625
43.5625
43.5
44.0625
48.875
62.9375
85.125
110.625
133.375
148.3125
154.25
153.1875
147.5
138.75
127.75
115.875
105.0
95.875
88.8125
83.3125
79.125
75.75
73.5
72.8125
73.4375
74.3125
75.0
75.0625
74.4375
73.1875
71.5
69.625
67.8125
66.0625
64.375
62.9375
61.75
60.625
59.6875
58.9375
58.1875
57.5
56.9375
56.4375
55.9375
55.625
55.1875
54.875
54.4375
54.0
53.625
53.25
52.875
52.5
52.1875
51.8125
51.4375
51.0625
50.6875
50.375
50.0625
49.875
49.5625
49.3125
49.125
48.875
48.625
48.375
48.1875
47.9375
47.6875
47.5
47.375
47.1875
47.1875
47.625
50.9375
60.9375
77.6875
98.1875
118.5625
134.5625
143.5625
145.75
143.8125
139.5
133.5625
126.0625
117.5625
108.9375
100.75
93.3125
86.8125
81.0
76.375
74.0
73.5
74.0625
75.125
75.8125
75.75
75.0
73.5625
71.6875
69.625
67.5625
65.75
64.125
62.6875
61.4375
60.5
59.625
58.8125
58.0625
57.375
56.6875
56.0625
55.5
54.875
54.25
53.6875
53.1875
52.625
52.0625
51.625
51.125
50.6875
50.25
49.8125
49.4375
49.0625
48.625
48.1875
47.875
47.8125
49.5
56.375
70.5
89.625
109.0625
124.6875
134.5625
137.8125
135.9375
131.75
126.0
119.125
111.75
103.75
95.5625
88.0
81.0
74.8125
70.3125
68.5625
68.75
70.0
71.375
72.375
72.625
71.9375
70.5625
68.875
67.0625
65.3125
63.5
61.875
60.5
59.375
58.375
57.5625
56.8125
56.1875
55.6875
55.125
54.625
54.25
53.8125
53.375
52.875
52.375
52.0
51.6875
51.3125
50.9375
50.5625
50.25
49.875
49.5
49.125
48.875
48.5625
48.25
48.5625
52.0625
62.375
79.9375
100.75
119.8125
133.625
140.625
140.8125
136.5
129.3125
120.5625
111.25
102.375
94.5
87.5625
81.375
76.0
71.625
69.25
69.0
69.875
71.375
72.5
72.8125
72.3125
71.125
69.5625
67.875
66.0
64.25
62.625
61.1875
59.9375
58.8125
57.9375
57.25
56.6875
56.0625
55.5
55.0
54.6875
54.1875
53.6875
53.1875
52.6875
52.1875
51.75
51.3125
50.8125
50.4375
50.0625
49.6875
49.3125
49.0
48.6875
48.6875
51.1875
60.4375
77.5625
99.0625
119.75
135.4375
144.0625
145.625
142.5
136.6875
129.6875
122.125
113.9375
105.6875
97.75
90.4375
83.875
78.125
73.9375
72.125
72.25
73.375
74.75
75.5625
75.5625
74.75
73.375
71.6875
69.875
68.0625
66.5
65.0
63.5625
62.25
61.125
60.1875
59.4375
58.8125
58.25
57.75
57.25
56.75
56.1875
55.6875
55.1875
54.8125
54.25
53.75
53.25
52.8125
52.4375
52.0
51.5625
51.1875
50.8125
50.4375
50.25
50.5625
53.75
64.4375
83.375
106.3125
127.875
143.625
151.625
152.4375
148.75
142.3125
134.5
126.0
117.3125
108.625
100.625
93.375
86.875
80.875
76.0
73.3125
72.8125
73.4375
74.4375
75.125
75.0625
74.25
72.75
70.875
68.875
67.0
65.1875
63.625
62.1875
61.0
59.875
59.0
58.25
57.6875
57.0
56.375
55.875
55.3125
54.6875
54.1875
53.625
53.1875
52.8125
52.3125
51.8125
51.4375
51.25
50.8125
50.5
50.1875
50.0625
51.1875
57.3125
71.8125
92.75
114.6875
132.5625
143.3125
145.9375
142.75
136.1875
127.5
117.5
107.25
97.8125
89.875
82.9375
77.125
72.5
69.9375
69.6875
70.8125
72.5
73.875
74.375
73.875
72.75
71.0
69.125
67.1875
65.25
63.5
62.0
60.6875
59.625
58.6875
57.9375
57.3125
56.75
56.1875
55.6875
55.25
54.8125
54.3125
53.8125
53.3125
52.875
52.375
51.9375
51.5625
51.125
50.75
50.4375
50.0
49.5
49.125
48.6875
48.375
48.0625
47.8125
47.5625
47.25
47.0
46.8125
46.6875
47.4375
53.0625
68.0625
90.625
115.4375
137.0625
150.8125
154.9375
152.375
146.25
138.1875
128.5
117.6875
107.125
97.875
90.25
84.375
79.625
75.8125
73.5625
73.3125
74.125
75.3125
76.0625
76.0
75.125
73.75
72.0
69.9375
67.875
66.0
64.4375
62.9375
61.6875
60.6875
59.875
59.1875
58.6875
58.1875
57.75
57.4375
57.0
56.5625
56.0625
55.625
55.25
54.625
54.0625
53.6875
53.375
53.0
52.625
52.3125
52.0625
51.75
51.375
51.0625
50.8125
50.5
50.125
49.75
49.375
49.125
48.6875
48.3125
47.9375
47.6875
47.5
47.3125
47.125
46.875
46.625
46.375
46.1875
46.125
47.1875
53.6875
68.9375
90.8125
115.1875
136.5
150.0
155.25
153.9375
149.0
142.0
133.3125
123.5
113.25
103.6875
95.5
88.6875
82.875
77.875
74.3125
73.0625
73.5
74.5625
75.6875
76.25
75.9375
74.8125
73.0
70.9375
68.8125
66.75
64.9375
63.375
62.0625
60.875
59.75
58.8125
58.0625
57.4375
56.875
56.375
55.875
55.375
54.875
54.3125
53.75
53.1875
52.6875
52.1875
51.75
51.4375
51.9375
55.3125
64.625
80.0
97.9375
113.875
124.9375
130.25
130.5
127.125
121.625
114.9375
107.75
100.75
93.8125
86.9375
79.9375
73.4375
68.625
66.5
66.25
67.4375
69.125
70.5
71.125
70.9375
70.0
68.5
66.8125
65.125
63.5
62.0
60.6875
59.4375
58.4375
57.6875
57.0
56.375
55.8125
55.375
54.875
54.3125
53.8125
53.3125
52.875
52.4375
52.0
51.5625
51.125
50.75
50.4375
50.0
49.625
49.25
48.875
48.5
48.125
47.8125
47.5
47.1875
46.9375
46.75
46.5
46.25
46.0
45.75
45.5
45.1875
44.9375
44.6875
44.5
44.3125
44.125
43.9375
43.625
43.5
43.4375
44.25
50.0
65.3125
88.375
113.75
135.5625
149.75
154.75
152.5625
145.8125
136.0
124.6875
112.625
101.4375
92.25
85.1875
80.0625
76.375
73.75
72.3125
72.375
73.3125
74.4375
75.25
75.25
74.5
73.0
71.1875
69.25
67.3125
65.5
63.875
62.4375
61.25
60.1875
59.25
58.5625
57.875
57.25
56.75
56.25
55.9375
55.5625
55.25
54.9375
54.6875
54.25
53.75
53.375
53.0
52.5625
52.125
51.8125
51.6875
52.875
58.25
70.4375
87.75
106.3125
121.875
131.8125
135.6875
135.0625
132.0625
127.5625
121.9375
115.3125
107.875
100.1875
92.5
85.1875
78.4375
73.25
70.75
70.25
71.125
72.5
73.625
74.125
73.6875
72.5
71.0625
69.3125
67.5625
66.0
64.5
63.25
62.0625
61.0625
60.3125
59.625
58.9375
58.4375
57.875
57.25
56.5625
55.875
55.1875
54.5
53.75
53.0625
52.5
52.0
51.5
51.0625
50.9375
51.875
57.4375
71.8125
93.125
115.75
134.5625
146.5
150.375
148.3125
142.9375
135.8125
127.75
119.375
110.9375
102.75
95.1875
88.25
81.875
76.5
73.25
72.3125
72.8125
74.0625
75.0625
75.3125
74.75
73.4375
71.625
69.625
67.75
66.0
64.4375
63.0
61.75
60.75
59.8125
58.875
58.0625
57.4375
56.875
56.375
55.8125
55.3125
54.875
54.375
53.8125
53.25
52.8125
52.375
52.0
51.5625
51.25
50.875
50.5
50.125
49.75
49.4375
49.125
48.875
48.5625
48.3125
48.0625
47.8125
47.8125
49.875
58.8125
77.1875
101.125
124.625
142.5
151.4375
151.8125
146.6875
137.8125
126.8125
115.125
104.4375
95.1875
87.875
82.1875
77.6875
74.125
72.125
72.0625
73.125
74.6875
75.875
76.0625
75.375
74.0
72.125
70.0625
68.0
66.1875
64.5625
63.0625
61.8125
60.8125
59.9375
59.25
58.625
58.125
57.625
57.0625
56.5
56.0
55.5625
55.0625
54.625
54.125
53.625
53.125
52.625
52.1875
51.6875
51.25
50.9375
50.8125
51.875
57.75
71.75
92.125
113.625
131.625
143.0
146.875
144.625
138.9375
132.25
125.0
117.5625
110.0
102.4375
95.0625
88.0625
81.25
75.625
72.5625
71.875
72.75
74.3125
75.6875
76.3125
75.875
74.6875
72.9375
71.1875
69.4375
67.6875
66.1875
64.8125
63.625
62.5625
61.6875
60.875
60.3125
59.875
59.375
58.9375
58.4375
57.9375
57.5
56.9375
56.4375
56.0625
55.5625
55.125
54.625
54.375
53.9375
53.4375
52.9375
52.625
52.3125
51.875
51.5
51.1875
50.9375
50.75
50.375
50.0625
49.875
50.6875
56.3125
71.75
95.5625
122.0
144.8125
158.8125
162.8125
160.125
154.5625
147.375
139.125
130.0625
120.9375
111.875
103.625
96.25
89.75
84.0
79.3125
77.0
76.6875
77.25
78.125
78.5625
78.25
77.125
75.375
73.375
71.3125
69.3125
67.5625
65.9375
64.5625
63.3125
62.25
61.25
60.375
59.625
58.9375
58.3125
57.75
57.125
56.5625
56.0
55.4375
54.875
54.3125
53.875
53.4375
53.625
56.25
65.3125
81.875
101.875
119.875
132.6875
139.25
139.625
135.625
129.1875
122.0625
114.9375
107.8125
100.625
93.1875
85.625
78.5625
73.3125
70.875
70.5625
71.5625
73.0
74.0625
74.3125
73.5625
72.1875
70.5
68.6875
66.875
65.1875
63.625
62.3125
61.0625
60.125
59.25
58.5625
57.875
57.3125
56.875
56.375
55.9375
55.3125
54.75
54.375
54.125
55.375
61.9375
77.5
99.625
121.375
137.875
146.875
148.125
143.8125
136.3125
127.9375
119.5
111.125
102.9375
95.0625
87.625
80.9375
75.625
72.875
72.5
73.5625
75.0625
76.0625
76.1875
75.4375
74.0
72.25
70.3125
68.4375
66.6875
65.0625
63.5625
62.4375
61.4375
60.5625
59.75
59.0625
58.5
58.0
57.4375
56.9375
56.375
55.75
55.25
54.75
54.25
53.75
53.3125
52.9375
52.4375
52.0625
51.6875
51.25
50.9375
50.75
52.4375
61.4375
81.5
108.1875
133.5
152.75
162.0625
162.3125
157.8125
150.0
140.4375
130.0625
119.625
109.9375
101.375
93.875
87.5625
82.1875
78.25
76.875
77.3125
78.625
79.9375
80.375
79.8125
78.4375
76.5
74.3125
72.25
70.3125
68.5625
67.0
65.6875
64.6875
63.75
63.0
62.375
61.8125
61.3125
60.8125
60.25
59.625
59.0625
58.5625
58.0625
57.5
57.0625
56.625
56.1875
55.6875
55.25
54.875
54.5
54.0625
53.6875
53.25
52.9375
52.625
52.25
52.0
52.0625
54.8125
66.0
87.25
113.75
138.4375
156.125
164.375
164.4375
159.9375
153.875
147.125
139.25
130.125
119.9375
109.875
101.0
93.3125
86.8125
81.8125
79.4375
79.0625
79.875
80.8125
81.0625
80.5625
79.25
77.3125
75.125
72.9375
70.875
68.875
67.1875
65.75
64.4375
63.3125
62.3125
61.5625
60.75
60.0625
59.3125
58.625
58.0625
57.4375
56.9375
56.3125
55.75
55.25
54.6875
54.25
53.6875
53.125
52.5625
52.0625
51.6875
51.25
50.875
50.5
50.0625
49.6875
49.5
50.625
57.3125
73.8125
97.375
121.125
140.0625
151.6875
154.75
151.5625
144.9375
136.1875
126.75
117.3125
108.5625
100.5
93.0625
86.375
80.4375
76.4375
75.1875
75.8125
77.4375
78.9375
79.5625
79.25
78.0
76.25
74.1875
72.125
70.1875
68.5
67.0625
65.75
64.75
63.8125
63.0625
62.5
61.875
61.3125
60.8125
60.4375
59.8125
59.25
58.6875
58.1875
57.6875
57.25
56.75
56.25
55.75
55.3125
55.1875
56.3125
62.4375
77.3125
98.75
121.0
138.875
149.9375
153.625
151.875
147.0625
140.5625
133.125
125.3125
117.5
109.6875
101.8125
93.875
86.25
80.1875
77.0625
76.4375
77.5
78.9375
80.0
80.0625
79.0625
77.3125
75.25
73.0
70.9375
69.0625
67.4375
66.0
64.75
63.6875
62.75
61.9375
61.1875
60.5
59.8125
59.125
58.5625
58.0
57.5
57.0
56.4375
55.875
55.375
54.875
54.375
53.875
53.4375
53.0
52.625
52.25
51.875
51.4375
51.0625
50.625
50.3125
49.9375
49.625
49.375
49.375
51.4375
61.0625
81.3125
107.5625
132.625
151.4375
160.75
161.375
157.0
149.5625
139.9375
128.875
117.5
106.8125
97.625
90.4375
84.625
80.1875
77.9375
77.875
79.0625
80.5
81.5
81.4375
80.4375
78.6875
76.4375
74.0625
71.9375
70.0
68.375
66.8125
65.5
64.25
63.25
62.375
61.6875
61.0625
60.5
60.0
59.4375
58.875
58.25
57.6875
57.1875
56.625
56.125
55.5625
55.0625
54.625
54.1875
53.8125
53.375
52.9375
52.5
52.125
51.6875
51.375
51.0625
50.6875
50.3125
50.0625
49.8125
49.4375
49.1875
48.9375
48.9375
50.4375
57.8125
74.875
98.5625
122.8125
142.1875
153.9375
157.875
155.875
150.5625
143.0
133.75
123.625
113.5625
104.4375
96.4375
89.625
83.8125
79.5625
77.875
78.3125
79.6875
81.0625
81.625
81.125
79.8125
77.875
75.5625
73.3125
71.1875
69.375
67.6875
66.3125
65.1875
64.3125
63.625
63.0
62.375
61.875
61.375
60.9375
60.5
59.9375
59.375
58.8125
58.3125
57.875
57.3125
56.8125
56.4375
56.0625
55.625
55.25
54.9375
55.0
57.25
65.9375
82.9375
104.5
125.4375
141.25
149.8125
151.375
148.5
142.9375
135.875
128.375
120.5625
112.625
104.875
97.25
89.6875
82.9375
78.75
77.5
78.0625
79.5625
80.9375
81.375
80.875
79.5
77.5625
75.4375
73.375
71.5
69.875
68.4375
67.125
65.875
64.75
63.625
62.5625
61.5625
60.75
60.0
59.375
58.875
58.375
57.8125
57.25
56.6875
56.125
55.5
54.875
54.375
53.9375
53.375
52.875
52.5
52.0
51.5625
51.125
50.6875
50.375
50.0625
49.75
49.3125
48.9375
48.625
48.5625
50.5
59.5625
79.1875
104.9375
129.75
148.75
158.625
159.6875
155.8125
149.3125
141.0
131.4375
120.9375
110.9375
102.25
94.75
88.375
82.9375
79.1875
78.0625
78.875
80.5625
82.0
82.5
81.875
80.25
78.25
76.0
73.75
71.75
69.9375
68.375
67.125
66.0625
65.125
64.3125
63.625
63.125
62.625
62.1875
61.625
61.125
60.5625
60.0
59.5
59.0
58.5625
58.0625
57.6875
57.3125
57.0
56.625
56.3125
56.0
55.625
55.1875
54.75
54.3125
53.9375
53.5
53.25
52.9375
52.625
52.25
51.9375
51.75
51.5
51.3125
51.125
50.8125
50.5
51.375
57.25
72.1875
94.5625
119.3125
141.0625
155.6875
161.0
159.625
155.0625
148.5625
141.0
132.625
123.5
114.25
105.4375
97.3125
90.25
84.625
81.5
80.75
81.4375
82.625
83.25
83.0
81.75
79.9375
77.8125
75.5625
73.4375
71.5
69.75
68.25
67.0
65.875
64.875
64.0625
63.1875
62.4375
61.75
61.125
60.5625
59.875
59.1875
58.5
57.875
57.25
56.625
56.125
55.6875
55.25
54.875
54.5625
54.125
53.6875
53.25
52.9375
53.375
57.4375
69.0625
88.0625
109.75
128.75
141.875
147.625
147.25
143.4375
138.0
131.625
124.125
116.0
107.6875
99.5
91.5625
84.1875
78.5
75.75
75.5
76.75
78.375
79.4375
79.625
78.75
77.125
75.0625
72.875
70.8125
68.9375
67.3125
65.8125
64.5625
63.5625
62.5625
61.8125
61.125
60.5625
60.0
59.4375
59.0
58.4375
57.875
57.25
56.6875
56.1875
55.625
55.125
54.625
54.1875
53.8125
53.375
53.0
52.875
54.1875
61.0
77.0
99.5625
122.5625
141.0
151.9375
154.3125
150.6875
144.25
136.8125
128.8125
120.625
112.625
104.625
96.875
89.5
82.9375
78.5625
76.9375
77.4375
78.875
80.3125
80.875
80.4375
79.125
77.1875
75.0
72.875
70.8125
68.9375
67.25
65.8125
64.5625
63.5625
62.6875
61.875
61.3125
60.6875
60.1875
59.75
59.25
58.875
58.4375
58.0625
57.625
57.1875
56.75
56.25
55.8125
55.375
55.0
54.625
54.25
53.875
53.5
53.25
53.1875
53.6875
58.0625
71.1875
93.1875
118.25
140.125
154.875
160.5
158.8125
153.3125
146.375
138.625
130.0625
120.875
111.9375
103.625
96.25
89.5
83.9375
80.8125
80.1875
81.0625
82.3125
83.1875
83.1875
82.125
80.375
78.25
75.9375
73.8125
71.8125
70.0625
68.5625
67.25
66.1875
65.375
64.5
63.75
63.0625
62.25
61.3125
60.375
59.5
58.75
58.125
57.5
57.0
56.5
56.125
55.75
55.125
54.5
54.0
53.5
53.0
52.5
51.9375
51.5
51.0625
50.75
50.875
54.0
65.375
86.4375
111.75
134.75
151.1875
159.0
158.875
154.375
147.6875
139.6875
130.9375
121.875
113.125
105.0625
97.8125
90.875
84.5
79.8125
78.0
78.1875
79.3125
80.4375
80.75
80.1875
78.8125
76.8125
74.5625
72.3125
70.25
68.5
66.9375
65.625
64.6875
63.875
63.0625
62.4375
61.75
61.1875
60.6875
60.1875
59.625
59.125
58.5
57.9375
57.4375
57.0
56.5625
56.0625
55.6875
55.4375
55.0
54.6875
54.375
54.125
53.9375
53.625
53.3125
53.0625
52.8125
52.5
52.25
52.0
51.875
52.8125
58.9375
74.6875
97.875
122.625
143.1875
156.125
160.25
158.0
152.0625
143.75
134.0625
123.8125
114.25
105.8125
98.375
91.6875
85.8125
81.0625
78.8125
78.9375
80.0625
81.3125
81.875
81.4375
80.0
77.9375
75.6875
73.5625
71.5625
69.8125
68.25
66.8125
65.4375
64.375
63.375
62.5625
61.75
61.0
60.375
59.8125
59.25
58.625
58.0
57.4375
56.8125
56.25
55.75
55.1875
54.6875
54.25
53.75
53.3125
52.9375
52.4375
52.0625
51.6875
51.375
51.0
50.625
50.25
49.875
49.5625
49.25
48.875
48.5625
48.3125
48.0
47.8125
47.5625
47.25
47.25
48.8125
56.6875
74.25
98.0
122.25
141.9375
154.0
157.6875
155.5
149.625
141.3125
131.6875
121.5
111.8125
103.25
95.75
89.25
83.625
79.0
76.5
76.1875
77.125
78.3125
79.125
79.0
78.125
76.625
74.6875
72.5625
70.5
68.5
66.8125
65.3125
64.0625
63.0625
62.125
61.375
60.625
60.0
59.4375
58.875
58.3125
57.6875
57.1875
56.6875
56.1875
55.625
55.125
54.5625
54.0625
53.6875
53.25
53.0625
53.75
58.3125
69.9375
88.0625
107.9375
124.8125
136.0625
140.75
140.0
136.125
130.5
123.875
116.875
109.5625
102.0
94.3125
86.5
79.1875
74.0
71.6875
71.625
73.0625
74.75
75.9375
76.1875
75.5
74.125
72.25
70.25
68.375
66.5625
65.0
63.5625
62.3125
61.3125
60.5
59.75
59.125
58.5625
58.0
57.5
57.0625
56.5
55.9375
55.4375
54.875
54.375
53.875
53.4375
53.0625
52.6875
52.3125
52.125
51.8125
51.625
51.375
51.125
50.875
50.625
50.3125
50.0625
49.75
49.5
49.25
49.0
48.8125
48.625
48.5
48.3125
48.125
47.9375
47.75
47.5625
47.3125
47.125
47.125
49.125
58.125
77.125
102.3125
128.25
148.625
159.6875
161.625
157.875
150.9375
141.9375
130.9375
119.125
108.375
99.25
92.0625
86.5625
82.1875
78.6875
76.8125
76.8125
77.75
78.875
79.5
79.375
78.375
76.75
74.8125
72.6875
70.5
68.5
66.75
65.0625
63.5625
62.3125
61.375
60.5625
59.875
59.25
58.75
58.25
57.75
57.0625
56.375
55.75
55.125
54.5
53.875
53.3125
52.875
52.375
51.875
51.4375
51.0
50.5625
50.1875
49.8125
50.0
52.8125
62.125
78.6875
98.8125
117.5
131.625
139.3125
140.3125
137.5
132.5625
126.4375
119.6875
112.4375
105.0625
97.625
90.125
82.75
76.25
72.0625
70.4375
70.6875
72.0
73.4375
74.25
74.1875
73.3125
71.8125
70.0625
68.1875
66.4375
64.8125
63.375
62.0625
60.875
59.9375
59.0
58.25
57.625
57.0
56.4375
55.9375
55.4375
54.9375
54.5
53.9375
53.5625
53.1875
52.875
52.5
52.125
51.8125
51.4375
51.125
50.8125
50.375
50.0
49.625
49.375
49.75
53.5
65.1875
85.0
108.0
128.75
143.3125
149.5
148.4375
143.0625
135.0
125.625
115.75
106.0625
97.375
89.875
83.4375
77.9375
73.5625
71.3125
71.25
72.25
73.625
74.75
75.0
74.375
73.125
71.4375
69.5625
67.6875
65.8125
64.125
62.625
61.375
60.375
59.4375
58.75
58.125
57.5625
57.0625
56.4375
55.9375
55.375
54.875
54.3125
53.8125
53.3125
52.875
52.4375
52.0
51.5625
51.125
50.75
50.375
49.9375
49.625
49.3125
49.8125
53.875
65.8125
85.4375
107.875
127.75
141.875
148.375
148.125
144.25
138.1875
130.6875
122.3125
113.6875
105.3125
97.5
90.375
83.75
78.0
74.4375
73.375
73.875
75.3125
76.625
77.3125
77.0
75.75
74.0
72.0
70.1875
68.4375
66.875
65.5
64.25
63.25
62.3125
61.5
60.8125
60.125
59.5625
59.0625
58.625
58.0
57.5
57.0625
56.5625
56.0
55.5
55.0
54.5625
54.1875
53.75
53.375
52.9375
52.625
52.25
51.875
51.4375
51.125
50.8125
50.9375
54.25
65.875
86.25
110.5
132.75
148.25
155.5625
155.9375
152.1875
146.3125
139.125
130.5625
121.0
111.375
102.6875
95.125
88.1875
81.875
77.25
75.125
75.0
75.625
76.375
76.6875
76.5
75.5
73.875
71.8125
69.9375
68.1875
66.375
64.9375
63.6875
62.1875
60.875
60.0
59.4375
58.6875
57.6875
57.0
56.625
56.125
55.375
55.125
54.625
53.8125
53.375
52.8125
52.25
51.9375
51.375
50.875
50.375
50.0
49.75
49.375
49.0
48.625
48.25
47.9375
47.625
47.375
47.0625
46.8125
46.4375
46.0625
45.8125
45.5
45.125
44.8125
44.5625
44.3125
44.125
43.875
43.625
43.5
43.375
43.1875
42.9375
42.75
42.625
42.4375
42.25
42.125
42.125
42.875
47.75
61.75
83.6875
108.75
131.375
146.5
152.5625
151.6875
145.5625
135.6875
123.1875
110.0
98.3125
88.8125
81.875
77.125
73.875
71.4375
70.0625
70.25
71.3125
72.5625
73.5
73.625
73.0
71.6875
69.875
67.875
65.9375
64.1875
62.625
61.25
60.0
58.9375
58.125
57.4375
56.875
56.375
55.8125
55.25
54.75
54.25
53.75
53.3125
52.875
52.375
51.875
51.4375
51.0
50.625
50.25
49.75
49.3125
48.9375
48.5
48.1875
47.8125
47.5
47.1875
46.875
46.5
46.25
46.0
45.75
45.4375
45.1875
44.875
44.625
44.4375
44.1875
43.9375
43.8125
43.625
43.5625
43.5625
43.5625
43.5
43.4375
43.375
43.4375
44.625
50.5
63.75
82.5
103.875
123.5
136.5625
142.5625
143.3125
140.625
135.875
129.1875
121.125
112.125
103.25
95.125
88.125
82.0
76.8125
72.8125
71.0
70.8125
71.625
72.75
73.5
73.5625
73.0
71.75
70.125
68.375
66.625
65.0
63.5
62.125
61.0
59.9375
59.125
58.375
57.8125
57.25
56.75
56.25
55.8125
55.3125
54.8125
54.1875
53.625
52.9375
52.1875
51.4375
50.75
50.1875
49.75
49.25
48.75
48.375
48.0625
47.8125
47.375
46.9375
46.5
46.0625
45.75
45.4375
45.375
47.125
54.125
67.9375
86.25
105.875
122.5
133.3125
137.75
137.125
133.8125
128.6875
122.625
116.0
108.625
101.0
93.6875
86.75
80.1875
74.1875
69.8125
67.875
67.5625
68.25
69.1875
69.875
70.0
69.375
68.0625
66.5
64.875
63.25
61.8125
60.375
59.125
58.0
57.0
56.1875
55.4375
54.75
54.125
53.625
53.125
52.625
52.1875
51.6875
51.125
50.5625
50.0625
49.6875
49.3125
48.9375
48.5625
48.25
48.4375
50.875
58.6875
73.0
90.8125
108.0625
121.4375
129.4375
131.0
127.625
121.1875
113.0625
104.25
95.4375
87.1875
79.875
73.5
68.125
64.375
63.0
63.3125
64.625
66.375
67.6875
68.125
67.875
67.0
65.5625
63.9375
62.25
60.6875
59.1875
57.875
56.6875
55.6875
54.875
54.25
53.6875
53.1875
52.75
52.3125
51.875
51.5
51.0
50.5
50.125
49.6875
49.25
48.875
48.5
48.1875
47.8125
47.375
47.0625
46.75
46.375
45.9375
45.6875
45.4375
45.1875
44.9375
44.6875
44.5
44.5625
46.625
55.125
72.0625
94.25
116.875
134.6875
144.625
146.5625
143.1875
136.5625
127.375
116.6875
106.0625
96.6875
88.8125
82.4375
77.25
73.125
69.9375
68.4375
68.6875
69.8125
71.25
72.3125
72.5
71.875
70.5625
68.875
66.9375
65.1875
63.5
62.0
60.75
59.625
58.75
58.125
57.5625
57.0625
56.5625
56.1875
55.75
55.375
54.9375
54.4375
54.0
53.5625
53.125
52.625
52.1875
51.8125
51.4375
51.0
50.625
50.3125
49.875
49.5
49.1875
48.8125
48.5
48.25
48.375
50.875
60.0
76.625
97.5
118.25
134.125
143.25
145.75
143.5
138.1875
131.0625
123.0
114.4375
106.0
97.875
90.5625
84.125
78.3125
73.5
70.875
70.25
70.75
71.625
72.3125
72.4375
71.8125
70.6875
69.0625
67.25
65.375
63.6875
62.125
60.6875
59.3125
58.3125
57.4375
56.6875
56.0625
55.375
54.8125
54.25
53.6875
53.125
52.5625
52.0625
51.5
51.0
50.5625
50.125
49.6875
49.25
48.8125
48.4375
48.0
47.5625
47.1875
46.875
46.5625
46.25
45.875
45.5625
45.25
45.0
44.6875
44.4375
44.1875
43.875
43.5625
43.3125
43.125
43.3125
46.1875
56.375
74.8125
97.5625
119.4375
135.8125
144.0625
144.625
140.0
131.625
120.875
109.0
97.875
88.5
81.0625
75.5
71.5
68.5
66.6875
66.75
67.9375
69.5
70.875
71.5
71.1875
70.0
68.375
66.5
64.625
62.8125
61.25
59.9375
58.6875
57.75
56.9375
56.3125
55.8125
55.25
54.75
54.25
53.8125
53.375
52.9375
52.4375
51.9375
51.5
51.0625
50.625
50.1875
49.8125
49.4375
49.0625
48.6875
48.3125
48.0625
48.125
50.3125
58.0
72.6875
91.8125
110.9375
126.3125
135.5
138.0625
135.8125
130.5625
123.6875
116.1875
108.5625
101.1875
94.125
87.4375
81.0625
75.1875
70.625
68.5
68.25
69.125
70.4375
71.375
71.6875
71.25
70.125
68.5
66.8125
65.0625
63.375
61.75
60.25
59.0625
58.0625
57.1875
56.625
56.0625
55.625
55.375
55.0625
54.6875
54.375
54.0
53.625
53.1875
52.75
52.3125
51.875
51.5
51.125
50.75
50.4375
50.1875
49.9375
49.6875
49.4375
49.25
49.5
52.4375
62.6875
81.25
104.25
126.5625
143.0
150.6875
151.0
147.125
140.75
132.6875
123.6875
114.25
104.9375
96.5625
89.4375
83.5625
78.75
75.25
73.8125
73.9375
74.875
75.875
76.25
75.875
74.8125
73.3125
71.4375
69.5
67.5625
65.9375
64.5
63.1875
61.9375
60.8125
59.8125
58.8125
57.875
57.125
56.4375
55.9375
55.3125
54.6875
54.1875
53.75
53.25
52.625
52.0
51.4375
51.0
50.5625
50.0625
49.5625
49.0
48.625
48.25
47.8125
47.4375
47.125
46.8125
46.5
46.1875
45.875
45.5
45.25
45.0625
44.9375
46.1875
53.0625
69.1875
91.5
114.6875
133.875
145.75
149.8125
148.0625
142.5
134.375
124.6875
114.4375
104.4375
95.625
88.3125
82.3125
77.25
73.1875
71.0625
70.9375
71.875
73.3125
74.1875
74.25
73.5625
72.125
70.3125
68.375
66.4375
64.75
63.25
61.9375
60.9375
60.125
59.5
58.9375
58.375
57.9375
57.5
57.0625
56.625
56.125
55.6875
55.1875
54.75
54.4375
54.0
53.75
53.5
53.25
53.0625
52.6875
52.375
52.125
52.0
52.4375
56.3125
67.1875
85.0
105.9375
125.0625
138.625
144.625
143.8125
139.375
132.875
125.0
116.3125
107.4375
99.0625
91.6875
85.1875
79.5625
74.8125
72.0625
71.6875
72.625
74.0625
75.375
75.8125
75.375
74.25
72.5625
70.6875
68.625
66.625
64.9375
63.3125
61.875
60.625
59.625
58.875
58.3125
57.8125
57.3125
56.8125
56.375
55.9375
55.375
54.8125
54.1875
53.6875
53.1875
52.6875
52.125
51.625
51.1875
50.75
50.25
49.875
49.5
49.125
48.875
48.5625
48.1875
47.8125
47.5
47.25
47.0
46.6875
46.5
46.5
48.4375
57.1875
75.375
99.4375
123.9375
143.25
153.8125
156.0625
152.75
145.875
137.0625
127.5
117.4375
107.875
99.625
92.5
86.5
81.25
76.6875
73.875
73.1875
73.6875
74.875
75.8125
76.0625
75.5
74.375
72.5
70.3125
68.3125
66.5
64.6875
63.1875
61.9375
60.75
59.9375
59.0625
58.25
57.6875
57.25
56.75
56.3125
55.75
55.25
54.8125
54.25
53.75
53.1875
52.75
52.3125
51.9375
51.5
51.0
50.6875
50.375
50.0
49.5
49.0
48.625
48.25
48.0
47.625
47.3125
47.0625
46.875
46.625
46.375
46.125
45.875
45.625
45.375
45.125
44.875
44.6875
44.4375
44.25
44.125
44.0
43.9375
45.125
51.6875
66.9375
88.5625
112.3125
133.0
146.0
150.75
149.625
144.6875
136.9375
127.0
115.9375
105.125
95.75
88.125
82.0
77.3125
73.8125
72.0625
72.1875
73.25
74.625
75.5625
75.5625
74.8125
73.5
71.75
69.75
67.75
65.875
64.25
62.75
61.4375
60.3125
59.375
58.6875
58.1875
57.75
57.3125
56.875
56.5
56.1875
55.625
55.0625
54.5625
53.9375
53.3125
52.875
52.4375
52.125
52.375
54.5625
61.875
75.375
92.5
109.375
122.75
130.5625
132.4375
130.1875
125.375
119.1875
112.1875
105.25
98.6875
92.3125
85.6875
79.0625
73.4375
70.125
68.875
69.1875
70.3125
71.625
72.5
72.625
71.875
70.5625
69.0
67.5
65.9375
64.4375
63.0
61.8125
60.6875
59.6875
59.0
58.4375
57.9375
57.4375
56.6875
56.125
55.5625
54.8125
53.9375
53.1875
52.5625
52.0
51.5
51.0
50.6875
50.375
50.0625
49.625
49.125
48.6875
48.25
47.875
47.4375
47.0
46.6875
46.3125
46.0
45.6875
45.4375
45.3125
46.6875
54.1875
71.5
95.125
119.25
139.0
150.4375
152.8125
149.1875
142.0625
132.5625
121.6875
110.375
99.75
90.875
83.875
78.5
74.5625
71.9375
71.1875
72.0625
73.5625
75.125
75.9375
75.6875
74.625
73.0625
71.1875
69.125
67.25
65.5
63.9375
62.625
61.5
60.5
59.6875
59.0
58.375
57.8125
57.25
56.75
56.25
55.6875
55.1875
54.6875
54.25
53.6875
53.1875
52.8125
52.375
51.875
51.4375
51.0
50.625
50.375
50.375
52.0625
59.1875
73.9375
93.625
113.5
129.25
138.875
141.4375
138.8125
133.0625
125.5
117.125
108.75
100.8125
93.5
86.75
80.4375
74.875
71.3125
70.1875
70.6875
72.0625
73.4375
74.1875
74.0625
73.1875
71.75
70.0
68.125
66.375
64.6875
63.1875
61.875
60.8125
59.8125
58.9375
58.1875
57.5625
56.9375
56.4375
55.9375
55.4375
55.0
54.5625
54.0625
53.5625
53.125
52.625
52.125
51.6875
51.375
51.4375
53.6875
62.625
80.25
102.625
124.0
140.0625
148.0625
148.25
143.5
135.75
126.9375
117.8125
108.5625
99.9375
92.1875
85.3125
79.4375
74.8125
72.3125
72.1875
73.375
75.125
76.375
76.8125
76.25
75.0
73.25
71.25
69.25
67.375
65.6875
64.1875
62.875
61.75
60.75
59.9375
59.3125
58.75
58.25
57.8125
57.3125
56.875
56.4375
55.8125
55.3125
54.875
54.4375
54.0
53.5625
53.0625
52.6875
52.375
51.9375
51.5
51.1875
50.9375
50.5625
50.25
50.0
49.8125
51.0625
58.0625
75.0
99.0
124.25
145.0625
156.625
159.0
155.6875
149.25
141.0625
131.5
121.0
110.6875
101.625
94.0625
87.9375
82.6875
78.25
75.625
75.1875
75.9375
77.0625
77.75
77.625
76.875
75.375
73.375
71.125
69.0
67.0625
65.375
63.875
62.625
61.5
60.5625
59.8125
59.0
58.3125
57.8125
57.25
56.625
56.0
55.5
55.0
54.5625
54.125
53.6875
53.3125
52.875
52.5625
52.25
51.9375
51.5625
51.1875
50.75
50.375
50.0
49.75
49.375
49.0
48.6875
48.4375
48.125
47.8125
47.5
47.125
46.875
46.625
46.5
47.0
51.375
64.5625
86.25
110.9375
133.0625
148.3125
154.3125
153.0625
147.1875
138.3125
127.4375
115.4375
104.25
95.0
87.6875
82.25
78.125
74.875
73.25
73.5
74.75
76.25
77.1875
77.1875
76.25
74.6875
72.6875
70.5625
68.5
66.5625
64.9375
63.4375
62.125
61.0625
60.25
59.5
58.875
58.3125
57.8125
57.3125
56.8125
56.3125
55.875
55.375
54.8125
54.3125
53.875
53.375
52.875
52.4375
52.0
51.625
51.1875
50.8125
50.5
50.3125
50.9375
55.6875
68.125
87.375
108.5625
126.9375
139.6875
145.125
144.625
140.375
134.3125
127.3125
120.0
112.6875
105.25
98.0625
91.0625
84.3125
78.375
74.625
73.3125
73.5625
74.625
75.625
76.0
75.625
74.5
72.875
71.0
69.1875
67.4375
65.8125
64.375
63.1875
62.0625
61.0625
60.1875
59.4375
58.9375
58.375
57.875
57.375
56.9375
56.4375
56.1875
56.25
58.0625
65.0
79.375
98.125
116.125
129.75
137.0
137.5
133.25
126.0625
117.125
107.875
99.0
90.6875
82.8125
76.0625
71.875
70.25
70.5625
72.0625
73.8125
75.0625
75.375
74.8125
73.4375
71.75
69.9375
68.1875
66.5625
65.125
63.875
62.8125
61.875
61.0625
60.375
59.75
59.1875
58.5625
58.0
57.4375
56.9375
56.5
55.9375
55.4375
55.0
54.625
54.1875
53.8125
53.5
53.0
52.5
52.125
51.5625
50.9375
50.1875
49.6875
49.25
48.8125
48.4375
48.0625
47.875
47.75
47.4375
47.0625
46.8125
47.625
53.8125
71.25
97.5625
125.75
149.25
162.875
165.6875
161.875
154.5
144.9375
134.25
122.9375
112.1875
102.6875
94.6875
88.125
82.9375
78.75
76.25
75.875
76.6875
77.9375
78.75
78.8125
77.8125
76.1875
74.125
72.0
69.9375
68.0
66.3125
64.8125
63.5625
62.4375
61.5625
60.6875
59.9375
59.3125
58.6875
58.125
57.5625
57.0
56.4375
55.8125
55.1875
54.75
54.4375
54.9375
58.5
68.375
84.6875
102.875
118.25
128.3125
132.3125
131.125
126.5
119.375
111.0625
102.875
95.125
87.8125
80.8125
74.125
69.25
67.1875
67.3125
68.875
70.875
72.4375
73.1875
72.9375
71.875
70.375
68.5625
66.75
65.0
63.375
62.0
60.8125
59.875
58.9375
58.1875
57.625
57.1875
56.6875
56.1875
55.6875
55.25
54.75
54.1875
53.625
53.125
52.75
52.25
51.9375
51.5625
51.125
50.6875
50.3125
50.0
49.75
49.375
49.0625
48.6875
48.375
48.0
47.75
47.4375
47.1875
46.875
46.6875
46.6875
48.3125
57.0
77.0
104.25
131.5625
152.8125
163.75
165.3125
161.25
153.875
144.5
133.4375
121.25
109.875
100.3125
92.75
87.0625
82.5625
78.875
76.4375
75.8125
76.375
77.375
78.125
78.125
77.5
76.125
74.3125
72.3125
70.375
68.5625
66.9375
65.5625
64.3125
63.3125
62.375
61.625
60.9375
60.375
59.8125
59.4375
59.0625
58.6875
58.3125
57.8125
57.4375
56.9375
56.4375
56.0
55.5
55.0
54.5625
54.1875
53.8125
53.4375
53.0625
52.75
52.4375
52.0625
51.625
51.25
51.0
51.4375
55.5
67.625
87.625
110.875
132.25
147.375
154.4375
154.625
150.6875
144.5625
137.3125
129.125
120.4375
111.8125
103.625
95.8125
88.6875
82.375
77.625
75.5
75.125
75.8125
76.8125
77.375
77.125
76.0
74.3125
72.4375
70.4375
68.4375
66.6875
65.0625
63.5625
62.3125
61.3125
60.3125
59.5
58.75
58.0625
57.4375
56.8125
56.25
55.625
55.0625
54.5
53.9375
53.4375
52.875
52.375
52.0
51.625
51.125
50.75
50.25
49.8125
49.4375
49.0
48.6875
48.3125
47.9375
47.625
47.4375
48.25
53.8125
68.25
90.1875
113.875
134.1875
147.625
152.1875
150.1875
144.375
136.25
126.75
116.375
106.125
96.75
88.875
82.3125
76.9375
72.8125
71.0
71.25
72.625
74.3125
75.375
75.5
74.6875
73.0
71.125
69.0625
67.0625
65.25
63.5625
62.125
60.9375
59.9375
59.125
58.375
57.75
57.25
56.8125
56.375
55.8125
55.3125
54.8125
54.4375
53.9375
53.4375
53.0625
52.75
52.375
52.0
51.625
51.125
50.75
50.3125
49.9375
50.0
52.25
60.875
77.625
99.0625
119.875
135.875
144.5
145.4375
141.75
135.3125
126.875
117.5
108.1875
99.4375
91.4375
84.375
78.1875
73.25
70.8125
70.5625
71.5625
73.25
74.5625
74.9375
74.4375
73.1875
71.4375
69.5
67.625
65.6875
64.0
62.4375
61.25
60.3125
59.4375
58.625
58.0
57.375
56.6875
56.25
55.75
55.1875
54.6875
54.1875
53.6875
53.1875
52.8125
53.4375
58.0
70.6875
90.4375
112.0625
130.375
142.5
146.9375
145.0625
140.0
133.25
125.8125
118.5625
111.3125
104.125
96.875
89.5
82.375
76.875
74.0
73.5
74.375
75.6875
76.75
77.0
76.375
75.0625
73.375
71.5625
69.8125
68.125
66.5625
65.125
63.9375
62.875
61.9375
61.0625
60.375
59.8125
59.25
58.8125
58.3125
57.6875
57.1875
56.6875
56.1875
55.6875
55.25
54.875
54.375
54.0
53.625
53.1875
52.75
52.4375
52.5
55.1875
66.125
87.25
113.3125
137.5
154.6875
162.125
161.375
156.0625
148.5625
139.8125
129.8125
118.9375
108.4375
99.125
91.4375
85.125
79.9375
76.5
75.5
76.0625
77.25
78.25
78.3125
77.5625
76.0
73.9375
71.75
69.6875
67.6875
65.8125
64.125
62.75
61.5625
60.5
59.6875
59.0
58.375
57.75
57.1875
56.5625
56.0
55.4375
54.875
54.4375
53.8125
53.25
52.6875
52.25
51.8125
51.3125
50.8125
50.4375
50.0
49.625
49.5
51.4375
59.9375
77.9375
101.4375
124.0625
141.25
150.25
150.875
145.8125
137.375
126.875
115.6875
105.125
95.8125
88.0
81.4375
75.9375
72.0
70.4375
70.9375
72.5
74.375
75.5
75.5625
74.6875
73.1875
71.375
69.4375
67.5
65.75
64.1875
62.8125
61.625
60.5
59.5625
58.875
58.3125
57.8125
57.375
57.0
56.625
56.1875
55.8125
55.375
54.9375
54.5
54.1875
53.8125
53.5
53.125
52.8125
52.5
52.1875
51.9375
51.75
51.875
54.75
65.375
85.375
109.875
132.5
148.75
156.3125
155.875
150.6875
143.125
133.9375
123.375
112.8125
103.25
95.0625
88.0625
82.0625
77.375
75.0625
75.0625
76.25
77.9375
79.0
78.9375
77.875
76.125
73.875
71.5625
69.3125
67.3125
65.625
64.125
62.9375
61.9375
61.1875
60.4375
59.6875
58.9375
58.25
57.625
57.0625
56.4375
55.8125
55.25
54.6875
54.1875
53.75
53.1875
52.6875
52.25
51.8125
51.3125
50.9375
50.5625
50.125
49.6875
49.375
49.0625
48.8125
49.4375
54.6875
69.4375
92.4375
117.625
139.375
153.5
158.0625
155.4375
149.25
141.375
132.4375
122.875
113.1875
103.9375
95.5625
88.3125
82.1875
77.4375
75.0
74.75
75.6875
77.0625
78.0
77.875
76.875
75.25
73.1875
71.0
69.0
67.0625
65.3125
63.8125
62.4375
61.3125
60.4375
59.6875
59.0
58.375
57.8125
57.25
56.6875
56.125
55.5625
55.0625
54.5625
54.0
53.5625
53.0625
52.5625
52.0625
51.5625
51.1875
50.8125
50.375
50.0625
50.125
52.75
62.5625
81.375
104.9375
127.1875
143.8125
151.75
151.125
145.3125
136.875
127.1875
117.3125
107.875
99.375
91.8125
85.1875
79.25
74.625
72.375
72.3125
73.375
74.9375
76.0
76.1875
75.4375
73.9375
71.875
69.8125
67.8125
65.875
64.125
62.625
61.3125
60.3125
59.4375
58.625
57.9375
57.4375
57.0
56.5
56.0
55.5
55.0
54.4375
53.875
53.375
52.75
52.375
52.0
51.5625
51.1875
50.8125
50.4375
50.0625
49.625
49.1875
48.75
48.5
48.1875
47.875
47.625
47.5
47.3125
47.125
46.9375
46.9375
46.8125
46.625
46.5
46.375
47.0625
52.1875
66.8125
89.9375
116.375
139.3125
153.875
159.0625
157.0
150.375
140.375
128.625
116.4375
105.375
96.25
89.125
83.625
79.5
76.5625
75.375
75.875
77.0
78.25
78.8125
78.4375
77.25
75.4375
73.375
71.1875
69.125
67.3125
65.75
64.375
63.1875
62.1875
61.3125
60.625
59.9375
59.4375
58.9375
58.375
57.9375
57.4375
56.9375
56.3125
55.6875
55.0
54.3125
53.5625
52.75
52.0625
51.5625
51.125
50.6875
50.3125
49.9375
49.625
49.25
48.875
48.3125
47.875
47.5
47.1875
47.5
51.125
62.375
81.4375
103.875
124.8125
140.3125
147.875
148.0
143.75
137.6875
130.4375
122.5625
114.25
106.0
98.125
90.75
83.75
77.5625
73.5
72.125
72.375
73.5625
74.6875
75.25
74.875
73.6875
71.9375
69.9375
67.9375
66.125
64.5
63.0
61.6875
60.5
59.5
58.6875
57.875
57.125
56.5625
55.9375
55.375
54.8125
54.3125
53.8125
53.25
52.75
52.4375
52.875
56.3125
66.0625
82.25
100.625
116.5625
127.625
132.375
131.4375
126.125
118.25
109.3125
100.75
93.125
86.0
79.1875
72.9375
68.5
66.625
66.625
68.0
69.6875
70.9375
71.375
70.875
69.75
68.25
66.625
64.8125
63.125
61.5625
60.3125
59.25
58.3125
57.4375
56.6875
56.0625
55.5
55.0
54.5
54.0
53.5
53.0
52.5625
52.1875
51.625
51.1875
50.75
50.4375
50.0625
49.625
49.25
48.9375
48.625
48.25
47.875
47.4375
47.125
46.875
46.5625
46.25
46.0625
45.8125
45.5
45.3125
45.0625
44.8125
44.5625
44.3125
44.125
43.875
43.625
43.5
43.3125
43.125
43.0
42.75
42.5625
42.4375
42.75
46.5625
59.5625
82.1875
109.125
134.3125
151.625
158.9375
157.6875
151.0625
140.875
128.4375
115.5
103.75
94.125
87.0
82.0
78.5625
75.9375
73.9375
73.25
73.75
74.75
75.625
75.9375
75.5
74.3125
72.5625
70.625
68.6875
66.875
65.1875
63.75
62.625
61.625
60.8125
60.0625
59.5
59.0625
58.5625
57.9375
57.375
56.875
56.4375
55.9375
55.5
54.9375
54.4375
53.9375
53.4375
52.9375
52.5
52.0625
51.6875
51.375
51.4375
53.5625
61.1875
75.6875
94.5625
113.75
129.0
137.75
139.9375
137.125
132.0
126.0625
119.625
113.0625
106.625
99.8125
92.6875
85.375
78.375
73.0
70.25
69.4375
70.0625
71.375
72.4375
72.8125
72.3125
71.0625
69.375
67.5625
65.75
64.0
62.4375
61.125
59.875
58.75
57.8125
57.0625
56.4375
55.75
55.1875
54.625
54.125
53.625
53.0625
52.5625
52.0625
51.625
51.125
50.75
50.375
49.8125
49.375
49.0625
49.3125
52.875
64.25
83.625
105.8125
125.375
138.875
144.375
142.625
136.0625
126.875
116.75
106.5625
97.3125
89.25
82.375
76.5625
71.625
68.3125
67.375
68.125
69.875
71.625
72.5625
72.5625
71.625
70.125
68.3125
66.4375
64.5
62.75
61.25
60.0
59.0
58.1875
57.4375
56.8125
56.3125
55.8125
55.375
54.9375
54.4375
54.0
53.5
53.0625
52.625
52.25
51.75
51.3125
50.9375
50.5
50.0625
49.625
49.3125
48.9375
48.6875
48.3125
48.0
47.75
47.75
49.75
58.4375
76.125
99.125
122.125
140.0625
149.1875
150.0625
145.9375
138.375
128.5625
117.875
107.4375
98.25
90.5
84.0
78.75
74.4375
71.75
71.375
72.25
73.75
74.9375
75.25
74.6875
73.5
71.75
69.8125
67.8125
65.875
64.1875
62.6875
61.4375
60.4375
59.5625
58.8125
58.125
57.5
56.9375
56.4375
56.0
55.5
54.9375
54.375
53.875
53.4375
53.0
52.625
52.3125
52.0
51.75
51.4375
51.1875
50.9375
50.6875
50.375
50.125
50.875
55.9375
69.6875
90.8125
114.375
135.125
148.6875
153.3125
151.5625
146.375
139.0
130.375
120.9375
111.3125
102.3125
94.5
87.8125
82.0625
77.6875
75.5
75.4375
76.375
77.75
78.5625
78.5
77.625
76.0625
74.0
71.875
69.875
68.0625
66.4375
64.9375
63.6875
62.6875
61.8125
61.0625
60.375
59.75
59.1875
58.625
58.0625
57.5625
57.0
56.375
55.8125
55.1875
54.5625
53.8125
53.0
52.3125
51.75
51.25
50.75
50.25
49.9375
49.75
49.375
49.0
48.4375
47.9375
47.5625
47.25
46.875
46.5625
46.3125
46.5625
50.3125
62.875
84.75
110.375
133.9375
150.375
156.6875
155.5625
150.6875
143.875
135.625
125.6875
115.0625
105.0
96.0625
88.625
82.625
77.75
74.6875
74.0
74.875
76.1875
77.3125
77.5625
76.8125
75.4375
73.5
71.375
69.4375
67.625
65.875
64.375
63.125
62.0625
61.0625
60.1875
59.5
58.875
58.3125
57.6875
57.1875
56.6875
56.25
55.75
55.25
54.8125
54.4375
54.0
53.625
53.1875
52.875
52.5
52.125
51.6875
51.3125
50.9375
50.5625
50.1875
49.6875
49.375
49.0
48.5625
48.25
47.9375
47.625
47.375
47.0625
47.0
48.125
54.125
68.875
90.5625
114.4375
134.8125
147.5625
151.625
149.0
142.625
133.5625
123.0625
112.1875
102.4375
94.3125
87.6875
82.25
77.6875
74.375
73.125
73.5
74.625
75.9375
76.6875
76.5
75.5
73.9375
72.0
70.0625
68.0625
66.375
64.75
63.3125
62.1875
61.1875
60.3125
59.5625
58.9375
58.3125
57.75
57.375
56.8125
56.3125
55.8125
55.3125
54.8125
54.25
53.75
53.3125
52.8125
52.4375
52.0625
51.6875
51.3125
50.9375
50.625
50.25
49.875
49.5
49.1875
49.1875
51.5
60.3125
77.5
99.6875
121.5
138.6875
148.5625
150.25
147.125
141.9375
135.0625
127.125
118.625
110.0
101.875
94.5
87.6875
81.6875
77.25
75.5
75.6875
76.9375
78.375
79.1875
79.0
77.9375
76.25
74.375
72.5
70.75
69.125
67.5625
66.1875
65.0
64.0
63.0625
62.25
61.5
60.8125
60.1875
59.625
59.125
58.625
58.0
57.5
57.0
56.4375
55.9375
55.4375
55.0
54.5625
54.1875
53.875
53.5625
54.0
57.75
69.25
88.5625
111.375
132.375
146.875
153.0
152.875
148.8125
143.0
136.25
128.8125
120.875
112.5625
104.25
96.25
88.75
82.125
77.875
76.25
76.4375
77.5
78.5625
78.875
78.375
77.0625
75.3125
73.1875
71.1875
69.25
67.4375
65.875
64.5
63.3125
62.375
61.5625
60.6875
60.0
59.375
58.8125
58.1875
57.4375
56.875
56.25
55.6875
55.1875
54.625
54.125
53.6875
53.375
54.0625
58.9375
72.3125
93.0625
115.125
133.25
144.5625
147.875
144.5
137.5
129.125
120.25
111.5
103.0625
95.0625
87.6875
80.9375
75.125
71.75
71.0
72.0
73.8125
75.4375
76.1875
75.9375
74.8125
73.0625
71.125
69.1875
67.25
65.5
64.0
62.75
61.6875
60.875
60.125
59.4375
58.9375
58.4375
57.875
57.375
56.8125
56.3125
55.8125
55.375
54.9375
54.5625
54.25
53.875
53.5
53.1875
53.75
58.375
72.0625
94.25
118.6875
139.3125
152.5625
157.0
153.6875
146.375
137.5625
127.75
117.5
107.5625
98.8125
91.3125
84.9375
79.4375
75.875
75.0
75.75
77.4375
79.0
79.625
79.1875
77.8125
75.875
73.6875
71.5625
69.5625
67.8125
66.25
64.9375
63.75
62.8125
62.0625
61.25
60.625
60.0
59.4375
58.875
58.375
57.8125
57.1875
56.6875
56.125
55.625
55.1875
54.75
54.1875
53.6875
53.3125
52.9375
52.625
52.3125
52.0
51.8125
51.5625
51.4375
51.125
50.875
50.6875
50.5
50.25
50.0625
50.8125
56.625
73.375
99.5625
128.1875
152.5
167.5
171.875
169.0625
162.5
154.5625
146.0625
136.5
126.0625
116.25
107.6875
100.3125
93.8125
88.125
83.8125
81.875
81.8125
82.625
83.4375
83.6875
82.9375
81.375
79.3125
77.0625
74.8125
72.8125
71.0
69.375
68.125
66.9375
66.0
65.125
64.25
63.5
62.8125
62.1875
61.5625
60.9375
60.3125
59.625
58.875
58.1875
57.3125
56.375
55.5625
55.0625
54.5625
55.125
60.0
73.4375
94.5625
117.5625
136.6875
148.9375
153.1875
151.0
145.5
138.75
132.1875
125.4375
118.6875
111.75
104.0625
95.875
87.5
80.25
75.8125
74.25
74.625
76.0
77.375
78.0
77.625
76.3125
74.5625
72.5625
70.5
68.625
66.875
65.375
64.0625
62.8125
61.8125
60.9375
60.1875
59.4375
58.8125
58.1875
57.5625
57.0
56.4375
55.9375
55.3125
54.75
54.3125
53.8125
53.375
52.9375
52.5
52.0625
51.6875
51.3125
50.8125
50.5
50.0625
49.6875
49.3125
49.0
48.6875
48.375
48.125
47.8125
47.5625
47.25
46.9375
46.6875
46.4375
46.1875
45.9375
45.75
45.5
45.3125
45.125
44.9375
44.8125
44.5625
44.5
44.375
44.3125
44.25
44.125
44.125
44.0625
44.0625
44.625
49.125
63.6875
88.375
117.1875
142.5
158.6875
163.5625
159.5625
150.0625
136.75
121.875
107.75
96.0
87.4375
81.8125
78.375
76.375
75.0625
74.3125
74.625
75.6875
76.625
77.3125
77.0625
76.0
74.25
72.1875
70.0625
68.0625
66.1875
64.5625
63.1875
62.0625
61.1875
60.4375
59.6875
59.125
58.5625
58.0
57.5
57.0625
56.5625
56.125
55.625
55.125
54.625
54.125
53.6875
53.1875
52.6875
52.1875
51.75
51.375
50.9375
50.5625
50.1875
49.875
49.6875
49.5
49.9375
52.9375
62.375
79.0
99.5625
119.4375
134.5
143.125
145.0625
142.5625
138.3125
133.25
127.3125
120.875
114.25
107.375
100.375
93.0625
85.625
79.3125
75.6875
74.5625
74.9375
76.1875
77.25
77.8125
77.375
76.125
74.4375
72.5625
70.6875
68.9375
67.4375
66.0
64.75
63.6875
62.6875
61.9375
61.1875
60.4375
59.75
59.0625
58.5
57.875
57.3125
56.75
56.25
55.75
55.25
54.75
54.25
53.8125
53.4375
52.875
52.3125
51.75
51.125
50.4375
49.875
49.375
48.9375
48.75
50.5625
58.6875
76.0
99.3125
122.6875
141.3125
152.125
154.8125
152.5625
147.3125
140.75
133.125
124.4375
115.3125
106.1875
97.8125
90.3125
83.625
78.1875
75.0
74.25
74.75
75.875
76.75
76.9375
76.1875
74.75
72.8125
70.6875
68.625
66.6875
65.0625
63.5
62.1875
61.0
60.0
59.25
58.5
57.75
57.125
56.5625
56.0625
55.4375
54.9375
54.4375
53.8125
53.3125
52.875
52.625
53.375
57.9375
69.375
86.8125
105.6875
121.375
131.25
134.3125
131.8125
126.0625
119.0
111.625
104.125
96.6875
89.375
82.125
75.1875
69.75
67.0
66.375
67.4375
69.25
70.75
71.5625
71.4375
70.5
69.0
67.375
65.5625
63.875
62.375
61.0
59.875
58.9375
58.125
57.375
56.875
56.375
55.875
55.4375
54.875
54.4375
53.9375
53.4375
53.0
52.5625
52.0625
51.5625
51.1875
50.75
50.375
50.0
49.625
49.25
48.9375
48.625
48.25
47.9375
47.5625
47.3125
47.0625
46.75
46.5
46.25
46.0625
45.75
45.5
45.1875
45.0
44.8125
44.5625
44.375
44.1875
43.9375
43.75
43.6875
44.8125
51.8125
69.3125
94.6875
121.75
144.0625
156.875
159.75
156.125
148.5
138.3125
126.3125
113.75
102.25
92.9375
86.0
81.0625
77.5
74.75
73.3125
73.375
74.5625
75.75
76.6875
76.75
75.9375
74.5
72.5625
70.4375
68.4375
66.5625
64.9375
63.5625
62.4375
61.5
60.75
60.0625
59.5625
59.125
58.6875
58.1875
57.6875
57.375
56.9375
56.4375
55.9375
55.4375
55.0
54.5625
54.125
53.6875
53.3125
52.8125
52.4375
52.0625
51.5625
51.1875
50.6875
50.375
50.0
49.5625
49.25
49.0
48.8125
48.625
49.5
54.875
68.0625
87.5625
109.75
129.8125
143.375
149.0
148.1875
144.25
139.0
132.875
125.75
117.75
109.4375
101.3125
93.625
86.5
80.1875
75.6875
73.8125
73.6875
74.4375
75.375
75.9375
75.625
74.5625
72.9375
71.0
68.9375
66.9375
65.0625
63.4375
62.0625
60.8125
59.8125
58.9375
58.1875
57.5
56.875
56.25
55.625
55.0625
54.5625
54.0
53.5
52.9375
52.4375
52.0
51.5
51.0
50.5
50.0625
49.625
49.1875
48.75
48.4375
48.125
48.0625
49.5625
56.3125
71.1875
91.625
112.625
129.625
139.875
142.3125
138.75
132.1875
123.75
114.1875
104.25
95.0625
87.25
80.625
75.0
70.375
67.875
67.625
68.6875
70.4375
71.9375
72.625
72.4375
71.3125
69.5
67.625
65.875
64.0
62.1875
60.75
59.625
58.625
57.6875
57.0
56.375
55.875
55.4375
55.0
54.5625
54.1875
53.75
53.3125
52.8125
52.375
51.9375
51.4375
51.0
50.5625
50.1875
49.75
49.375
49.0
48.625
48.25
47.875
47.5625
47.1875
46.9375
46.6875
46.4375
46.125
45.9375
46.375
50.125
61.6875
81.0625
104.125
125.8125
141.25
147.875
147.5
143.125
136.0
126.6875
116.5
106.375
97.125
89.3125
82.9375
77.75
73.6875
71.1875
70.875
71.875
73.4375
74.625
74.875
74.25
73.0
71.25
69.25
67.25
65.3125
63.5625
62.0625
60.75
59.625
58.625
57.875
57.1875
56.625
56.25
55.875
55.5625
55.25
54.9375
54.5625
54.1875
53.75
53.3125
52.8125
52.3125
51.875
51.625
51.25
50.875
50.5625
50.3125
50.0625
49.75
49.4375
49.1875
49.0
48.75
48.5625
48.625
50.625
58.8125
75.125
96.5
118.4375
136.125
146.5625
148.75
145.875
140.5
133.1875
124.875
115.6875
106.4375
98.0625
90.875
84.8125
79.4375
75.25
73.3125
73.25
74.1875
75.375
76.125
76.0625
75.3125
73.8125
71.9375
70.0625
68.1875
66.3125
64.625
63.125
61.625
60.375
59.25
58.375
57.6875
57.125
56.5625
56.0625
55.5625
55.0625
54.5
53.875
53.1875
52.625
52.0
51.5
51.125
50.5625
50.125
49.6875
49.1875
48.875
48.625
48.9375
52.5
63.25
81.5
102.8125
122.0625
136.0625
142.4375
142.125
137.75
131.25
123.6875
115.5
107.375
99.625
92.5625
86.0
79.625
74.125
70.625
69.5625
70.0625
71.3125
72.5
73.0625
72.6875
71.5625
69.9375
68.125
66.25
64.5
62.875
61.4375
60.25
59.1875
58.25
57.375
56.75
56.125
55.5625
54.9375
54.4375
53.9375
53.375
52.9375
52.625
52.25
51.875
51.4375
50.9375
50.5625
50.3125
50.0
49.625
49.25
49.0
49.125
51.6875
60.875
78.3125
100.125
120.875
136.1875
143.625
143.5
138.625
130.9375
121.4375
111.0625
100.8125
91.75
84.25
78.1875
73.25
69.6875
68.5
69.1875
70.75
72.4375
73.5625
73.6875
72.875
71.4375
69.5
67.5625
65.6875
63.875
62.1875
60.8125
59.6875
58.6875
57.8125
57.1875
56.6875
56.125
55.625
55.0625
54.625
54.1875
53.6875
53.1875
52.6875
52.1875
51.75
51.25
50.8125
50.4375
50.0625
49.6875
49.3125
49.0
48.625
48.3125
48.0625
49.0
54.625
69.125
90.75
114.0
133.5625
145.875
149.9375
148.0625
142.625
135.0625
126.5
117.125
108.0
99.5625
92.1875
85.625
79.9375
75.5625
73.4375
73.375
74.3125
75.6875
76.5625
76.625
75.8125
74.375
72.5
70.5
68.6875
66.9375
65.375
63.9375
62.75
61.75
60.9375
60.1875
59.625
59.125
58.625
58.1875
57.75
57.3125
56.75
56.25
55.6875
55.25
54.6875
54.1875
53.6875
53.25
52.75
52.375
52.1875
52.8125
57.5625
70.8125
91.5625
114.75
135.0
148.0625
152.5
150.5
145.125
138.3125
131.125
123.8125
115.875
107.1875
98.4375
90.3125
83.0625
77.25
74.1875
73.5625
74.375
75.8125
76.875
77.0625
76.375
74.9375
72.9375
70.6875
68.5
66.5625
64.9375
63.4375
62.1875
61.0
59.9375
59.0625
58.25
57.5
57.0
56.375
55.8125
55.25
54.6875
54.1875
53.6875
53.1875
52.6875
52.1875
51.6875
51.25
50.8125
50.4375
50.0
49.5625
49.125
48.6875
48.3125
47.9375
47.5625
47.25
46.875
46.5625
46.25
46.0
45.8125
46.5625
51.875
66.6875
89.75
114.5625
135.75
149.375
153.1875
149.5
141.9375
131.75
119.875
108.125
97.75
89.3125
82.6875
77.75
74.0
71.5625
71.125
72.1875
73.8125
75.3125
75.9375
75.4375
74.1875
72.375
70.25
68.125
66.0625
64.3125
62.75
61.5
60.25
59.4375
58.75
58.25
57.75
57.1875
56.75
56.375
55.9375
55.4375
55.0
54.5
54.125
53.625
53.1875
52.75
52.4375
52.125
52.9375
57.5625
69.5
87.625
107.375
124.3125
135.5
139.75
138.125
133.125
126.5625
119.4375
112.25
104.9375
97.875
90.9375
84.0
77.4375
72.6875
70.625
70.4375
71.4375
72.75
73.625
73.875
73.1875
71.9375
70.25
68.4375
66.5625
64.8125
63.3125
62.0625
60.9375
59.9375
59.125
58.375
57.875
57.3125
56.9375
56.4375
55.8125
55.3125
54.875
55.1875
59.0
70.6875
90.625
113.1875
132.375
144.9375
149.6875
147.8125
142.4375
135.375
127.9375
120.6875
113.5
106.3125
98.875
91.3125
84.0
77.875
74.5
73.6875
74.375
76.0
77.375
77.875
77.375
76.0625
74.25
72.375
70.5625
68.8125
67.1875
65.75
64.4375
63.4375
62.5625
61.875
61.25
60.5625
60.0625
59.5
58.9375
58.375
57.875
57.4375
56.9375
56.4375
55.9375
55.75
57.75
67.1875
87.25
112.9375
137.0625
154.25
161.625
160.75
155.5
147.875
139.4375
130.4375
120.5625
110.8125
101.75
93.6875
86.5625
80.6875
77.25
76.375
77.0625
78.375
79.4375
79.6875
79.0
77.3125
75.1875
72.875
70.6875
68.6875
66.875
65.1875
63.75
62.5625
61.5
60.5625
59.8125
59.1875
58.625
57.9375
57.375
56.75
56.1875
55.6875
55.25
55.75
60.125
73.125
94.375
117.3125
135.9375
147.1875
150.125
146.375
139.125
130.125
120.5625
111.375
102.75
94.6875
87.1875
80.125
74.5625
71.8125
71.5
72.8125
74.625
76.0
76.375
75.6875
74.3125
72.3125
70.1875
68.1875
66.375
64.75
63.375
62.1875
61.25
60.5
59.875
59.375
59.0
58.5625
58.0625
57.5
56.9375
56.4375
56.0
55.5
55.125
54.75
54.375
54.0
53.6875
54.1875
58.8125
73.8125
98.625
125.125
146.6875
159.375
161.875
156.5625
147.0625
135.3125
123.125
111.8125
102.0625
94.0625
87.5
82.25
78.1875
76.3125
76.6875
78.1875
79.9375
81.0625
81.0
79.875
78.0625
75.9375
73.625
71.4375
69.5
67.8125
66.375
65.125
64.1875
63.4375
62.6875
61.9375
61.1875
60.5625
59.875
59.0625
58.3125
57.5625
57.0
56.375
55.875
55.4375
55.0625
54.6875
54.0625
53.5625
53.1875
52.75
52.25
51.8125
51.4375
51.0625
50.625
50.25
49.9375
49.625
49.375
49.6875
53.6875
67.875
92.5625
121.125
146.3125
163.0
168.9375
166.75
160.3125
152.0
142.5
131.9375
121.0625
111.125
102.5
95.125
88.8125
83.375
79.8125
78.8125
79.375
80.4375
81.3125
81.375
80.5
78.8125
76.5625
74.25
72.0
70.0625
68.3125
66.75
65.4375
64.25
63.25
62.4375
61.6875
60.9375
60.25
59.6875
59.0625
58.5
57.875
57.25
56.6875
56.0625
55.5
55.0
54.5
54.0
53.5625
53.1875
52.8125
52.375
52.0
51.5625
51.125
50.75
50.375
50.125
49.75
49.4375
49.0
48.6875
48.4375
48.125
47.875
47.625
47.375
47.125
47.0625
48.4375
55.625
73.3125
98.8125
125.375
146.625
158.5
160.9375
157.0625
149.625
139.75
128.375
116.625
106.0
97.25
90.25
84.5625
79.875
76.5625
75.375
75.875
77.125
78.4375
78.9375
78.375
77.125
75.25
73.125
71.0
69.0
67.125
65.5
64.125
63.0
62.0
61.125
60.4375
59.8125
59.25
58.75
58.1875
57.625
57.125
56.5625
56.0625
55.5
54.875
54.375
53.875
53.375
52.9375
52.5
52.0625
51.6875
51.25
51.0
50.6875
50.4375
50.1875
50.0
49.8125
49.5625
49.4375
49.1875
48.9375
48.6875
48.4375
48.1875
47.9375
47.75
47.5625
47.375
47.25
47.25
47.8125
52.1875
64.625
85.0625
109.0
131.125
146.875
154.4375
154.5
150.5625
144.5625
137.0
127.9375
117.625
107.25
98.0625
90.4375
84.125
79.0625
76.0
75.4375
76.25
77.6875
78.8125
79.125
78.625
77.25
75.375
73.25
71.25
69.3125
67.625
66.1875
64.875
63.875
63.0
62.0
61.125
60.375
59.625
58.75
57.875
57.125
56.4375
55.875
55.25
54.625
54.1875
53.75
53.25
52.6875
52.125
51.5625
51.375
52.5
58.1875
71.0625
89.4375
108.8125
124.75
134.9375
138.625
137.3125
133.1875
127.6875
121.5
114.875
108.125
101.3125
94.0625
86.4375
79.0
73.25
70.3125
69.5
70.25
71.5625
72.625
73.0625
72.5625
71.3125
69.6875
67.875
66.0
64.4375
63.0
61.6875
60.4375
59.4375
58.5625
57.8125
57.125
56.4375
55.75
55.125
54.625
54.0625
53.5625
53.0
52.5
52.0625
51.5625
51.1875
50.75
50.25
49.875
49.6875
50.5
55.5
68.8125
89.0625
110.5625
128.5
139.9375
143.25
140.3125
133.8125
125.0
114.9375
104.6875
95.25
87.1875
80.25
74.4375
70.3125
68.6875
69.0625
70.4375
72.1875
73.375
73.625
73.0
71.6875
69.875
67.9375
66.125
64.375
62.8125
61.3125
60.0625
59.0625
58.1875
57.4375
56.75
56.1875
55.75
55.375
54.75
54.3125
53.8125
53.375
52.8125
52.3125
51.8125
51.375
50.9375
50.5
50.125
49.75
49.3125
48.9375
48.5625
48.3125
48.0
47.6875
47.3125
47.0
46.75
46.5
46.1875
45.9375
45.6875
45.375
45.125
44.9375
44.6875
44.5
44.25
44.0
43.8125
43.6875
44.6875
50.8125
66.4375
89.5
114.9375
136.75
150.3125
154.8125
153.125
147.8125
139.6875
128.9375
117.25
106.25
97.0
89.625
83.875
79.25
75.5
73.125
72.625
73.3125
74.4375
75.5
75.8125
75.3125
74.1875
72.4375
70.4375
68.4375
66.6875
65.0625
63.75
62.5625
61.5625
60.8125
60.0625
59.375
58.6875
58.1875
57.6875
57.1875
56.625
56.0625
55.5625
55.0625
54.5
53.9375
53.4375
52.9375
52.5
52.0625
51.625
51.3125
50.9375
50.5625
50.1875
49.875
49.625
49.25
48.875
48.5625
48.375
48.125
48.6875
53.375
65.5625
84.125
105.375
124.6875
138.375
144.3125
144.0
140.5
135.5
129.3125
122.1875
114.3125
106.3125
98.5625
91.25
84.3125
77.9375
73.1875
70.9375
70.5625
71.125
72.0625
72.75
72.6875
71.875
70.4375
68.8125
67.0
65.25
63.6875
62.25
60.875
59.6875
58.625
57.75
57.0
56.25
55.625
55.0
54.5
53.9375
53.4375
53.0
52.5625
52.0625
51.625
51.1875
50.875
50.5625
50.1875
49.8125
49.375
49.0
48.625
48.3125
47.9375
47.5625
47.25
46.875
46.5625
46.25
45.9375
45.6875
45.3125
45.0
44.75
44.5
44.3125
44.0625
43.8125
43.5625
43.3125
43.1875
43.75
47.875
60.0
79.1875
101.625
122.5
137.375
144.125
143.5625
138.0
129.0
118.0
106.8125
96.5625
87.8125
80.9375
75.75
71.625
68.5625
66.875
67.0625
68.1875
69.5
70.5625
70.875
70.5
69.4375
67.8125
66.0
64.1875
62.5
60.9375
59.5
58.3125
57.375
56.5
55.75
55.125
54.625
54.125
53.75
53.25
52.75
52.3125
51.875
51.5
51.0625
50.625
50.25
49.75
49.4375
49.0
48.625
48.25
47.875
47.5
47.0625
46.75
46.375
46.0625
45.8125
45.5625
45.3125
45.0
44.8125
44.5625
44.25
44.0625
43.875
43.75
44.75
49.9375
62.375
80.25
100.6875
119.625
132.625
138.4375
138.4375
134.9375
128.9375
121.25
112.75
104.125
96.1875
89.0
82.5625
76.875
72.1875
69.3125
68.6875
69.3125
70.625
71.8125
72.4375
72.3125
71.4375
70.0
68.3125
66.5
64.8125
63.25
61.9375
60.6875
59.625
58.75
58.0
57.25
56.6875
56.125
55.6875
55.25
54.75
54.25
53.8125
53.3125
52.875
52.375
51.9375
51.5625
51.125
50.75
50.3125
49.9375
49.625
49.3125
48.9375
48.625
48.25
48.0
47.75
47.5
47.125
46.6875
46.25
45.875
45.3125
44.8125
44.375
44.0625
43.625
43.3125
43.125
42.875
42.75
42.5
42.25
42.0
41.6875
41.5
41.25
41.0625
40.75
40.5
40.375
40.375
41.9375
49.3125
64.4375
84.75
107.125
125.875
137.5
142.625
142.5
138.75
132.1875
123.1875
113.0625
103.0
93.9375
86.25
79.875
74.75
70.6875
68.0625
67.375
68.0
69.125
70.3125
70.9375
70.6875
69.75
68.25
66.5625
64.8125
63.125
61.5
60.0625
58.8125
57.75
56.875
56.125
55.4375
54.875
54.3125
53.75
53.3125
52.875
52.4375
52.0
51.5625
51.125
50.6875
50.375
50.0
49.625
49.3125
49.0
48.75
48.4375
48.0625
47.6875
47.375
47.125
47.4375
50.125
57.875
71.0625
87.375
103.75
116.875
124.6875
126.6875
124.625
119.9375
113.625
106.4375
99.0625
92.0
85.3125
78.9375
72.9375
67.875
64.875
63.8125
64.1875
65.4375
66.8125
67.75
67.9375
67.5
66.4375
65.0625
63.5
61.8125
60.3125
59.0
57.75
56.75
55.8125
55.0625
54.375
53.8125
53.3125
52.9375
52.5
52.125
51.6875
51.125
50.6875
50.1875
49.75
49.375
48.9375
48.625
48.375
48.3125
50.0
56.8125
70.625
88.9375
107.9375
123.5
133.1875
136.125
134.0
129.125
122.5
114.9375
107.25
99.5
92.1875
85.4375
79.0625
73.375
69.125
67.3125
67.25
68.25
69.75
70.8125
71.25
70.8125
69.6875
68.125
66.5
64.8125
63.1875
61.875
60.6875
59.625
58.8125
58.0
57.25
56.75
56.3125
55.8125
55.4375
55.0
54.5625
54.125
53.75
53.3125
52.875
52.5
52.0625
51.6875
51.1875
50.8125
50.375
50.0
49.6875
49.25
48.875
48.5
48.1875
47.8125
47.5
47.25
46.9375
46.6875
46.5
46.375
47.25
52.9375
67.0625
87.9375
111.4375
132.1875
145.375
150.625
149.9375
145.125
137.75
128.625
118.375
107.875
98.625
90.9375
84.6875
79.625
75.5
72.6875
71.625
71.75
72.5
73.3125
73.625
73.1875
72.0625
70.5625
68.6875
66.75
64.9375
63.1875
61.6875
60.3125
59.1875
58.125
57.25
56.5625
56.0
55.4375
54.9375
54.375
53.875
53.375
52.875
52.4375
51.875
51.375
50.875
50.4375
50.0625
49.5625
49.125
48.6875
48.375
48.25
48.875
53.0625
64.25
81.6875
101.125
117.9375
129.5
134.8125
134.25
129.875
122.875
114.25
104.9375
95.875
87.5625
80.3125
74.125
69.0625
66.0625
65.375
66.1875
68.0
69.75
70.875
71.0625
70.4375
69.0625
67.375
65.6875
63.9375
62.375
60.875
59.5625
58.5625
57.5625
56.875
56.1875
55.625
55.1875
54.6875
54.25
53.8125
53.375
53.0
52.5
52.0
51.5
51.125
50.6875
50.25
49.875
49.5625
49.1875
48.875
48.5
48.125
47.75
47.4375
47.1875
46.875
46.625
46.3125
46.0
45.8125
45.5625
45.3125
45.0625
44.875
45.4375
49.9375
63.0
84.125
108.375
130.0
144.8125
151.1875
150.75
145.9375
138.125
128.0
116.9375
106.25
97.0
89.4375
83.5
79.0
75.4375
73.25
72.875
73.5
74.5625
75.3125
75.3125
74.6875
73.375
71.625
69.6875
67.75
65.9375
64.25
62.75
61.5
60.4375
59.6875
58.9375
58.375
57.875
57.5
57.125
56.75
56.375
55.9375
55.4375
55.0625
54.625
54.125
53.625
53.125
52.8125
52.5
52.1875
51.875
51.6875
51.4375
51.0625
50.8125
50.5
50.25
50.375
52.4375
60.6875
76.625
97.1875
118.0
134.5
144.375
146.9375
144.125
138.6875
132.0
124.9375
117.5625
109.75
102.25
95.1875
88.5625
82.3125
77.1875
74.375
73.625
74.125
75.25
76.1875
76.3125
75.625
74.375
72.6875
70.9375
69.0625
67.1875
65.4375
63.875
62.375
61.125
60.0
59.125
58.375
57.875
57.3125
56.8125
56.375
55.75
55.1875
54.4375
53.8125
53.3125
52.875
52.8125
54.625
62.125
77.3125
97.125
116.3125
131.0625
139.75
141.875
138.875
133.0
125.5625
117.4375
109.4375
101.75
94.5625
87.75
81.0
75.1875
71.4375
70.125
70.5625
71.875
73.25
74.0
73.8125
72.75
71.1875
69.375
67.5
65.75
64.0625
62.625
61.3125
60.3125
59.4375
58.6875
58.0
57.375
56.8125
56.25
55.75
55.1875
54.6875
54.1875
53.6875
53.25
52.8125
52.375
51.9375
51.4375
51.125
51.125
53.4375
62.625
81.125
104.0625
125.4375
141.25
148.625
147.5
140.3125
130.0625
118.625
107.5625
97.9375
89.875
83.3125
77.875
73.4375
70.625
70.0625
71.0625
72.9375
74.875
76.0
75.8125
74.8125
73.25
71.1875
69.1875
67.3125
65.5
63.8125
62.3125
61.0625
60.0625
59.1875
58.75
58.625
57.9375
57.1875
56.6875
56.4375
56.0
55.5625
54.875
54.0625
53.75
53.5625
52.875
52.5625
52.375
51.875
51.0625
50.8125
50.75
50.5
49.5625
49.5
49.875
53.625
66.5
88.1875
113.4375
136.625
152.5
158.8125
157.9375
153.5625
146.375
137.5625
126.8125
116.625
107.4375
98.75
91.4375
85.6875
80.625
77.1875
76.3125
77.125
78.8125
80.125
80.125
79.6875
78.3125
76.125
74.25
72.3125
70.0
68.125
67.0
65.625
64.1875
63.4375
62.625
62.0
61.875
61.0
60.5625
60.25
59.625
59.25
58.9375
58.25
57.625
57.5625
56.875
56.25
56.125
55.5
54.875
54.25
54.0
53.8125
53.4375
53.125
52.8125
52.5625
52.3125
52.0625
51.625
51.4375
51.0625
50.9375
53.4375
63.8125
84.0625
109.875
134.6875
153.625
163.375
164.875
161.3125
154.9375
147.3125
138.5625
128.875
118.6875
109.0625
100.4375
93.125
86.75
81.4375
78.5
78.25
79.375
80.75
81.5
81.4375
80.3125
78.375
76.1875
73.8125
71.5
69.5625
67.75
66.0
64.625
63.5
62.5625
61.6875
60.9375
60.25
59.375
59.125
58.625
57.8125
57.6875
56.8125
56.1875
55.9375
55.4375
55.125
54.0
53.3125
52.9375
52.5
52.125
51.625
51.1875
50.8125
50.75
50.3125
50.125
49.4375
48.75
48.25
48.75
53.25
66.0625
86.375
109.875
130.875
145.6875
152.1875
151.0
144.75
136.0625
126.5
116.4375
107.0625
98.9375
91.875
85.5625
80.0
75.75
73.6875
73.8125
75.1875
76.75
77.875
78.0
76.9375
75.375
73.5625
71.4375
69.375
67.5625
65.9375
64.5
63.3125
62.3125
61.5
60.9375
60.3125
59.5625
59.0625
58.625
58.1875
57.625
57.125
56.6875
56.125
55.5625
54.9375
54.5625
54.1875
53.6875
53.1875
52.8125
52.4375
51.9375
51.625
51.3125
50.8125
50.5
50.0625
49.75
49.375
49.0625
48.8125
48.4375
48.1875
48.1875
48.0625
47.5
47.1875
47.0
46.75
46.8125
47.3125
51.625
64.8125
86.375
111.25
133.875
149.625
156.75
156.875
152.5625
145.5
136.375
126.1875
115.8125
106.375
98.375
91.6875
86.125
81.1875
77.375
76.0625
76.3125
77.1875
78.25
78.75
78.625
77.625
75.875
73.9375
71.8125
69.8125
68.0
66.5625
65.3125
64.3125
63.375
62.5625
61.9375
61.375
60.75
60.25
59.75
59.3125
58.8125
58.3125
57.8125
57.375
56.875
56.4375
55.9375
55.5
55.1875
54.8125
54.4375
54.1875
53.8125
53.4375
53.0
52.75
52.5625
52.25
51.9375
51.6875
51.375
51.0625
50.75
50.5
50.25
49.9375
49.75
49.4375
49.25
49.125
49.25
51.125
59.0
75.25
97.0625
120.3125
139.6875
151.625
155.8125
154.75
150.625
145.25
138.1875
130.5625
122.125
113.1875
105.125
96.8125
89.5
83.4375
79.125
77.8125
77.1875
76.9375
78.375
79.3125
78.5625
75.5
73.5625
72.75
71.0
69.4375
68.125
67.1875
64.0
57.5
60.4375
69.125
66.1875
56.3125
54.9375
59.5625
58.875
57.375
57.6875
58.0625
57.4375
55.625
54.625
53.625
52.8125
52.6875
53.9375
60.0625
73.25
90.5
107.8125
121.625
129.8125
132.8125
131.1875
126.8125
120.875
113.9375
106.625
99.3125
91.875
84.3125
77.125
71.8125
69.125
68.3125
68.9375
70.5625
71.9375
72.75
72.4375
71.625
70.8125
69.0
67.375
65.5
63.9375
63.6875
62.6875
61.125
59.875
59.3125
58.75
58.25
57.6875
56.875
56.5
56.0625
55.5625
55.375
55.0625
54.875
54.1875
54.0625
57.75
68.75
87.1875
108.8125
127.8125
140.625
146.3125
145.125
139.5
131.6875
122.9375
114.125
105.8125
98.1875
91.3125
85.0
79.25
74.6875
72.75
72.75
73.9375
75.5625
76.625
76.6875
76.3125
75.3125
73.4375
71.25
69.5
67.75
66.0
64.5625
63.25
61.875
60.8125
59.8125
59.125
58.75
58.3125
57.625
57.1875
56.8125
56.0625
55.25
54.9375
54.3125
53.6875
53.1875
52.9375
52.8125
52.5625
51.8125
51.1875
50.625
50.5625
50.1875
50.0625
49.5
48.75
48.625
48.375
48.5
48.1875
48.125
47.9375
46.875
46.1875
48.8125
57.3125
75.9375
102.0
128.0625
148.4375
159.9375
161.6875
158.125
151.1875
141.1875
129.75
117.9375
106.875
98.25
91.1875
85.1875
80.8125
77.4375
75.3125
75.375
76.25
77.125
77.625
77.5625
77.0
75.6875
73.8125
71.6875
69.5625
67.4375
65.75
64.125
62.875
62.25
61.1875
60.25
59.75
59.125
58.5
57.9375
57.4375
56.8125
56.1875
55.625
55.3125
54.875
54.0625
53.4375
53.25
52.625
51.1875
47.8125
53.0625
55.8125
49.875
49.5625
49.75
49.0625
48.625
48.0625
48.75
49.9375
55.8125
70.9375
92.1875
113.8125
132.5625
145.625
149.0625
146.8125
140.375
132.5
124.0
115.0625
105.875
98.1875
91.1875
84.5625
78.9375
74.8125
72.75
72.75
74.125
75.375
75.5
74.4375
73.9375
73.625
71.9375
69.5625
68.0
66.25
64.5625
63.3125
61.8125
60.625
59.9375
59.25
58.4375
57.9375
57.25
56.875
56.5625
55.8125
55.0625
54.5
53.9375
53.25
53.0
53.0625
52.3125
51.6875
51.4375
51.1875
50.9375
50.5625
50.75
52.3125
59.875
75.75
97.3125
119.125
136.75
146.875
149.1875
146.0625
140.0
132.5625
124.25
115.0625
106.0
97.9375
90.625
84.25
78.5
74.5
73.125
73.5
74.8125
75.9375
76.5625
76.4375
75.4375
74.125
71.3125
69.1875
68.0
66.4375
65.3125
64.75
62.9375
59.375
58.5
59.8125
59.0625
58.5625
58.5
58.125
57.5625
56.8125
55.6875
54.875
54.25
54.25
54.1875
53.4375
53.0625
53.0
52.4375
52.625
56.0625
65.1875
82.3125
104.6875
125.6875
140.4375
148.625
149.375
144.625
138.0
130.75
122.625
113.375
104.875
97.125
88.875
82.25
76.3125
72.4375
71.1875
71.8125
73.625
75.3125
75.375
73.875
72.625
71.4375
69.875
68.9375
67.125
64.8125
62.1875
60.4375
59.125
59.75
60.125
59.1875
58.875
60.75
60.375
55.25
52.25
55.375
55.1875
47.625
48.125
52.5
52.4375
52.0
51.6875
50.375
49.6875
49.4375
48.625
50.25
52.125
47.6875
45.6875
46.25
46.8125
50.125
49.875
48.625
48.5
47.375
46.25
46.4375
46.6875
47.0
49.25
57.375
74.5
98.5
122.3125
141.3125
152.6875
155.0
148.875
138.25
127.8125
121.5625
114.375
100.5625
86.6875
80.25
74.25
67.4375
62.1875
69.0625
79.6875
80.125
80.9375
79.4375
77.375
75.1875
74.5
73.3125
69.5
68.4375
66.0625
64.1875
64.3125
63.6875
65.375
61.3125
55.375
55.6875
59.0
60.875
61.4375
59.5
57.3125
55.375
54.25
54.0625
54.125
54.1875
54.25
52.9375
51.8125
52.0625
51.5625
51.4375
51.3125
50.5625
49.9375
49.3125
48.9375
48.875
48.625
48.3125
48.5625
52.0
63.1875
81.875
104.75
126.25
142.375
150.5625
151.6875
148.625
143.375
136.9375
129.4375
121.5625
113.75
105.9375
98.5
91.5
84.75
79.4375
76.9375
75.25
75.6875
76.9375
77.5625
77.8125
76.8125
75.375
73.625
71.4375
69.5625
68.0625
66.3125
65.0625
63.625
62.4375
61.3125
60.5625
59.75
59.0625
58.5625
57.8125
57.4375
56.9375
56.375
55.875
55.0625
54.625
54.1875
53.5625
53.5
52.9375
52.8125
55.3125
63.5
80.4375
102.0
121.375
137.1875
146.4375
146.0
140.6875
133.9375
125.875
116.6875
108.8125
102.1875
94.8125
87.6875
81.125
75.4375
72.3125
71.1875
72.0
74.0
75.5
75.75
74.875
73.8125
72.1875
70.1875
68.5
66.5625
64.75
63.25
61.8125
60.3125
59.875
61.125
59.0625
58.3125
58.25
57.125
57.0625
56.375
55.4375
54.5
53.9375
53.9375
53.8125
54.875
59.5625
71.4375
92.4375
114.875
132.5
144.375
148.875
145.5625
139.0625
130.75
122.25
113.9375
105.5625
97.5625
89.875
83.25
76.6875
73.4375
72.1875
72.8125
74.4375
75.9375
76.9375
76.375
75.1875
73.4375
71.4375
69.3125
67.4375
65.6875
64.25
62.9375
62.0
61.3125
60.625
59.9375
59.4375
59.0
58.5625
58.125
57.6875
57.125
56.625
56.0625
55.5
55.25
54.8125
54.3125
54.1875
53.6875
53.875
57.3125
69.4375
91.3125
116.6875
139.125
154.375
160.1875
157.625
150.4375
141.3125
130.9375
120.5
110.5625
101.5
93.6875
87.1875
81.5625
77.375
75.5625
75.9375
77.4375
79.0625
80.0
79.875
78.875
77.0625
74.8125
72.5625
70.375
68.5
66.875
65.4375
64.3125
63.375
62.375
61.5
60.8125
59.9375
59.0
58.3125
57.625
56.8125
56.3125
55.75
55.25
54.75
54.25
53.6875
53.25
52.625
52.125
51.75
51.125
50.625
50.125
49.625
49.125
48.8125
48.4375
48.0625
47.6875
47.3125
47.1875
47.0
46.625
46.25
46.0625
45.75
45.5625
45.375
45.3125
46.4375
53.5625
72.0625
98.6875
125.875
147.625
159.9375
162.3125
157.8125
149.625
138.5625
126.0625
113.8125
103.375
95.1875
89.0
84.25
80.625
77.8125
76.6875
77.0625
78.3125
79.75
80.3125
79.8125
78.375
76.4375
74.4375
72.3125
70.3125
68.5
67.0625
65.75
64.625
63.875
63.125
62.5
61.9375
61.375
60.8125
60.25
59.6875
59.125
58.6875
58.0625
57.5
56.9375
56.4375
55.9375
55.4375
55.0
54.5625
54.0625
53.5625
53.3125
52.9375
52.625
52.4375
51.875
51.9375
53.375
60.6875
76.6875
98.25
121.125
139.8125
150.9375
153.75
151.4375
146.6875
140.25
133.3125
125.9375
118.0
110.0625
102.375
94.875
87.5625
81.0625
76.6875
75.0
75.125
76.0625
77.5
78.75
77.75
76.0625
74.25
72.1875
70.1875
68.1875
66.4375
64.8125
63.625
62.5625
61.5625
60.75
59.875
59.25
58.5
57.75
57.3125
56.5625
56.1875
55.5
55.1875
54.625
53.9375
53.625
53.0
52.5625
52.0625
52.0625
50.75
50.5
50.8125
49.6875
49.375
49.25
49.3125
49.6875
47.375
47.625
47.5625
46.8125
47.1875
48.875
57.4375
75.375
99.125
123.25
142.0625
152.3125
154.5
150.3125
143.125
133.3125
121.5625
109.9375
99.8125
91.375
84.75
79.75
75.625
73.25
73.125
74.1875
76.0
76.875
77.1875
76.6875
74.875
73.0
70.875
68.6875
66.8125
65.0
63.4375
62.125
61.0625
60.125
59.375
58.625
58.0625
57.625
57.125
56.5625
55.875
55.375
54.9375
54.5
53.8125
53.3125
52.9375
52.5
52.0
51.5
51.125
50.75
50.4375
50.0
49.6875
49.1875
48.625
48.375
48.1875
47.9375
47.5
47.25
47.1875
46.625
46.375
46.4375
46.125
45.625
45.3125
45.1875
44.9375
44.75
44.3125
44.0625
44.0
43.875
43.625
43.375
43.3125
43.25
42.875
42.6875
42.5
42.375
42.3125
42.125
41.875
41.6875
41.625
41.5
41.4375
41.5
42.1875
46.4375
58.625
78.875
103.75
127.75
144.3125
151.3125
151.125
146.375
138.3125
127.8125
115.625
103.3125
93.0
85.0625
79.4375
76.0625
73.8125
72.625
72.6875
73.875
75.5
76.8125
77.125
75.25
74.0
72.25
69.6875
68.4375
66.625
64.9375
63.4375
61.9375
60.625
60.0625
59.625
59.0
58.5625
58.125
57.5
57.0
56.5625
56.125
55.5
54.875
54.6875
54.0625
53.5
53.1875
52.6875
52.1875
52.0625
53.5
58.875
69.75
85.0
101.625
115.4375
124.3125
127.9375
127.1875
123.625
118.5625
113.0625
107.5625
101.875
95.75
89.3125
82.25
75.25
69.9375
67.375
66.6875
67.3125
68.5
69.625
70.1875
69.875
68.9375
67.5
65.5625
63.8125
62.4375
61.3125
60.0625
58.8125
57.75
57.0
55.9375
55.125
54.6875
54.0
53.5
52.875
52.4375
52.0625
51.4375
51.0
50.625
50.125
49.6875
49.375
49.0625
48.625
48.5625
48.125
47.4375
47.3125
47.0625
46.75
46.25
46.25
48.0625
56.125
73.0
95.25
117.3125
134.625
144.4375
145.8125
141.25
133.125
122.5625
111.4375
101.125
91.875
84.3125
78.3125
73.625
70.4375
69.0625
69.4375
70.75
72.1875
73.25
73.5
73.375
76.5625
72.75
62.3125
59.8125
60.5
60.3125
62.3125
63.625
61.625
57.9375
55.0625
56.5625
55.125
53.875
55.4375
55.0625
54.5
53.3125
52.9375
52.25
51.875
51.4375
51.0
50.625
50.125
49.5
49.125
48.9375
48.5625
48.3125
47.9375
47.5
47.0625
46.4375
46.125
46.1875
46.6875
47.125
46.1875
44.5
44.0625
44.5625
44.5
44.4375
44.125
43.5
43.3125
42.4375
41.625
40.25
40.5625
46.375
49.25
46.0625
41.75
52.5625
71.75
93.3125
117.6875
137.3125
149.4375
152.125
147.625
141.625
133.75
124.0
114.125
103.75
94.8125
87.5
81.625
77.0
73.4375
71.75
71.875
72.4375
73.75
74.625
74.6875
74.25
72.9375
71.25
69.375
67.4375
65.6875
64.125
62.8125
61.75
60.8125
59.9375
59.25
58.375
57.4375
57.5
57.75
57.5
56.5625
55.8125
55.375
54.625
54.125
53.8125
53.4375
53.125
52.4375
51.9375
51.5
51.1875
50.6875
50.1875
49.75
49.5625
49.0625
47.9375
43.0
39.5625
52.5
59.25
48.625
44.375
45.5625
47.0
48.25
46.375
43.5625
43.9375
44.625
44.0625
43.4375
43.25
43.0625
42.3125
42.8125
42.8125
39.875
35.8125
40.3125
43.8125
46.375
48.875
41.75
34.6875
35.5
40.125
46.625
60.1875
79.4375
100.3125
120.25
134.875
142.8125
144.625
141.8125
135.25
126.5625
117.5
107.875
98.75
90.875
83.8125
77.6875
74.1875
71.25
68.625
68.125
69.125
70.25
71.0
71.125
70.625
69.4375
67.75
65.875
64.0625
62.4375
60.9375
59.5625
58.4375
57.5625
56.875
56.3125
55.875
55.4375
55.0625
54.625
54.1875
53.75
53.375
52.9375
52.4375
51.9375
51.5
51.1875
50.8125
50.4375
50.125
49.8125
49.5625
49.3125
49.0625
48.75
48.5
48.1875
47.875
47.75
47.5
47.125
47.0625
46.9375
46.625
46.25
45.9375
45.9375
46.75
51.0625
61.125
76.3125
94.6875
112.625
126.0625
132.875
133.5625
130.625
124.8125
117.375
109.5625
101.9375
94.0
86.75
81.1875
75.875
71.5625
68.4375
67.1875
67.25
67.875
69.0625
69.75
69.875
69.1875
68.125
66.5625
64.875
63.4375
62.0
60.8125
59.4375
58.125
57.25
56.25
55.5
54.8125
54.3125
53.75
53.125
52.625
52.125
51.75
51.3125
50.75
50.4375
50.125
49.6875
49.125
48.625
48.25
48.0
47.6875
47.3125
46.9375
46.6875
46.3125
45.875
45.5625
45.625
47.5
54.5
68.0625
86.0
104.75
120.5625
130.6875
134.8125
133.4375
128.375
121.1875
112.75
103.875
95.6875
88.375
81.9375
76.3125
71.5625
67.6875
65.875
65.875
66.875
68.375
69.5
69.9375
69.5
68.4375
66.9375
65.1875
63.5
61.8125
60.375
59.125
57.9375
57.0
56.125
55.5
54.875
54.25
53.8125
53.25
52.8125
52.375
51.9375
51.5625
51.0
50.5
50.25
50.3125
52.125
59.0625
72.75
90.375
107.5625
120.8125
128.5
129.875
126.8125
121.625
115.1875
107.875
99.9375
92.4375
85.6875
79.625
73.8125
68.6875
65.75
65.125
65.5
66.625
68.0
68.6875
68.8125
68.25
67.125
65.5625
63.8125
62.375
61.125
59.625
58.1875
57.375
56.5625
55.5625
54.9375
54.3125
53.8125
53.3125
52.8125
52.4375
52.0
51.5
51.0
50.625
50.3125
49.9375
49.8125
51.625
59.5
75.75
97.1875
118.4375
134.75
143.1875
143.8125
139.125
131.1875
121.4375
111.3125
101.5625
93.0
85.9375
80.0625
75.25
71.25
69.0625
68.8125
69.5625
70.875
72.25
72.625
72.0625
71.0625
69.625
67.75
65.75
64.0625
62.875
61.4375
60.1875
59.3125
58.625
57.6875
56.9375
56.625
56.125
55.4375
55.0625
54.8125
54.3125
53.8125
53.4375
53.0
52.5625
52.125
51.5625
51.25
50.9375
50.5
50.125
49.9375
49.625
49.1875
48.9375
48.75
48.25
48.0
47.9375
47.5
47.1875
47.25
46.9375
47.6875
53.875
69.375
92.5625
118.25
139.6875
152.625
157.5625
155.625
149.3125
140.75
130.5
119.1875
108.4375
99.0
91.0
84.5625
79.5625
75.625
72.75
71.75
72.3125
73.1875
74.3125
74.8125
74.25
73.0
71.25
69.1875
67.0
65.1875
63.5625
62.0
60.75
59.75
58.8125
57.875
57.25
56.6875
56.0
55.4375
55.0
54.4375
53.8125
53.3125
52.875
52.1875
51.8125
51.4375
50.875
50.375
50.0
49.625
49.1875
48.9375
48.6875
48.625
50.5625
58.5
74.375
95.375
116.0
131.8125
140.6875
142.375
138.75
131.9375
122.9375
112.75
102.875
93.9375
86.125
79.8125
74.75
70.4375
68.0625
67.9375
68.9375
70.5625
72.0625
72.5625
72.1875
71.1875
69.5625
67.6875
65.9375
64.125
62.5
61.1875
60.0
58.875
58.0625
57.3125
56.625
56.125
55.5
55.0
54.5625
54.125
53.6875
53.375
52.75
52.25
52.0
51.5
50.8125
50.4375
50.0625
49.625
49.25
48.9375
48.5625
48.3125
48.0
47.625
47.3125
47.125
46.6875
46.4375
46.25
46.0
45.6875
45.9375
49.0
60.0
80.5
105.3125
129.3125
147.25
155.625
155.9375
151.4375
144.3125
135.8125
125.8125
115.125
105.5
96.9375
89.625
83.875
79.0625
75.1875
72.6875
72.125
72.75
73.75
74.5625
74.6875
73.875
72.625
70.875
68.9375
67.25
65.4375
63.875
62.5625
61.375
60.4375
59.5625
58.9375
58.3125
57.875
57.4375
56.8125
56.4375
55.8125
55.3125
54.9375
54.4375
54.125
53.625
53.25
52.875
52.5625
52.3125
51.875
51.625
51.6875
53.4375
60.9375
76.375
96.9375
117.9375
135.0
144.75
146.6875
143.5625
138.0625
131.375
123.75
115.9375
107.75
99.9375
92.625
85.6875
79.6875
74.8125
72.5625
72.0625
72.875
74.0
74.8125
75.0625
74.375
73.1875
71.4375
69.6875
67.9375
66.375
64.875
63.25
62.0
60.75
59.6875
58.5
57.75
56.9375
56.3125
55.8125
55.25
54.8125
54.3125
53.875
53.3125
52.6875
52.125
51.5
51.0625
51.4375
55.0
66.4375
86.1875
108.75
128.6875
142.25
148.1875
147.4375
142.4375
135.4375
127.0
117.8125
108.875
100.4375
92.875
85.9375
79.75
74.5
71.125
70.0625
70.375
71.6875
72.8125
73.25
73.0625
71.875
70.25
68.3125
66.375
64.6875
63.125
61.75
60.375
59.1875
58.3125
57.5625
57.0
56.25
55.625
55.125
54.5625
54.125
53.625
53.0625
52.5625
52.1875
51.5625
51.125
50.8125
50.3125
49.875
49.625
49.0625
48.6875
48.375
48.0
48.0
50.1875
59.3125
78.125
102.5
125.4375
142.4375
150.6875
150.25
144.3125
134.8125
123.1875
111.4375
100.625
91.4375
84.0625
78.4375
74.25
70.9375
69.375
69.6875
71.0625
72.75
73.8125
74.0625
73.3125
71.875
70.0
67.9375
66.1875
64.375
62.5625
61.0625
59.875
58.875
58.0
57.1875
56.5625
56.0625
55.5
55.1875
54.75
54.25
53.75
53.4375
52.875
52.3125
51.875
51.375
50.9375
50.5
50.125
49.75
