0
51.9375
54.75
36.25
62.75
79.8125
66.4375
68.3125
73.25
70.5
69.3125
65.875
61.8125
59.375
59.125
59.8125
60.6875
61.25
59.8125
57.125
55.625
55.5625
60.375
75.4375
94.5625
109.375
118.9375
121.5
118.4375
113.125
106.25
99.5
93.5625
87.8125
83.1875
82.1875
84.375
93.625
100.625
85.875
73.25
66.8125
62.0625
63.6875
78.4375
82.25
65.25
68.5625
68.375
56.3125
43.625
36.0625
37.1875
44.375
59.0
78.0625
79.5625
68.375
60.6875
62.4375
54.0
47.375
46.375
49.25
60.25
81.875
108.1875
122.0
116.25
110.6875
103.125
91.8125
86.0
85.0625
83.0625
79.5625
78.625
81.5
84.1875
82.8125
78.5
72.5625
65.5
59.125
55.3125
53.25
54.0625
55.625
57.125
60.8125
68.125
77.4375
86.9375
94.0625
97.4375
97.625
95.1875
89.5625
84.0
79.375
74.125
68.625
63.5
58.125
54.9375
54.5625
59.4375
60.625
53.8125
35.6875
35.625
55.6875
67.125
64.75
54.5
47.6875
43.9375
41.5625
44.0625
48.1875
51.375
58.1875
63.25
60.5625
73.9375
114.3125
136.5
115.5
91.4375
88.5
90.6875
84.6875
86.5
82.5
74.0625
75.25
73.125
69.75
70.125
71.9375
70.75
71.1875
71.8125
72.5625
67.0625
54.0
54.3125
63.4375
65.3125
59.75
71.9375
72.8125
59.375
47.0625
48.5
58.8125
61.4375
55.625
51.9375
51.625
58.3125
65.0
61.625
57.1875
62.4375
78.0625
93.5625
102.8125
109.9375
102.375
89.875
93.75
101.375
98.875
87.875
77.125
74.125
75.0
74.8125
75.3125
78.3125
73.125
72.4375
76.1875
77.8125
75.0625
69.4375
70.6875
72.5
63.3125
62.75
68.0625
67.4375
60.8125
55.375
49.5625
46.1875
45.375
45.8125
49.4375
57.6875
68.25
68.0625
69.1875
87.875
112.9375
126.125
102.5625
60.75
48.0625
77.0625
110.3125
112.0
87.75
65.5625
68.6875
75.1875
70.625
65.25
67.0
78.0
78.6875
70.375
63.9375
60.3125
62.8125
68.25
76.0
72.9375
65.3125
64.5
70.625
67.9375
52.625
40.875
46.6875
58.875
65.6875
69.8125
77.9375
87.8125
87.875
86.9375
94.5
95.5625
90.125
81.5
73.5
64.6875
55.625
59.1875
65.875
66.1875
63.4375
62.8125
63.3125
64.25
64.375
63.4375
62.0
60.5625
59.5
59.0
60.0625
64.5625
73.0625
82.875
90.625
94.6875
95.125
93.375
89.875
85.5625
79.6875
75.5625
77.5
77.375
74.5625
71.8125
70.4375
71.0625
70.3125
66.4375
64.625
65.0
65.4375
65.1875
64.6875
63.9375
62.9375
61.6875
60.5
59.9375
60.125
61.8125
69.0
82.75
97.3125
106.875
111.4375
111.8125
108.5
102.8125
95.9375
88.75
81.8125
76.4375
74.3125
74.375
74.1875
73.3125
73.625
74.5625
72.75
69.1875
67.125
66.6875
66.6875
65.875
64.625
63.0625
62.6875
63.0625
62.5625
61.75
61.0
61.75
64.9375
73.125
84.0
93.125
98.8125
100.0
97.0625
91.5
84.625
77.5625
71.0625
67.625
67.5
68.3125
68.3125
68.125
68.125
67.25
66.3125
64.9375
63.0625
62.8125
60.875
59.625
61.3125
62.1875
60.0625
59.0
58.75
58.8125
57.75
56.1875
55.0625
54.5
55.3125
56.9375
61.8125
74.1875
91.0
104.1875
110.25
110.5625
108.375
104.0625
97.9375
91.5625
85.125
77.9375
73.4375
72.625
73.0625
73.25
73.4375
70.125
69.5
75.9375
71.25
65.5
63.8125
63.375
62.9375
63.0625
63.3125
62.75
60.9375
63.875
66.0
61.8125
61.25
65.3125
72.0625
78.0
81.0625
83.25
81.8125
76.4375
69.875
65.125
63.3125
62.3125
61.125
61.4375
62.4375
63.0625
62.4375
61.875
62.6875
62.6875
60.9375
58.6875
57.4375
57.25
57.75
57.8125
57.0
56.3125
56.25
56.25
55.25
54.5625
55.125
57.1875
63.4375
77.125
92.3125
103.75
112.9375
117.0
114.9375
109.75
104.25
97.9375
91.125
84.375
77.8125
74.75
75.5625
76.9375
75.9375
74.4375
75.5
76.4375
74.0
70.3125
67.6875
66.9375
67.25
67.1875
66.75
65.4375
63.8125
62.9375
62.9375
62.375
61.4375
60.875
60.0
59.125
59.0625
59.25
59.0625
57.75
57.0
57.0
57.25
58.5625
64.875
77.3125
93.1875
105.75
110.75
113.6875
112.25
105.9375
99.4375
92.8125
87.6875
83.0625
78.4375
76.6875
76.5
76.0
75.5625
76.4375
76.3125
74.875
72.625
70.3125
66.9375
66.375
66.4375
65.25
64.5625
63.9375
64.25
64.875
64.8125
62.875
61.8125
63.5
63.0
59.8125
58.9375
59.875
60.3125
57.8125
59.3125
67.6875
77.0
85.3125
91.1875
95.75
99.0625
98.5625
95.1875
89.5625
80.0
71.875
68.4375
66.375
69.0
73.375
72.4375
70.3125
70.375
65.6875
65.625
66.6875
67.625
67.125
63.1875
58.75
57.0625
56.6875
56.125
57.1875
57.25
57.5
58.375
58.125
58.6875
60.625
58.9375
57.875
58.875
64.0
73.9375
84.0
91.6875
96.1875
98.0625
95.875
88.875
80.8125
73.875
68.625
65.125
62.6875
64.5625
66.4375
66.5625
66.5625
66.6875
66.0625
65.375
64.5625
63.4375
61.625
60.8125
62.4375
66.6875
71.5625
75.5
77.125
75.0
71.25
66.5625
61.625
58.0
57.125
58.75
59.75
58.6875
58.3125
58.375
58.0625
57.5625
57.625
58.4375
58.5
57.4375
55.875
54.125
54.125
54.0
53.5
53.0
52.5
52.125
52.0
52.125
52.25
52.4375
52.0
50.375
49.0
49.875
50.5625
50.3125
50.125
51.25
58.4375
74.875
94.625
108.5
115.4375
118.8125
119.75
118.375
115.1875
110.0625
102.6875
94.5625
86.75
81.5625
79.8125
80.5
80.375
79.25
79.375
78.3125
76.5
75.6875
75.125
73.0
71.125
69.3125
68.375
68.3125
67.5
67.1875
66.375
65.625
64.8125
63.5625
63.125
62.3125
61.625
61.5
61.9375
61.875
64.75
72.875
81.9375
88.875
93.5625
95.375
94.625
92.0
87.5625
81.125
74.75
71.125
70.6875
71.1875
69.6875
67.8125
67.8125
67.625
67.25
66.9375
65.1875
64.875
63.25
65.5625
66.5625
64.6875
64.75
65.1875
62.5625
59.5
61.0625
64.8125
66.5625
65.0
62.25
63.75
71.4375
82.875
92.8125
99.375
102.6875
102.5625
100.625
97.4375
93.4375
86.9375
79.3125
74.875
74.5
75.75
75.1875
74.5625
74.625
74.1875
72.4375
71.25
72.0625
71.625
71.9375
73.8125
75.1875
78.6875
84.9375
90.3125
92.9375
93.75
92.75
89.5625
82.1875
74.0625
72.8125
73.5
72.125
69.8125
68.125
68.625
69.0625
66.4375
62.5
62.3125
62.5625
63.1875
64.4375
64.0
62.9375
65.625
75.75
87.625
96.125
99.9375
99.8125
96.3125
88.9375
81.125
75.6875
72.8125
70.5625
69.5625
68.4375
66.0
64.5
64.3125
65.375
65.125
64.625
64.75
64.6875
64.5
64.75
64.5
65.75
73.8125
86.375
95.3125
98.9375
98.75
95.6875
91.0625
85.875
79.9375
74.25
71.0625
70.8125
71.375
71.4375
71.1875
70.25
69.75
68.5
64.8125
62.875
63.4375
64.4375
65.125
64.6875
64.875
64.625
63.8125
62.625
61.1875
61.5625
62.5625
61.0625
59.5
62.5625
74.3125
92.4375
107.5
116.25
119.625
117.6875
112.8125
109.6875
107.0
101.75
93.25
84.5
81.3125
81.375
80.6875
79.375
77.5
75.3125
73.9375
74.1875
73.0
70.5625
69.1875
70.75
71.8125
69.375
66.1875
65.75
67.1875
68.5625
68.625
67.125
63.8125
60.375
59.5
61.125
61.4375
60.375
62.25
70.25
83.0
94.8125
104.5
110.75
110.625
106.0625
99.5
94.6875
91.125
86.8125
81.25
76.6875
76.6875
80.25
84.0
83.0625
78.9375
67.75
55.4375
55.75
63.3125
69.625
78.3125
82.5625
80.625
76.0625
71.0
65.0
62.25
62.3125
62.375
66.9375
75.375
85.6875
93.8125
98.25
99.4375
96.0625
90.1875
83.0
75.4375
70.25
66.0
65.8125
69.4375
70.3125
74.3125
71.25
63.5625
64.3125
67.1875
69.0625
69.8125
70.875
73.0
79.4375
84.75
89.75
94.875
99.0
99.5
96.0625
88.5625
79.3125
74.1875
68.0
66.5625
68.9375
65.5625
67.625
71.5625
70.8125
73.3125
70.6875
61.75
57.9375
60.1875
61.9375
63.0
64.8125
65.375
65.5
65.5625
63.8125
57.875
50.125
48.5
51.3125
54.8125
58.1875
56.9375
56.875
57.9375
54.75
54.0625
67.5625
91.1875
110.5
124.875
133.75
132.3125
124.75
114.875
104.0
93.4375
85.3125
79.3125
78.1875
79.125
79.9375
80.9375
79.6875
77.5
75.375
73.6875
71.625
70.6875
69.1875
68.375
69.0
69.25
68.5625
66.625
61.75
55.5
59.3125
75.75
84.0
72.75
66.1875
69.875
78.1875
84.625
76.75
72.5
69.125
61.875
59.25
61.1875
63.125
65.75
65.6875
62.125
59.125
59.125
59.375
59.5
59.0
58.4375
58.8125
59.0
62.5625
73.125
84.625
92.625
96.875
98.25
96.5625
91.5625
84.375
76.5
70.1875
67.6875
68.6875
70.0625
69.4375
68.5
68.1875
67.9375
67.0625
65.5
63.0
61.125
62.75
64.125
63.0
62.9375
63.0625
61.875
61.0625
60.625
60.125
59.3125
57.875
56.3125
55.3125
55.1875
55.125
52.5
50.0625
52.375
55.125
55.5625
56.1875
55.4375
59.4375
73.5625
93.3125
110.3125
123.125
128.3125
126.75
123.1875
121.3125
118.0
111.0
104.0
97.75
92.25
88.25
86.375
86.1875
84.0
80.8125
79.625
79.625
78.375
76.0625
73.75
72.3125
71.75
69.8125
66.0625
63.4375
63.0625
64.6875
65.3125
64.25
63.875
64.375
64.5625
67.125
73.25
81.0
86.875
87.3125
84.125
80.125
75.3125
69.1875
65.25
64.375
65.375
66.0
65.875
65.625
65.125
64.125
62.6875
61.6875
61.25
60.8125
59.625
57.5625
56.125
57.125
56.9375
54.875
54.5625
54.375
53.875
56.1875
57.4375
57.25
63.0625
73.8125
85.625
97.0
114.8125
113.1875
79.25
63.875
65.375
84.375
96.5
99.6875
89.8125
75.5
75.5
77.0
72.625
64.125
62.8125
63.625
62.25
61.25
64.0625
65.6875
65.3125
65.5625
62.0625
59.5
60.5625
55.1875
45.0
54.6875
60.4375
58.375
66.75
71.375
68.3125
74.6875
81.5625
73.1875
73.375
80.8125
78.125
70.875
65.9375
71.1875
79.9375
75.5
68.375
67.4375
65.9375
62.875
61.5
59.1875
58.4375
60.625
62.5
61.3125
59.75
60.125
60.8125
65.5
74.9375
66.25
56.125
63.4375
72.3125
80.25
83.125
81.9375
73.125
65.5
62.8125
66.125
64.6875
59.5625
64.6875
76.3125
75.8125
62.5625
77.125
88.5625
87.8125
71.8125
63.4375
53.875
34.9375
32.1875
32.125
37.375
45.0
56.125
48.9375
49.625
50.25
53.0
53.375
42.375
42.0625
46.0625
33.5
34.0625
49.625
47.5625
53.375
74.5625
104.0625
128.875
135.6875
131.4375
122.25
107.5625
107.0
105.9375
103.0625
96.4375
85.25
79.3125
80.125
82.5
84.625
84.6875
77.625
58.25
64.625
73.75
66.8125
66.25
68.8125
66.5
65.3125
68.5
69.75
64.625
61.125
53.625
55.0
58.4375
57.625
63.375
65.0625
58.1875
58.625
64.4375
70.5625
81.5
91.1875
93.8125
93.5
88.875
82.8125
77.0625
70.8125
65.75
63.8125
64.0
63.8125
64.875
65.75
66.9375
66.5625
62.875
61.75
59.9375
56.625
58.0
60.0
57.8125
55.3125
54.4375
54.6875
55.625
56.0
55.5625
54.6875
53.6875
52.1875
51.0
50.8125
51.5625
52.9375
55.8125
63.0
74.6875
87.5625
97.875
104.25
106.5625
105.1875
100.6875
94.875
88.0
81.5
74.375
69.875
69.8125
69.625
68.8125
67.25
66.6875
67.5
69.5
64.5
55.4375
58.875
66.0625
64.375
62.125
59.0625
56.8125
52.4375
54.0625
60.9375
61.6875
60.6875
63.5625
72.25
79.6875
81.4375
81.125
78.25
74.125
67.875
61.5625
58.375
57.75
58.0
57.4375
57.1875
57.375
58.625
56.8125
57.5625
57.8125
55.5625
55.0
53.3125
53.875
54.375
51.875
53.25
52.6875
52.8125
52.0625
49.875
50.5
50.9375
49.5625
48.8125
51.5
58.1875
72.5625
85.9375
94.6875
102.5
102.875
98.3125
94.5625
89.25
82.25
75.0
69.5
69.125
69.5625
67.25
66.75
66.375
65.6875
65.1875
64.8125
63.6875
62.875
62.375
61.875
61.25
60.5
59.625
58.75
57.9375
57.5625
57.4375
57.0625
56.6875
56.125
55.4375
56.25
56.0
56.5
60.125
68.4375
80.375
89.9375
96.0
98.1875
96.875
93.125
88.0
81.375
74.375
69.3125
67.1875
66.875
66.6875
66.375
66.1875
66.25
65.5625
64.625
63.8125
63.125
62.1875
61.25
60.5
59.75
59.0
57.125
53.625
51.6875
56.0
61.6875
58.5625
55.5
52.875
54.875
55.75
54.75
54.625
54.9375
58.3125
69.125
83.125
97.3125
104.9375
108.1875
107.75
103.1875
97.5625
91.625
85.125
78.8125
74.9375
72.4375
70.5
70.125
70.0625
68.25
69.1875
70.0625
67.1875
66.6875
70.0
70.1875
63.5625
62.125
62.6875
61.6875
59.875
60.0625
62.125
61.0
60.375
59.4375
62.0
79.5
85.4375
87.0625
93.25
91.375
84.0
79.1875
75.5
68.625
66.375
67.0625
65.875
65.125
64.125
64.9375
65.6875
64.6875
63.9375
64.3125
63.3125
62.4375
61.5
59.9375
58.3125
55.5
54.4375
54.125
54.625
55.375
55.0
54.1875
53.875
53.8125
55.5625
60.3125
69.8125
84.875
98.75
107.25
111.1875
109.4375
107.5
103.5
95.3125
87.9375
81.9375
76.8125
73.5
71.4375
71.5
72.6875
72.1875
70.875
69.1875
67.5625
66.0
64.75
64.25
63.5
64.1875
64.6875
62.6875
60.0625
57.125
54.9375
57.4375
60.0625
59.375
58.75
58.3125
57.4375
54.3125
52.375
52.9375
53.3125
53.3125
52.5625
51.625
49.5
51.5
50.625
48.125
48.75
49.0
50.3125
57.375
71.6875
88.4375
100.5
107.3125
109.1875
106.6875
102.4375
97.375
93.5625
93.3125
79.5
62.5625
69.25
74.3125
69.6875
70.9375
72.75
70.0
66.8125
68.9375
68.8125
63.3125
62.6875
63.0625
57.3125
53.9375
56.875
61.375
65.9375
68.1875
63.25
59.0625
56.3125
55.0
56.9375
58.1875
63.5
71.3125
72.4375
76.8125
79.5
75.4375
68.75
54.1875
55.6875
62.9375
61.625
62.875
62.375
62.6875
58.3125
58.0
56.75
54.25
57.3125
57.5
56.75
56.75
55.5625
54.875
54.4375
52.875
52.5
52.1875
51.875
51.5
51.3125
51.125
51.1875
50.75
50.3125
50.0
49.9375
49.9375
50.0625
49.875
49.3125
49.3125
49.5625
49.4375
48.9375
48.625
47.9375
47.625
47.375
47.3125
47.5
47.5625
47.8125
47.625
47.0
46.125
46.0625
47.4375
54.5625
72.5
95.25
112.9375
123.625
128.3125
127.4375
123.6875
118.625
112.875
107.0
100.5625
93.6875
87.125
82.8125
81.5
81.0625
80.6875
80.125
79.1875
78.125
77.3125
74.0625
71.75
71.5625
70.375
68.9375
67.125
65.875
65.0
64.4375
64.75
64.9375
63.5625
62.625
61.8125
60.75
60.375
60.375
60.4375
59.375
58.0625
57.25
56.625
56.8125
57.0
57.125
58.375
63.6875
75.4375
89.6875
101.3125
108.9375
111.75
110.25
105.8125
100.125
94.1875
87.5625
81.0
75.9375
74.0
73.75
73.375
72.625
71.75
71.25
70.4375
69.6875
68.75
67.5
66.5625
65.4375
64.3125
62.9375
62.125
61.75
61.4375
60.375
59.25
58.9375
58.375
57.8125
57.375
57.5625
59.5625
65.625
75.375
85.5
92.4375
95.8125
95.8125
92.25
86.375
79.5
72.9375
67.625
65.375
64.9375
65.1875
65.0
65.125
65.1875
64.9375
64.125
63.125
62.25
61.375
60.6875
59.625
58.5625
59.125
58.0625
57.25
57.75
56.5
56.25
55.5
55.1875
54.8125
55.375
60.5
71.3125
84.125
93.1875
97.5625
97.4375
94.125
89.0625
82.375
75.625
70.4375
67.5625
66.875
66.6875
66.4375
66.8125
66.8125
65.875
65.125
64.875
64.625
62.5
61.6875
63.75
63.8125
62.8125
60.75
60.375
65.0625
73.5625
84.1875
91.8125
94.75
94.1875
90.25
84.0
78.6875
72.4375
67.125
65.5
66.4375
67.0625
67.4375
67.75
67.3125
66.875
66.0625
65.375
64.6875
63.875
63.0
62.0625
61.375
60.75
60.375
60.0
59.9375
60.0
60.4375
61.4375
66.5625
79.0625
94.875
107.3125
114.5625
117.375
115.8125
111.5
105.625
99.3125
92.3125
85.625
80.625
78.75
78.5625
78.3125
77.8125
77.25
76.875
75.875
74.625
72.9375
71.75
70.5
69.5
68.5
67.5
66.875
66.125
65.625
64.75
63.9375
63.1875
62.8125
62.5625
62.0625
61.5
60.625
60.125
60.1875
61.125
63.6875
72.25
87.6875
104.0625
114.125
118.25
119.125
118.3125
114.875
108.125
100.125
92.6875
86.75
83.25
81.625
80.9375
79.75
78.9375
79.0
79.0
78.0625
75.9375
73.5625
71.875
71.875
72.25
71.875
70.3125
69.875
73.125
80.9375
90.25
97.25
100.9375
101.125
98.125
92.5625
85.875
79.0
73.9375
71.375
71.0625
71.25
71.5625
71.6875
71.4375
70.625
69.5625
68.375
67.4375
66.5625
65.6875
64.9375
64.1875
63.625
63.125
62.5625
61.9375
61.375
60.9375
60.5625
60.25
60.5625
63.5625
73.5
89.9375
105.625
115.75
120.5
119.8125
115.4375
109.625
103.6875
97.3125
90.5625
84.0625
80.25
79.5
80.0
79.625
78.5625
77.3125
76.375
75.3125
74.25
72.75
71.375
70.0
68.9375
68.0625
67.375
66.6875
66.125
65.4375
64.75
64.125
63.5
62.625
61.8125
61.3125
61.125
60.6875
59.875
59.4375
59.8125
63.1875
73.4375
88.5
101.375
108.625
110.9375
109.5625
104.8125
98.8125
92.25
85.5625
79.6875
76.1875
75.1875
75.125
74.8125
74.375
74.0
73.625
72.8125
71.6875
70.3125
69.375
68.5
67.6875
66.8125
66.0625
65.4375
65.125
64.5625
63.9375
64.125
67.5625
73.875
81.75
87.8125
90.5
88.4375
84.0625
78.1875
71.875
67.125
65.25
65.0
65.25
65.5625
66.125
66.375
66.375
65.8125
65.0625
64.375
63.6875
62.8125
62.375
62.1875
61.5625
60.9375
60.8125
60.5625
60.1875
59.625
59.125
58.5
58.0
57.75
57.3125
56.875
56.0625
55.6875
55.8125
56.5625
58.875
67.4375
85.25
105.375
119.75
127.625
129.375
126.75
121.875
116.375
110.5
104.3125
97.5625
91.0625
86.5625
85.125
84.8125
84.25
83.3125
82.375
81.3125
80.0625
78.6875
77.4375
76.25
75.0
73.8125
73.125
74.4375
77.9375
82.125
84.5
84.4375
81.1875
75.9375
70.1875
66.3125
64.8125
65.0625
65.5
66.0625
66.1875
65.9375
65.1875
64.3125
63.4375
62.75
62.0625
61.3125
60.625
59.875
59.75
59.75
59.5
58.5625
58.0
57.5625
57.4375
57.1875
56.8125
56.25
55.8125
55.5
55.3125
55.5625
57.8125
66.4375
84.125
104.0
118.0
125.75
127.875
125.5
120.4375
114.5625
108.25
101.75
94.9375
88.75
85.25
84.4375
84.3125
83.4375
82.375
81.375
80.3125
78.375
77.0625
75.625
74.5625
73.0625
71.6875
71.5
71.9375
71.375
68.25
65.625
64.375
65.625
66.3125
65.75
64.5625
63.375
62.5625
62.3125
62.625
63.0625
65.25
71.75
83.375
95.375
104.3125
108.75
109.0
105.625
100.1875
93.75
86.75
80.0
75.25
73.6875
73.75
73.875
73.5
73.1875
72.6875
72.125
71.625
70.6875
69.375
67.5
65.9375
64.8125
64.3125
63.875
63.5
62.9375
62.1875
61.75
61.3125
61.125
60.6875
60.4375
61.1875
66.5
77.4375
87.375
93.875
99.125
102.625
100.875
92.375
83.0625
76.0
73.8125
73.5
72.625
70.5
69.5625
70.25
69.5625
69.125
68.3125
67.75
67.0625
66.4375
65.125
63.6875
62.5
61.75
61.8125
62.0625
61.9375
61.25
60.25
59.375
58.875
58.625
58.4375
57.9375
57.125
56.375
55.8125
55.5
55.5625
58.4375
66.0625
80.4375
95.4375
105.3125
110.0
110.25
106.875
101.9375
95.6875
88.6875
81.875
77.0
75.4375
75.1875
74.875
74.5625
74.5
74.375
73.8125
72.625
71.25
69.875
68.875
67.875
67.25
66.9375
66.625
66.125
65.375
64.6875
64.375
63.875
63.0625
62.4375
62.0625
62.5625
62.875
62.5625
64.0
70.25
81.6875
92.9375
99.1875
100.625
98.1875
93.75
88.5625
82.4375
75.8125
71.125
69.625
70.125
70.8125
71.125
71.125
70.625
69.8125
69.0625
68.125
66.9375
65.6875
64.5625
63.6875
63.0
62.5
62.25
62.0625
61.9375
61.875
61.8125
61.9375
63.5
69.375
79.75
90.5
98.375
102.5625
103.0
99.9375
94.5625
87.8125
80.625
74.5625
71.4375
71.125
72.75
72.4375
71.75
71.75
71.1875
70.625
70.0625
68.8125
67.4375
66.0
65.25
65.3125
65.5625
66.25
69.25
76.875
87.0
95.5
100.9375
102.6875
100.0625
94.4375
87.6875
80.625
75.0625
72.1875
71.5
71.875
72.3125
72.5625
72.375
71.5625
70.5
69.375
68.0625
67.1875
66.8125
65.125
64.25
63.625
63.0
62.25
61.6875
61.25
61.0
60.625
60.0
59.5
59.4375
59.1875
58.8125
58.375
58.6875
60.75
68.0625
84.75
104.9375
120.0
128.375
130.875
128.4375
123.25
117.6875
112.5
106.6875
99.8125
92.75
87.1875
84.5625
84.4375
84.4375
83.375
81.6875
80.1875
78.9375
77.875
76.6875
75.125
73.4375
72.0
70.5625
69.125
68.1875
67.5
67.125
66.8125
66.5
66.125
65.625
65.25
67.375
73.875
83.0
90.125
94.0625
94.625
91.625
86.0625
79.25
72.5625
67.9375
66.125
65.9375
66.1875
66.5
66.5625
66.625
66.0625
65.125
64.3125
63.75
63.5
63.875
62.375
60.4375
59.9375
60.0
60.5
62.6875
69.625
81.4375
91.6875
98.875
101.625
98.6875
92.875
86.6875
80.375
73.625
68.8125
67.25
67.4375
68.875
70.0625
69.25
68.5625
67.8125
67.8125
67.1875
66.25
65.4375
64.4375
62.8125
62.1875
62.0625
60.5625
61.625
67.0625
73.75
78.625
80.5
78.875
74.1875
68.1875
62.9375
60.25
59.875
59.75
59.5625
59.875
60.8125
61.3125
61.6875
62.5
62.5625
61.6875
59.5
59.3125
59.9375
59.6875
59.1875
58.375
57.125
56.875
57.375
56.875
56.75
54.6875
53.375
54.6875
55.1875
54.375
52.5625
53.125
55.1875
56.1875
55.5625
54.5
52.625
54.125
65.75
86.9375
109.75
126.0
134.6875
136.9375
135.5
132.3125
126.375
119.5625
113.3125
107.25
100.0
93.0625
88.8125
87.375
87.0625
86.625
86.0625
84.9375
82.875
80.5
78.6875
77.375
76.125
74.6875
73.375
72.3125
71.5
70.75
69.875
68.625
67.25
66.625
66.375
66.0625
64.9375
62.6875
63.1875
65.4375
65.0
65.375
68.9375
76.5625
87.3125
96.1875
101.25
102.1875
99.5625
94.5625
88.625
81.5625
75.0
73.25
74.3125
75.875
73.25
71.3125
71.8125
70.875
70.5
69.875
69.125
67.875
67.375
68.5625
68.625
62.3125
57.0625
62.1875
67.0625
71.3125
80.4375
88.1875
93.9375
100.0
98.625
93.1875
85.625
78.3125
71.6875
69.375
68.875
69.875
71.75
72.5625
71.25
68.625
67.0
66.5625
63.1875
61.0
60.9375
62.5625
58.8125
54.1875
54.1875
59.0625
60.9375
61.4375
66.9375
67.1875
60.375
57.8125
56.375
58.8125
68.0
84.0625
99.0625
109.125
115.5625
116.75
114.25
107.25
99.5
93.625
88.125
82.25
79.75
79.125
78.5
77.5625
77.375
76.3125
74.625
74.0
72.875
71.375
70.75
70.375
68.8125
67.75
66.0
63.25
65.6875
67.5625
69.0
73.0
70.9375
52.5
36.25
62.0
84.75
81.125
89.375
97.125
96.75
93.5
89.125
85.4375
79.25
72.5625
68.9375
67.8125
68.0
68.5625
69.125
69.25
70.1875
67.4375
65.0625
66.9375
64.8125
63.6875
60.125
57.125
64.4375
55.5
39.8125
68.75
80.8125
59.125
60.0625
60.4375
60.125
57.625
60.3125
58.125
55.875
57.375
58.0625
57.375
54.0
51.25
53.4375
68.5
91.1875
112.1875
118.875
122.9375
123.8125
117.5
111.0625
106.0
102.6875
98.5625
90.5625
81.5
77.0625
81.875
85.5
83.75
81.625
79.125
76.5625
75.0625
74.5
73.625
72.5
71.8125
71.125
70.0
70.0
70.25
72.8125
80.625
88.625
92.5
92.6875
91.875
88.625
82.1875
75.25
69.5
66.4375
67.875
68.0
67.9375
67.6875
64.875
65.0
65.6875
68.25
71.6875
71.9375
73.125
74.9375
76.375
82.375
91.5
95.3125
95.875
94.75
90.0625
82.8125
77.1875
72.6875
68.5
69.875
70.3125
70.9375
71.9375
69.5625
67.4375
65.375
66.9375
67.8125
66.125
63.8125
61.5
61.25
62.375
62.8125
61.4375
60.75
60.0625
59.5
58.0
56.75
57.5
59.8125
59.5
58.1875
59.5625
59.0625
57.0
56.75
58.125
65.4375
83.1875
104.6875
120.9375
130.125
135.25
135.125
132.375
128.625
121.5625
116.3125
110.3125
104.8125
99.4375
93.6875
87.625
85.5
86.3125
83.5625
79.5
79.3125
77.5625
78.6875
79.0625
75.0
69.25
66.6875
72.9375
73.8125
72.9375
69.875
70.6875
70.4375
68.9375
68.1875
68.6875
71.8125
77.5625
84.25
90.4375
90.5
88.25
84.375
76.375
70.125
67.0
65.5
65.625
65.625
66.125
66.375
66.4375
65.3125
64.5
63.125
62.0625
62.3125
61.875
62.25
64.4375
70.3125
80.5
90.1875
96.1875
99.1875
97.5
92.625
86.1875
78.625
72.4375
69.125
68.3125
68.5625
68.875
68.75
68.125
67.6875
67.25
66.875
66.25
65.4375
64.75
64.1875
63.6875
63.0625
62.75
62.5
61.4375
59.9375
59.75
61.125
61.4375
60.0
58.875
58.375
57.9375
58.5625
61.4375
69.3125
85.5
104.0625
117.625
125.75
129.6875
128.8125
124.875
119.0
113.1875
107.75
101.6875
95.875
91.9375
89.8125
88.4375
87.75
87.5625
87.0
85.375
83.375
81.375
79.8125
78.375
77.125
76.0625
74.8125
73.6875
72.875
72.4375
71.75
70.6875
69.1875
67.875
67.625
68.1875
68.3125
67.875
67.875
71.0625
79.5625
90.5625
99.875
105.5625
107.4375
105.875
101.75
96.125
89.6875
83.0625
78.0625
76.125
76.25
75.375
74.0625
74.125
74.9375
75.0
73.3125
70.9375
69.3125
68.5625
68.375
67.6875
66.875
66.6875
67.125
69.25
74.625
83.0
91.1875
96.5625
98.9375
98.25
94.375
88.5
81.75
75.8125
72.4375
71.25
71.3125
71.625
71.4375
70.9375
70.1875
69.5625
69.125
68.0625
66.6875
65.375
64.1875
63.75
63.9375
64.5
65.5
69.5
79.1875
90.6875
99.9375
105.9375
107.875
106.375
101.9375
95.3125
87.9375
81.0
76.5625
75.4375
75.5
75.25
74.8125
74.3125
74.0625
73.5
72.1875
70.5625
69.0625
68.125
67.5
66.625
65.6875
64.75
63.875
63.125
62.5
62.0625
61.8125
61.1875
60.625
60.75
61.125
62.1875
67.375
80.25
97.5625
112.1875
121.25
125.6875
124.8125
119.8125
113.875
108.1875
102.25
95.5
88.1875
82.9375
81.75
82.375
82.5625
81.4375
79.75
78.5
77.1875
76.0
74.5625
72.9375
71.5625
70.1875
68.8125
67.875
67.25
67.0
66.5
65.6875
64.6875
63.75
63.3125
63.0625
62.75
62.0
61.0625
60.5625
60.8125
63.5
71.4375
83.25
94.0625
101.0
104.0625
103.4375
99.8125
94.4375
88.0
81.1875
75.25
72.375
72.25
72.5625
72.75
72.3125
70.5
68.75
68.5625
69.8125
69.6875
67.625
64.9375
63.125
62.9375
63.9375
64.6875
63.625
61.625
60.0
59.9375
61.125
61.6875
60.3125
58.25
58.3125
62.625
72.0
82.6875
90.25
93.5
93.25
90.5
85.75
79.875
73.3125
68.3125
66.5
66.4375
66.875
67.0625
67.0625
67.125
66.875
66.25
65.1875
64.25
63.5625
63.125
62.6875
62.0625
61.625
61.1875
60.8125
60.6875
60.25
59.375
58.6875
58.5
58.75
58.5625
58.3125
58.625
61.8125
70.8125
84.3125
96.75
104.375
107.0
105.8125
103.1875
99.5625
93.875
85.8125
78.0
74.1875
74.8125
77.125
76.9375
74.75
72.9375
72.5625
72.9375
72.375
70.9375
68.75
67.25
66.375
65.9375
65.625
64.875
64.1875
64.0
64.0625
63.5625
62.1875
60.875
60.5
60.8125
60.9375
60.5625
60.0
60.875
65.9375
76.5
88.4375
97.375
103.0
105.0
103.4375
99.3125
93.3125
86.625
80.1875
75.75
74.0625
73.5
73.0625
72.75
72.5
72.375
71.75
70.6875
69.5
68.125
67.125
66.375
65.5625
64.75
63.6875
62.8125
62.375
61.5625
61.4375
61.375
60.875
60.5
60.0625
59.8125
59.75
60.0
62.875
70.625
81.875
92.375
99.625
103.375
103.3125
100.0625
94.875
88.5625
81.6875
75.9375
72.875
72.3125
72.4375
72.3125
72.1875
71.8125
71.0625
70.0
68.75
67.8125
67.1875
66.8125
66.6875
66.125
66.375
70.4375
78.75
88.375
95.625
99.125
99.0
95.0625
88.375
80.9375
74.125
70.0
68.6875
68.6875
69.25
69.75
69.75
69.0625
68.125
67.0625
66.5
65.9375
65.125
64.625
63.9375
63.1875
62.5
61.75
61.0
60.25
59.75
59.4375
59.0625
58.4375
58.0
57.5625
57.125
56.375
55.625
55.25
55.0625
54.6875
54.25
53.9375
53.5625
53.3125
52.9375
52.8125
52.9375
52.5
51.5625
50.75
50.3125
50.1875
50.125
49.75
49.125
48.375
47.6875
47.625
48.0625
49.4375
55.75
72.875
96.0625
114.125
125.125
130.625
131.0625
127.8125
123.0625
118.4375
113.625
108.125
102.125
95.875
90.4375
87.0
85.125
83.8125
82.8125
81.875
80.75
79.0625
77.125
75.125
73.3125
71.875
70.5625
69.375
68.1875
67.0625
66.375
65.75
65.0625
64.5
64.1875
63.875
63.125
62.0
60.9375
60.875
62.625
66.8125
71.6875
74.6875
74.6875
72.0625
67.5625
62.8125
59.5625
58.1875
57.5625
57.125
57.0625
57.1875
57.125
56.875
56.625
56.5
56.3125
55.9375
55.375
54.75
54.0625
53.5625
53.25
53.0
52.6875
52.25
51.5
50.75
50.4375
51.625
56.3125
66.3125
78.0
86.8125
91.75
92.5
90.9375
88.625
82.9375
74.4375
68.8125
66.0625
64.875
64.5
64.1875
64.25
64.75
64.75
64.0625
63.1875
62.3125
61.6875
61.0625
60.5
60.125
59.4375
58.8125
58.5625
58.125
57.0
57.5
58.25
57.625
56.8125
56.75
58.8125
65.5
76.125
86.4375
94.1875
99.1875
101.125
99.5625
95.0625
89.125
82.625
76.3125
71.875
70.25
70.25
70.0625
69.8125
69.8125
69.625
68.6875
67.375
66.25
65.375
64.5
63.5625
62.625
62.0
61.375
60.75
60.25
59.6875
59.125
58.625
58.25
57.9375
57.5625
57.3125
57.25
58.0625
62.1875
72.375
85.875
97.125
104.4375
107.5625
106.9375
103.625
98.6875
92.9375
86.5
79.9375
74.875
73.0
73.0625
73.25
72.9375
72.375
71.75
70.9375
69.9375
69.0625
68.4375
67.625
66.875
67.25
70.6875
77.0
83.6875
88.125
89.375
87.0
81.375
74.5
68.75
65.5
64.375
64.5
65.0
65.25
65.25
64.8125
64.0
62.9375
62.0
61.3125
60.75
60.5
60.625
61.1875
64.6875
73.125
84.0625
93.5
98.9375
100.9375
99.8125
95.6875
89.5
82.0
74.875
70.3125
68.9375
69.1875
69.6875
70.0
69.6875
68.8125
67.75
66.9375
66.1875
65.6875
65.1875
64.25
62.9375
61.875
60.9375
59.625
58.5
57.875
57.5625
57.3125
56.9375
56.4375
55.9375
55.4375
55.0
54.4375
53.875
53.375
53.0
52.6875
52.4375
52.1875
51.875
51.625
51.375
51.125
50.8125
50.4375
50.0
49.75
49.6875
49.5
49.1875
48.875
48.4375
48.125
47.75
47.3125
46.9375
46.625
46.4375
46.0625
45.625
45.375
45.125
45.3125
47.625
59.0625
84.4375
109.6875
124.8125
133.125
136.0625
134.6875
130.375
124.8125
118.9375
113.4375
107.6875
101.25
94.3125
88.0
84.25
83.0
82.125
80.6875
79.0
77.625
76.25
74.625
72.875
71.25
69.875
68.5625
67.125
66.25
65.375
64.4375
63.5
62.625
61.875
61.1875
60.5
59.8125
59.1875
58.5625
57.75
57.25
56.75
56.3125
55.8125
55.5625
58.0
65.1875
76.25
86.3125
92.4375
94.5625
93.125
89.375
84.125
77.75
71.125
66.125
64.125
64.125
64.3125
64.0
63.6875
63.0625
62.5
61.75
60.8125
59.875
59.375
58.375
57.5625
57.1875
56.4375
56.0625
55.6875
54.8125
54.6875
54.3125
53.6875
53.375
52.875
52.25
51.875
51.8125
51.625
51.3125
51.3125
52.5
57.4375
68.3125
81.625
92.375
98.3125
100.4375
99.5
95.5625
90.6875
86.0
79.6875
71.375
65.9375
66.0
68.5625
69.125
68.75
67.5625
66.3125
65.4375
64.875
63.875
62.9375
61.9375
61.1875
60.5
59.875
59.1875
58.5625
58.25
57.6875
57.1875
56.5
56.0625
56.0625
56.0
54.9375
54.75
55.625
58.3125
65.875
76.125
85.5
92.5625
95.8125
95.8125
92.8125
88.0
82.125
75.625
69.875
66.8125
66.4375
66.625
66.375
66.125
66.1875
65.6875
64.9375
64.0
63.0625
62.125
61.0
60.0
59.5
58.8125
58.25
57.9375
58.0625
57.9375
57.1875
56.125
55.1875
54.875
55.0625
57.8125
65.0
74.9375
84.75
91.875
95.625
96.125
93.6875
89.0625
83.1875
76.875
71.3125
68.0
67.0
67.0
66.75
66.4375
66.25
65.8125
65.0
64.125
63.375
62.625
62.125
61.875
62.5
63.875
67.125
73.875
82.0625
89.625
94.125
94.875
91.6875
85.8125
79.0
72.0625
67.1875
65.4375
65.625
66.0
66.125
66.0
65.5625
64.6875
63.625
62.875
62.0
60.9375
60.1875
59.5625
58.875
58.25
57.625
57.0
56.625
56.3125
56.125
55.875
55.625
55.5625
55.125
54.1875
53.6875
55.375
63.3125
77.9375
92.375
101.3125
105.3125
105.25
102.4375
97.8125
92.0625
85.8125
78.9375
72.5
69.1875
69.125
69.875
70.0
69.3125
68.4375
67.5
66.625
65.375
63.875
62.625
61.625
60.6875
59.9375
59.25
58.5625
57.9375
57.4375
56.9375
56.375
55.8125
55.125
54.3125
53.5625
52.875
52.3125
51.8125
51.4375
51.0
50.5625
50.125
49.4375
48.875
48.5625
48.5
48.375
48.1875
48.6875
52.625
63.8125
80.0
94.0
102.5625
106.0
105.5
102.5
98.125
93.0
87.0625
80.5
74.1875
70.5
69.75
70.0625
70.0
69.375
68.5
67.625
66.375
64.9375
63.6875
62.625
61.75
60.9375
60.1875
59.4375
58.6875
58.1875
57.5625
56.625
55.6875
55.375
55.375
55.3125
54.9375
54.5
54.3125
53.25
50.0
49.125
53.0
55.0
61.0625
71.75
80.9375
85.0625
84.5
81.3125
76.125
69.875
63.625
59.25
58.25
58.625
58.3125
58.4375
58.8125
58.9375
58.6875
58.3125
57.8125
57.25
56.5625
56.0
55.4375
55.125
54.8125
54.4375
54.125
54.0625
53.4375
53.125
53.0625
52.75
52.3125
51.75
51.5
51.375
52.375
57.0625
66.5625
78.25
87.8125
93.4375
94.9375
93.1875
89.0625
83.4375
77.4375
71.75
67.6875
65.75
65.3125
65.125
65.125
64.9375
64.6875
64.125
63.25
62.375
61.3125
60.5
59.625
58.9375
58.25
57.6875
57.375
57.25
57.25
56.375
54.5
53.625
54.9375
55.4375
54.375
54.375
58.25
67.75
78.625
87.375
92.5625
95.75
95.875
90.8125
84.1875
78.75
74.3125
68.3125
65.0
65.6875
66.375
66.75
68.75
67.875
66.1875
65.3125
65.25
64.6875
62.5625
63.8125
65.375
62.4375
61.25
63.1875
63.5625
61.375
59.3125
60.4375
62.5625
62.125
60.5
61.0
63.3125
70.0
81.0
93.0
102.125
107.6875
108.875
107.3125
104.0625
100.0
95.3125
89.0
83.75
81.9375
81.375
78.6875
77.6875
78.0
77.8125
76.875
74.875
73.125
72.875
72.375
71.125
70.125
69.6875
70.375
70.1875
67.25
63.5625
63.3125
63.5
62.9375
61.9375
61.6875
63.4375
66.0625
71.1875
78.625
85.9375
91.625
95.25
96.5
95.0625
91.5625
86.9375
80.8125
74.4375
69.5
67.25
66.25
65.375
64.9375
64.875
65.0
64.0
63.0
63.75
62.9375
61.8125
59.875
57.5
57.125
56.875
56.5
56.4375
57.0625
60.125
65.25
74.5625
84.375
90.4375
91.5
88.125
81.4375
75.625
69.75
63.9375
62.625
63.4375
62.9375
60.6875
58.5
58.0
64.625
66.75
63.1875
58.9375
56.875
56.25
56.9375
57.0625
56.25
54.125
51.875
53.0625
54.25
56.75
64.4375
76.5625
88.5625
96.5625
100.1875
100.375
97.0625
91.5625
85.0
78.5625
73.1875
70.1875
69.375
69.25
69.3125
69.125
68.9375
68.75
68.4375
67.6875
66.5
65.0625
64.1875
63.5625
62.625
61.875
61.5625
61.375
61.125
60.625
60.0625
59.25
58.9375
59.5
62.625
71.5
85.6875
98.625
106.625
109.9375
109.1875
105.8125
101.5625
96.625
90.75
83.8125
77.625
74.3125
73.5625
73.9375
73.9375
72.9375
71.8125
70.9375
69.9375
68.375
67.0625
66.0
65.0625
63.875
62.8125
61.75
61.0
60.5625
60.0625
59.625
59.5
59.6875
59.8125
60.1875
62.5625
70.0625
81.9375
93.4375
101.5
105.125
104.75
101.375
96.5
90.8125
84.625
78.5625
73.5625
71.125
70.3125
69.75
69.125
68.75
68.375
67.8125
66.8125
65.9375
65.375
64.8125
64.25
65.1875
70.5625
79.875
89.0625
95.75
98.75
97.5625
92.6875
85.4375
77.375
70.3125
66.625
65.8125
66.125
66.8125
67.5
67.1875
66.5
65.875
64.625
63.6875
62.6875
61.3125
60.1875
59.3125
58.5
57.6875
56.8125
56.125
55.6875
55.6875
56.8125
61.5625
73.1875
88.875
101.4375
109.0625
112.0
110.6875
106.4375
100.5625
93.8125
86.75
79.875
74.625
72.375
72.3125
72.4375
71.875
70.9375
70.0
68.375
66.5625
65.0625
64.0
63.0625
62.125
61.25
60.6875
60.1875
59.75
59.375
58.6875
57.375
56.8125
56.25
54.75
55.1875
60.3125
70.8125
84.375
95.8125
102.4375
104.5625
102.6875
98.5
93.0625
86.6875
79.9375
73.6875
69.75
68.625
68.75
68.6875
67.3125
66.1875
65.6875
65.1875
64.375
63.4375
62.125
60.375
58.8125
57.8125
57.125
56.5625
56.125
55.6875
55.0625
54.3125
53.875
53.5
53.0
52.25
51.625
51.875
55.0625
64.8125
79.125
90.9375
97.625
99.6875
97.9375
94.4375
89.8125
83.1875
75.125
68.0625
64.0625
63.75
64.625
64.6875
63.875
63.1875
63.0625
62.5
61.25
60.1875
59.3125
58.6875
58.0625
57.25
56.5
56.0
55.9375
55.6875
55.0
54.25
53.75
53.3125
53.25
53.125
52.9375
53.0
53.5625
55.9375
64.25
77.4375
88.75
96.1875
98.875
97.5625
94.125
88.5
81.875
75.0625
69.5
67.0
66.5625
66.75
67.0
67.0
66.75
66.25
65.0625
63.625
62.0625
60.6875
59.5625
58.4375
57.6875
57.125
56.6875
56.1875
55.8125
55.5
55.1875
55.1875
56.5625
61.4375
69.375
76.9375
81.9375
84.4375
84.25
81.625
77.375
72.125
66.6875
62.8125
61.375
61.1875
61.125
61.1875
61.0625
60.5625
59.875
58.9375
57.8125
56.875
56.25
55.5625
54.875
54.125
53.6875
53.25
52.9375
52.875
52.9375
53.25
55.5625
62.6875
74.75
86.875
95.5625
100.125
101.0
98.25
93.3125
87.125
80.5
73.9375
69.3125
67.5
66.9375
66.25
66.0625
66.125
65.6875
64.625
63.375
62.5
62.0
61.1875
60.125
59.1875
58.4375
57.8125
57.4375
57.4375
58.625
62.9375
71.9375
82.9375
91.4375
95.8125
96.375
93.4375
88.125
81.375
73.9375
67.3125
63.5625
62.625
63.0
63.4375
63.75
63.8125
63.625
63.0625
62.4375
61.6875
60.875
59.8125
58.6875
57.625
56.6875
55.9375
55.4375
55.0625
54.75
54.3125
54.0
53.9375
54.125
55.6875
62.25
76.0
92.1875
104.5625
111.5
113.625
111.5
107.0
101.5625
95.5625
89.0625
82.375
76.8125
73.6875
72.625
72.125
71.25
70.1875
69.1875
68.0625
66.875
65.6875
64.5
62.9375
60.9375
59.375
60.0
61.5625
61.5
59.8125
57.3125
55.25
53.875
53.6875
54.1875
54.5
54.3125
53.8125
55.625
63.125
75.5625
86.6875
93.625
96.5625
95.75
92.0
86.4375
79.9375
73.125
67.0
63.5
62.8125
62.9375
62.5625
61.9375
61.625
61.4375
60.875
59.875
58.8125
57.875
56.875
55.875
55.1875
54.5625
53.875
53.5
53.375
53.25
53.0625
52.5
51.6875
51.0625
50.625
50.3125
50.0
49.8125
52.125
60.375
73.9375
86.5
93.875
96.25
94.875
90.8125
85.1875
78.9375
72.4375
66.625
63.375
62.875
63.25
63.3125
62.9375
62.0625
61.0
60.0625
59.375
58.75
58.875
59.3125
59.1875
58.3125
57.125
56.125
55.5625
55.375
55.3125
54.8125
54.3125
54.0625
54.1875
54.5625
54.75
55.0
57.0625
63.875
74.5625
84.9375
91.5625
93.375
91.25
86.4375
80.8125
74.9375
69.1875
65.4375
64.3125
64.4375
64.8125
64.8125
64.5
63.9375
63.1875
62.4375
61.625
60.8125
59.8125
58.625
57.5625
56.875
56.625
56.875
58.125
56.6875
57.6875
55.125
49.6875
56.625
59.6875
43.8125
33.375
52.6875
73.75
101.0
117.375
108.0625
101.3125
90.375
85.6875
87.3125
81.5625
74.1875
69.8125
70.25
70.1875
69.1875
67.8125
66.8125
66.5
65.375
63.125
63.75
64.75
62.6875
61.3125
60.1875
59.625
59.3125
58.875
58.125
56.4375
55.75
56.3125
55.625
54.9375
55.1875
54.9375
54.5625
56.5625
63.8125
76.125
88.125
96.125
100.6875
101.0
97.8125
92.3125
86.0
80.0625
74.6875
70.25
68.0
67.625
67.875
68.125
68.125
67.6875
66.5
65.125
63.75
62.625
61.5625
60.5625
59.9375
59.4375
58.9375
58.4375
58.0625
57.75
57.3125
56.75
56.3125
55.9375
55.6875
56.0625
59.1875
67.3125
78.6875
89.125
96.25
99.75
99.3125
95.9375
90.9375
84.5
77.75
71.625
68.0
67.375
67.875
68.0
67.5625
67.0
66.25
65.0625
63.5
63.375
63.75
62.5625
61.875
61.875
62.1875
63.75
66.9375
70.5625
72.9375
74.4375
75.375
75.5
75.4375
75.6875
76.6875
78.625
81.5
84.0
85.9375
87.75
89.25
91.5
93.5
94.9375
94.75
96.1875
100.625
102.625
101.3125
99.0
98.5625
98.0
96.5
94.75
93.125
91.375
90.75
91.375
90.75
88.1875
88.75
89.75
90.1875
91.4375
92.3125
89.8125
85.375
83.5625
82.25
83.0625
84.1875
81.25
76.25
76.0
78.0625
80.125
81.125
79.6875
78.875
78.8125
78.8125
79.5625
81.0625
81.1875
80.4375
79.25
80.0625
81.875
82.375
80.4375
76.4375
71.375
68.6875
69.875
71.5625
71.8125
71.375
70.1875
67.25
64.75
64.25
66.875
68.875
66.4375
63.9375
62.0
61.6875
64.5625
63.75
59.75
58.25
58.875
60.75
62.125
65.3125
67.75
70.4375
73.0
74.3125
72.9375
71.8125
72.125
74.0
74.3125
71.875
71.6875
71.5
69.0625
68.0625
64.1875
58.1875
55.625
52.6875
52.9375
55.5
57.125
57.5
59.25
60.625
61.1875
61.375
61.0
59.5625
57.9375
55.5625
53.3125
52.4375
51.3125
53.1875
54.1875
52.125
50.8125
53.0
60.5625
73.875
86.625
96.875
104.6875
109.5
108.6875
105.5
101.3125
96.1875
90.6875
84.75
79.25
76.625
75.125
74.5
74.25
73.3125
72.375
72.25
72.125
71.375
69.9375
67.0625
65.375
64.875
64.8125
64.375
64.5
64.375
63.875
64.75
68.375
74.875
81.9375
87.25
89.0
87.8125
85.6875
84.75
75.375
64.25
67.0625
69.75
62.8125
61.8125
65.5
63.5
61.0625
62.5
64.125
64.75
64.4375
63.0625
61.125
58.8125
57.5
57.125
56.0625
55.3125
55.875
58.8125
62.25
70.1875
80.8125
90.25
98.625
104.125
104.375
102.75
98.3125
91.9375
85.125
78.5625
74.3125
71.75
69.9375
69.0625
67.0625
67.5
67.3125
66.75
69.1875
66.9375
64.375
63.1875
62.25
60.125
58.6875
59.5
62.375
61.6875
57.375
58.3125
58.625
56.125
56.375
60.25
67.1875
76.8125
88.5
98.5
103.4375
103.25
102.625
102.125
90.5
81.625
76.4375
73.5625
72.75
71.8125
70.625
69.75
66.6875
65.8125
67.25
67.3125
69.5
67.125
65.25
63.0625
60.8125
59.5
58.6875
58.5625
58.875
58.625
58.1875
57.375
56.5625
56.0
55.4375
55.125
54.875
55.3125
58.375
67.5
80.9375
91.6875
97.5
99.0625
97.5
94.0
89.125
83.3125
76.6875
71.0625
68.125
67.8125
67.875
67.625
67.1875
66.625
66.0
65.1875
64.25
63.3125
62.875
62.3125
61.25
60.5
60.125
59.8125
59.625
59.75
59.5625
58.9375
58.3125
57.5
56.8125
56.3125
56.25
57.125
61.0625
70.3125
81.6875
90.8125
95.6875
96.5
94.3125
90.0
84.6875
78.5
72.625
68.9375
68.0
68.0625
68.125
68.0
67.6875
67.125
66.375
65.4375
64.5625
63.625
62.8125
62.125
61.4375
60.875
60.375
59.875
59.5625
59.3125
59.25
59.3125
59.875
63.1875
71.125
81.625
90.6875
96.3125
98.125
96.6875
92.625
87.0625
80.6875
74.5625
70.6875
69.3125
69.3125
69.1875
69.0
68.9375
68.375
67.5
66.625
65.5625
64.5625
63.6875
62.9375
62.1875
61.5
60.875
60.375
59.875
59.3125
58.75
58.25
57.8125
57.375
56.875
56.5625
56.1875
56.0
56.1875
57.8125
64.5625
78.75
95.0
107.0625
113.9375
116.375
115.5625
112.5625
108.1875
102.9375
96.875
90.0
83.625
79.75
78.75
78.5
77.875
77.1875
76.4375
75.375
74.0625
72.6875
71.375
70.0625
69.125
68.125
67.25
66.625
66.125
65.75
65.3125
65.625
68.0625
74.0
81.625
87.6875
91.125
91.5
88.9375
83.8125
77.375
71.375
67.5625
66.375
66.4375
66.8125
66.9375
66.75
66.375
65.5625
64.625
63.6875
63.0
62.3125
61.5
61.0
60.6875
60.625
61.25
64.875
73.5
84.5625
93.875
99.5625
101.8125
100.6875
96.9375
91.25
84.3125
77.4375
72.4375
70.5625
70.4375
70.5
70.25
69.6875
69.0625
68.1875
67.25
66.25
65.1875
64.25
63.1875
62.375
61.625
60.875
60.1875
59.5
59.0625
58.5625
58.3125
57.9375
57.5625
57.375
59.375
68.125
83.5625
98.625
107.625
111.125
110.625
107.5
103.125
97.8125
91.5625
84.625
78.375
75.0625
74.625
75.125
74.875
74.0
73.0
71.9375
70.8125
69.625
68.5625
67.75
66.9375
66.0625
65.25
64.625
63.9375
63.375
62.8125
62.375
61.8125
61.0625
60.3125
59.6875
59.1875
59.5625
63.625
72.6875
83.6875
91.5625
95.0
94.8125
91.8125
87.0
81.0
74.625
69.625
67.5
67.375
67.5625
67.5
67.3125
67.0
66.6875
65.9375
65.125
64.375
63.625
63.0
62.5
62.0625
61.625
61.1875
60.6875
60.25
59.875
59.6875
59.4375
59.125
58.9375
58.75
58.9375
61.375
69.5
83.1875
96.5
105.125
108.6875
108.3125
105.25
100.625
94.875
88.4375
81.9375
77.375
75.75
75.625
75.625
75.3125
74.75
74.1875
73.125
71.9375
70.75
69.5
68.3125
67.4375
66.6875
66.0
65.25
64.5625
63.875
63.25
62.875
62.3125
61.8125
61.3125
60.875
60.8125
60.9375
62.125
66.5625
76.1875
88.1875
98.0
104.0
105.9375
104.375
100.3125
94.9375
88.75
82.125
76.625
74.0625
73.75
73.8125
73.625
73.5
73.0
72.1875
71.25
69.9375
68.8125
67.75
66.75
65.9375
65.1875
64.625
64.0
63.5625
62.9375
62.3125
61.75
60.875
60.4375
60.3125
60.625
61.25
63.875
71.5625
83.3125
94.5
102.0625
105.625
105.25
102.1875
97.5
91.75
85.5625
79.6875
76.0
74.9375
74.75
74.6875
74.4375
74.125
73.375
72.0625
70.5625
69.3125
68.5625
67.6875
66.6875
65.5
64.4375
63.75
63.375
63.125
62.625
62.0625
61.5
61.25
61.25
61.125
61.0
61.8125
66.25
76.0
87.8125
97.5625
103.3125
105.1875
103.5
99.5625
94.1875
87.75
81.1875
75.875
73.375
72.6875
72.25
71.75
71.375
71.125
70.3125
69.3125
68.4375
67.5
66.625
65.5625
64.5
63.5625
62.8125
62.375
61.6875
61.0
60.25
59.8125
59.8125
59.625
59.1875
59.875
64.9375
75.4375
87.3125
95.5
99.1875
99.0625
96.0
91.25
85.4375
78.875
73.0625
69.9375
69.4375
69.6875
69.375
68.9375
68.5625
68.0625
67.1875
65.875
64.625
63.625
62.875
62.25
61.6875
61.0625
60.5
60.0625
59.625
59.0625
58.5625
58.25
58.0
57.5625
57.125
58.125
63.75
75.0625
87.0625
94.8125
97.6875
96.6875
93.1875
88.25
82.4375
75.9375
70.1875
67.375
67.25
67.6875
67.9375
67.8125
67.5
67.0
66.125
65.125
64.1875
63.375
62.75
62.0625
61.375
60.8125
60.3125
60.0
59.625
59.125
58.6875
58.0
57.4375
56.8125
56.3125
56.0625
55.9375
55.8125
55.875
56.8125
61.8125
73.875
89.4375
101.375
107.375
108.625
106.75
102.9375
97.9375
91.9375
85.375
79.3125
76.0
75.375
75.4375
75.3125
74.875
74.125
73.0625
71.8125
70.4375
69.125
67.9375
66.9375
66.125
65.4375
65.0
64.5625
64.125
63.875
63.625
63.5
63.375
64.625
69.625
77.5625
85.375
90.5625
92.125
90.4375
85.875
79.75
73.25
68.3125
66.25
66.125
66.5
67.0625
67.25
66.75
66.0625
65.3125
64.5
63.8125
62.9375
62.125
61.75
61.5625
61.5
61.5625
63.25
69.25
79.25
89.1875
96.4375
100.0625
100.0
96.8125
91.375
84.8125
78.0
72.6875
70.6875
70.5
70.6875
70.875
70.75
70.4375
69.6875
68.5625
67.4375
66.5
65.6875
65.0
64.1875
63.25
62.5625
62.125
61.9375
61.625
61.1875
61.0
61.1875
62.9375
69.875
83.375
98.25
109.0625
114.875
116.5
114.75
110.625
105.1875
98.875
91.75
84.75
79.875
78.5
78.8125
78.75
78.125
77.4375
76.4375
75.25
73.9375
72.6875
71.5625
70.5
69.375
68.375
67.5
66.75
66.0
65.3125
64.5
63.875
63.4375
63.0
62.8125
62.6875
63.125
66.5
75.6875
88.875
100.5625
108.0
110.9375
110.0625
106.625
101.25
94.375
86.875
79.875
75.3125
73.9375
74.0
73.75
73.3125
72.75
71.9375
70.9375
69.9375
68.875
67.6875
66.5
65.5625
65.0
64.375
63.6875
62.8125
62.25
61.75
61.3125
60.6875
60.0625
59.3125
58.8125
58.5625
59.9375
65.625
77.3125
90.0625
98.8125
102.8125
102.9375
100.0
94.9375
88.8125
82.4375
76.5625
72.75
71.5625
71.4375
71.125
70.75
70.75
70.75
70.125
68.8125
67.375
66.5625
66.3125
65.875
65.125
64.1875
63.3125
62.8125
62.4375
61.9375
61.125
60.0625
59.1875
58.6875
58.4375
57.9375
57.1875
56.625
56.4375
58.3125
65.5625
78.0625
90.3125
97.875
100.5625
99.5625
95.875
90.8125
84.8125
78.25
73.0
70.875
70.8125
71.0
70.875
70.4375
69.9375
69.375
68.4375
67.375
66.5625
65.9375
65.125
64.375
63.5625
63.25
63.25
62.8125
62.5
62.125
61.875
61.5
61.125
61.125
61.0
61.0
63.4375
70.5625
80.9375
89.75
94.25
94.5
91.375
86.3125
80.1875
74.0625
69.4375
67.625
67.6875
68.3125
68.6875
68.8125
68.4375
67.75
66.875
65.9375
65.1875
64.875
64.4375
63.8125
63.375
63.1875
62.875
62.1875
61.375
60.75
60.25
59.625
59.0
58.4375
58.0625
58.25
60.375
67.4375
79.8125
93.125
103.0625
108.25
108.8125
106.125
101.4375
95.9375
89.6875
83.1875
78.1875
76.375
76.3125
76.5
76.375
75.75
74.6875
73.5625
72.3125
71.125
69.9375
68.5625
67.25
66.1875
65.5625
65.0625
64.3125
63.4375
62.625
62.1875
62.1875
62.0625
61.6875
61.5625
61.4375
61.4375
63.8125
71.6875
83.8125
95.0625
101.0
103.0625
102.625
100.1875
95.5
89.125
81.875
75.4375
72.125
71.75
72.25
72.125
71.5625
71.125
70.75
70.1875
69.125
67.75
66.5625
65.8125
65.3125
64.75
64.25
63.75
63.125
62.4375
61.625
60.8125
60.3125
60.0625
59.75
59.4375
59.25
59.5625
62.4375
70.625
82.9375
95.0
103.5625
107.8125
107.9375
104.8125
99.8125
94.0625
87.625
80.9375
75.625
73.25
72.9375
72.6875
72.3125
72.0625
71.5625
70.625
69.3125
67.875
66.875
66.0625
64.6875
64.0
63.375
62.6875
61.9375
61.25
61.0625
60.6875
59.5625
58.0
57.25
57.4375
57.6875
57.5625
57.875
61.875
71.5625
82.9375
90.9375
94.125
93.1875
89.25
84.375
79.0
73.1875
67.9375
65.0625
64.5625
64.9375
65.3125
65.125
64.3125
63.4375
63.0
62.8125
62.375
61.4375
60.25
59.3125
58.9375
59.25
59.375
58.8125
57.6875
56.6875
56.25
56.0625
55.6875
54.8125
53.8125
53.125
52.8125
52.875
53.875
59.1875
70.75
84.1875
93.5
97.4375
97.25
94.0625
89.375
84.0
77.875
72.0
68.1875
67.0625
67.1875
67.625
67.6875
67.4375
67.125
66.625
65.75
64.625
63.625
62.8125
62.0625
61.625
61.25
60.75
60.375
59.875
59.375
59.0625
58.6875
58.5625
58.3125
58.1875
58.25
60.25
67.1875
78.0625
88.4375
95.1875
97.5
96.125
92.0625
86.6875
80.625
74.5
69.75
67.875
67.6875
67.6875
67.8125
67.8125
67.4375
66.625
65.8125
65.1875
64.6875
63.9375
62.75
61.375
60.5625
60.3125
60.0
59.4375
58.6875
57.5625
56.9375
56.875
56.8125
56.8125
56.8125
57.875
62.6875
73.0
86.375
97.8125
105.0625
108.0
107.125
103.6875
98.6875
92.6875
86.125
79.6875
75.1875
73.5625
73.4375
73.3125
72.875
72.3125
71.25
69.8125
68.9375
67.875
66.75
65.6875
64.6875
63.875
63.3125
62.625
62.25
61.6875
60.875
60.25
59.875
59.5625
59.4375
59.3125
59.3125
61.1875
67.5
77.9375
88.75
96.8125
101.1875
101.875
99.625
95.375
89.875
83.625
77.25
72.25
70.3125
70.375
70.3125
70.125
69.875
69.3125
68.375
67.3125
66.3125
65.1875
63.75
62.375
60.9375
59.875
59.0625
58.375
57.75
57.3125
57.125
57.125
57.125
57.125
58.875
65.75
76.6875
87.375
94.8125
96.6875
95.5
92.9375
88.75
83.6875
77.3125
70.75
67.0
66.1875
66.25
65.75
65.25
65.0625
64.875
64.1875
63.3125
62.3125
61.25
60.3125
59.4375
58.9375
58.5625
58.1875
57.625
57.1875
56.9375
56.3125
55.5
54.8125
54.25
53.625
53.0625
53.5625
57.0625
66.6875
80.0625
90.6875
96.25
97.5625
95.5625
91.5
86.4375
80.6875
74.0625
68.4375
65.9375
65.6875
65.9375
65.875
65.4375
65.6875
65.25
62.9375
61.6875
61.25
61.3125
60.9375
60.5625
59.5625
58.5625
58.0625
57.625
57.0625
56.4375
55.875
55.5
55.4375
55.125
54.8125
54.5
54.3125
55.1875
60.1875
70.875
83.3125
92.25
96.3125
96.375
93.625
89.25
83.75
77.5625
71.75
68.4375
67.6875
67.875
68.0
67.8125
67.4375
66.8125
66.125
65.125
64.125
63.3125
62.6875
62.375
62.1875
61.875
61.8125
63.75
69.5
78.375
87.3125
93.4375
96.0
95.125
91.3125
85.5
78.625
72.25
68.6875
67.6875
67.8125
68.125
68.3125
68.1875
67.625
66.75
65.8125
65.0
64.25
63.5
62.6875
61.9375
61.25
60.75
60.25
59.9375
59.8125
60.0
61.375
67.0625
79.625
94.0
104.8125
111.25
113.4375
112.125
108.3125
103.0
96.6875
89.6875
82.8125
78.1875
76.8125
76.8125
76.5625
75.75
74.875
74.0
72.8125
71.5
70.3125
69.3125
68.375
67.4375
66.6875
66.375
66.125
66.25
68.625
75.4375
84.9375
93.6875
99.6875
102.375
101.375
97.375
91.25
84.0625
77.25
72.6875
71.125
71.1875
71.5625
71.625
71.1875
70.4375
69.4375
68.375
67.3125
66.75
66.625
66.9375
69.3125
77.0625
88.6875
98.4375
104.5625
106.9375
105.3125
100.3125
93.125
84.9375
77.6875
73.625
72.8125
73.25
73.75
73.4375
72.5625
71.5625
70.375
69.0625
67.8125
66.75
65.75
65.3125
65.5
66.125
69.375
77.75
89.4375
99.3125
104.6875
106.5625
104.8125
99.75
92.625
84.5
76.875
72.3125
71.3125
71.6875
71.875
71.75
70.9375
69.9375
68.9375
67.875
66.875
65.875
64.875
63.875
62.9375
62.25
61.625
61.25
61.0625
60.9375
60.875
62.25
70.1875
86.3125
102.25
112.0625
115.6875
114.75
110.6875
105.0625
98.75
91.5625
84.1875
78.625
76.5
76.625
77.0
76.5625
75.25
73.6875
72.25
70.9375
69.5625
68.5
67.5625
66.6875
65.8125
65.0625
64.4375
63.8125
63.1875
62.5625
62.0
61.4375
60.875
60.0625
59.3125
58.875
59.4375
64.5625
76.9375
91.8125
101.8125
106.25
106.5625
104.0625
99.625
93.875
87.0
79.8125
74.5625
72.6875
72.875
72.9375
72.5
71.8125
71.25
70.8125
70.1875
69.375
68.6875
68.125
67.5625
67.5625
69.4375
73.6875
78.625
81.0625
79.875
75.6875
69.875
65.1875
63.0
62.1875
62.3125
62.9375
63.1875
63.125
62.6875
61.9375
61.375
61.0
60.625
60.1875
59.6875
59.1875
58.8125
58.4375
58.125
57.8125
57.5
57.3125
57.1875
57.125
57.25
58.9375
66.6875
83.625
102.6875
115.75
122.5625
124.4375
122.4375
118.0
112.125
105.5625
98.5
91.3125
85.375
82.6875
82.5625
82.625
82.1875
81.1875
79.875
78.4375
76.9375
75.5
74.0625
72.9375
72.1875
71.8125
71.3125
70.75
71.0625
74.1875
80.5625
88.375
94.375
96.875
96.1875
92.0625
85.625
78.3125
72.75
70.1875
69.9375
70.375
70.6875
70.5
69.875
69.125
68.375
67.5
66.5625
65.5
64.375
63.625
63.1875
62.875
62.4375
61.8125
61.125
60.5625
60.125
59.375
58.8125
58.3125
57.8125
57.5
57.5
57.4375
58.4375
63.9375
79.875
101.625
118.4375
128.25
132.75
132.625
129.25
124.5
118.8125
112.75
106.0
98.6875
91.9375
88.125
87.3125
87.1875
86.4375
85.25
83.75
81.75
79.5625
77.4375
75.4375
73.5625
71.9375
70.6875
69.6875
68.625
67.8125
67.125
66.6875
66.0625
65.25
64.6875
64.4375
64.5
64.75
67.25
74.125
83.625
91.5625
96.5
98.0
96.125
91.5
85.0
77.75
71.6875
68.6875
67.9375
67.8125
67.4375
67.1875
66.8125
66.3125
65.5
64.5625
63.4375
62.25
61.25
60.75
60.5625
60.1875
60.0
59.6875
59.375
58.75
58.1875
57.3125
56.5625
55.9375
55.5
55.125
54.5625
54.375
56.5625
65.375
80.5
94.5
102.1875
104.75
103.75
100.3125
95.4375
89.4375
82.6875
75.8125
71.6875
71.0625
71.5625
71.8125
71.5625
70.9375
70.1875
69.25
68.0
66.6875
65.8125
65.3125
64.8125
64.1875
63.25
62.375
61.875
61.6875
61.1875
60.3125
59.375
58.4375
58.0625
58.0
57.625
57.1875
58.375
64.25
74.0625
83.1875
88.125
89.1875
87.0625
82.5625
76.5
69.9375
65.3125
63.9375
64.375
64.875
65.0625
64.75
64.75
64.5
64.0
63.125
62.125
61.125
60.375
60.0625
59.875
59.4375
59.125
58.9375
58.6875
58.3125
58.3125
57.625
56.9375
57.0
56.8125
56.8125
58.4375
64.3125
76.4375
90.25
100.1875
105.5625
106.625
104.25
99.8125
94.25
87.8125
80.9375
75.375
73.25
73.125
73.25
73.125
72.8125
72.5
71.8125
70.625
69.125
67.875
66.875
65.75
64.9375
64.25
63.5625
62.9375
62.3125
62.0
61.75
61.75
62.125
64.5
70.875
79.625
87.5
92.1875
93.25
91.25
86.3125
79.9375
73.375
68.6875
66.875
66.5625
66.625
66.8125
66.875
66.75
66.125
65.25
64.1875
63.1875
62.375
62.0625
61.9375
61.8125
62.875
67.75
77.1875
86.875
93.6875
97.3125
97.75
95.0
89.8125
82.9375
75.75
70.6875
68.6875
68.5625
68.875
69.1875
69.125
68.6875
67.875
66.8125
65.75
64.75
63.8125
62.9375
62.1875
61.4375
60.75
60.1875
59.6875
59.3125
58.8125
58.1875
57.625
57.25
57.4375
59.75
67.75
83.75
100.6875
112.25
118.5
120.375
118.5
114.125
108.4375
102.0625
95.3125
88.0625
81.5625
78.75
78.1875
77.75
76.6875
75.3125
74.1875
73.1875
71.9375
70.375
68.8125
67.4375
66.25
65.25
64.25
63.4375
62.6875
62.0625
61.4375
60.6875
60.0625
59.625
59.3125
58.8125
58.625
61.25
69.125
80.375
89.4375
94.0
94.4375
91.6875
86.9375
81.125
74.5625
68.625
65.3125
64.75
65.0
65.0
64.8125
64.625
64.1875
63.4375
62.5
61.6875
60.9375
60.25
59.75
59.1875
58.75
59.8125
64.375
72.5625
81.375
86.5625
87.8125
85.625
80.8125
74.5625
68.0625
63.3125
61.5625
61.375
61.375
61.6875
62.0
61.9375
61.625
61.0625
60.375
59.75
59.0625
58.375
57.625
57.0625
56.6875
56.5
56.3125
56.25
56.125
56.0
56.0
56.9375
61.9375
75.125
92.1875
105.25
112.0
113.75
111.8125
107.5625
102.0
95.5625
88.5
81.6875
77.375
76.0
75.8125
75.5625
75.0625
74.1875
73.25
72.0625
70.625
69.25
68.0
67.0
66.0625
65.0625
64.1875
63.4375
62.6875
62.0625
61.375
60.6875
59.9375
59.5
59.1875
59.0
58.9375
60.0625
65.4375
77.25
91.0
101.3125
107.25
109.1875
107.625
103.5
97.875
91.3125
84.3125
77.9375
74.375
73.625
73.625
73.1875
72.5625
72.0
71.1875
70.0625
68.875
67.6875
66.5
65.375
64.3125
63.375
62.625
61.9375
61.25
60.625
60.0
59.375
58.9375
58.6875
58.5625
58.5625
59.625
64.6875
75.75
88.75
98.875
104.8125
106.5
104.75
100.625
95.0
88.5625
81.6875
75.6875
72.6875
72.1875
72.125
71.8125
71.5
71.0625
70.125
68.875
67.625
66.5625
65.5
64.375
63.375
62.625
61.9375
61.375
60.6875
60.1875
59.5625
59.0
58.4375
57.9375
57.5625
57.3125
57.25
57.5625
60.4375
69.125
82.625
94.875
102.9375
106.8125
106.75
103.8125
99.0
93.125
86.5
79.8125
74.875
73.125
72.875
72.75
72.375
71.8125
71.0625
70.0625
68.875
67.625
66.375
65.25
64.1875
63.3125
62.5
61.875
61.25
60.625
60.125
59.6875
59.4375
59.1875
59.1875
59.25
60.625
65.9375
76.125
87.125
95.25
99.625
100.1875
97.5625
92.9375
86.9375
80.125
73.5625
69.3125
68.1875
68.1875
68.125
67.875
67.625
67.125
66.25
65.5
64.8125
64.125
63.375
63.25
66.1875
73.0
81.1875
87.1875
89.625
88.0
82.5625
75.0
67.6875
63.25
62.0
62.3125
62.8125
63.125
63.125
62.625
61.875
60.9375
59.9375
59.1875
58.5
58.0625
57.8125
57.625
58.625
63.625
73.9375
85.0625
92.625
95.8125
95.0625
90.9375
84.6875
77.5
70.5
65.875
64.6875
65.0625
65.3125
65.3125
65.0
64.4375
63.8125
63.0625
62.25
61.5625
60.6875
59.9375
59.125
58.375
57.75
57.3125
56.9375
56.5
56.0625
56.375
60.1875
72.1875
89.0625
101.5625
107.3125
108.0
105.4375
100.9375
95.1875
88.625
81.375
74.875
71.5625
71.3125
71.625
71.5
70.9375
70.0625
69.1875
68.0625
66.8125
65.75
64.875
64.0625
63.3125
62.75
62.25
61.875
61.625
61.5625
61.5625
61.75
64.375
72.0
82.875
92.3125
97.5
98.5
95.8125
90.75
84.25
77.3125
71.625
68.9375
68.5625
68.6875
68.5625
68.5625
68.3125
67.5625
66.625
65.6875
64.75
63.75
62.6875
61.6875
61.0
60.4375
59.9375
59.3125
58.75
58.25
57.75
57.5
57.5625
58.5625
63.8125
77.4375
95.625
109.5
117.5
120.8125
120.0
116.3125
111.125
105.125
98.4375
91.1875
84.5
80.4375
79.3125
79.1875
78.5625
77.6875
76.75
75.625
74.1875
72.6875
71.4375
70.1875
69.3125
68.8125
68.3125
68.125
69.875
75.6875
84.1875
91.5625
95.9375
97.25
95.1875
89.875
82.5
75.125
70.1875
68.375
68.375
68.75
68.6875
68.375
68.0625
67.375
66.375
65.375
64.5
63.625
62.6875
61.625
60.8125
60.3125
59.875
59.4375
58.9375
58.5625
58.5
59.4375
63.9375
75.8125
92.5625
106.6875
115.0
118.625
118.3125
114.875
109.5625
103.1875
96.1875
88.75
81.9375
78.125
77.5625
77.875
77.4375
76.5625
75.6875
74.6875
73.3125
71.8125
70.4375
69.1875
68.0625
67.0625
66.0625
65.125
64.375
63.6875
63.0625
62.375
61.625
60.9375
60.4375
60.0625
59.875
60.0
61.4375
67.6875
80.5625
95.0625
106.0
112.125
114.3125
112.8125
108.75
103.0625
96.3125
89.0
81.875
77.125
75.625
75.625
75.3125
74.5
73.5625
72.6875
71.5625
70.375
69.0
67.6875
66.3125
65.125
64.125
63.25
62.5625
61.8125
61.25
60.625
60.0625
59.5
59.0625
58.75
58.5
58.5625
60.8125
68.875
81.4375
92.6875
99.75
102.375
101.3125
97.5
92.0625
85.625
78.8125
72.9375
70.0
69.6875
69.75
69.4375
68.875
68.4375
67.6875
66.75
65.5625
64.5625
63.5
62.625
61.875
61.1875
60.5
59.875
59.25
58.6875
58.1875
57.625
57.0
56.3125
55.75
55.25
54.75
54.3125
53.875
53.5
53.0
53.0
54.6875
61.75
76.4375
92.3125
102.5625
107.125
107.375
104.625
100.0625
94.5625
88.3125
81.5
75.5625
72.6875
72.3125
72.25
71.9375
71.4375
70.75
69.8125
68.5625
67.25
66.1875
65.3125
64.5625
63.8125
63.125
62.625
62.125
61.5625
61.0
60.4375
59.9375
59.375
58.8125
58.4375
58.25
58.125
57.6875
57.3125
57.3125
57.3125
58.75
64.6875
75.6875
87.0625
95.0
98.625
98.3125
95.125
90.25
84.25
77.8125
72.0625
69.0625
68.6875
69.0
69.125
69.125
68.9375
68.25
67.1875
66.125
65.1875
64.4375
63.5
62.4375
61.25
60.125
59.125
58.1875
57.5
56.9375
56.5625
56.125
55.625
55.1875
54.8125
54.375
54.0
53.625
53.25
52.875
52.5
52.3125
52.1875
52.1875
52.5625
54.5
61.4375
73.25
84.4375
90.9375
92.5
90.0625
85.0625
78.8125
72.4375
67.125
64.5625
64.375
64.9375
65.3125
65.25
64.9375
64.25
63.3125
62.3125
61.5
60.6875
59.9375
59.375
58.875
58.4375
57.9375
57.375
56.875
56.3125
55.75
55.375
55.0625
54.8125
54.375
53.9375
53.5625
53.25
53.0625
53.25
55.5
65.3125
85.6875
107.0625
121.125
128.6875
130.9375
129.0
124.5
119.0625
113.1875
107.0
100.3125
93.0625
86.9375
83.8125
82.9375
82.1875
81.0625
79.75
78.5
77.0625
75.4375
73.875
72.375
71.125
69.75
68.4375
67.3125
66.3125
65.5
64.75
64.25
64.0
63.875
64.125
66.1875
71.6875
79.5
86.3125
90.3125
91.0625
88.5625
83.375
76.6875
70.375
66.3125
64.8125
64.5625
64.8125
64.9375
65.0
64.6875
64.0
63.1875
62.4375
62.0
61.75
61.875
64.125
70.625
80.5625
88.875
93.6875
95.0625
92.9375
87.875
80.8125
73.375
68.0
65.75
65.5625
66.0
66.3125
66.125
65.6875
64.9375
63.8125
62.6875
61.75
60.875
60.125
59.375
58.5625
57.8125
57.1875
56.625
56.125
55.5625
54.9375
54.375
53.875
53.5
53.125
52.625
52.25
52.25
53.25
59.1875
75.625
97.1875
112.9375
121.3125
124.25
122.875
118.875
113.75
107.875
101.5
94.625
87.9375
83.125
81.0
80.1875
79.5
78.375
77.0625
75.875
74.5625
73.1875
71.75
70.4375
69.3125
68.125
67.0625
66.1875
65.4375
64.625
63.875
63.1875
62.625
62.1875
61.625
60.875
61.25
64.9375
72.4375
80.8125
86.4375
88.5
87.0625
82.875
77.0
70.4375
65.375
63.3125
63.125
63.125
62.875
62.875
62.9375
62.6875
62.0625
61.375
60.6875
59.9375
59.3125
58.5625
57.8125
57.375
56.875
56.5
56.0625
55.625
55.125
54.625
54.3125
54.125
53.9375
53.9375
55.375
61.875
75.875
91.4375
102.0
107.125
108.0
105.75
101.625
96.125
89.6875
82.6875
76.9375
74.375
74.0625
74.125
74.0625
73.625
72.9375
72.1875
71.25
70.125
68.9375
67.875
66.75
65.75
64.9375
64.25
63.5625
62.9375
62.3125
61.6875
61.0625
60.5
60.25
60.0
59.8125
60.0625
62.125
68.8125
80.125
90.9375
98.625
102.5625
103.0
100.3125
95.5625
89.4375
82.6875
76.4375
72.75
71.75
71.6875
71.4375
71.3125
71.125
70.5
69.5625
68.625
67.5625
66.5625
65.5
64.5
63.625
62.9375
62.375
61.875
61.4375
61.125
61.0625
61.6875
64.625
72.125
82.625
91.5625
97.25
99.4375
98.125
94.125
88.4375
81.8125
75.4375
71.1875
69.8125
69.5625
69.375
69.4375
69.4375
69.0
68.1875
67.25
66.1875
65.1875
64.1875
63.375
62.8125
62.5625
62.375
62.75
65.5
72.625
82.6875
91.3125
96.8125
99.25
98.375
94.5625
88.6875
81.75
75.0625
70.75
69.375
69.25
69.5625
69.875
69.8125
69.1875
68.1875
67.1875
66.1875
65.3125
64.3125
63.1875
62.4375
61.75
61.25
60.6875
60.125
59.625
59.3125
59.375
59.9375
62.625
71.8125
87.375
102.5
112.375
117.5
118.6875
116.375
111.9375
106.3125
99.6875
92.4375
85.1875
80.0
78.3125
78.3125
78.0625
77.4375
76.6875
75.8125
74.5
73.0
71.5625
70.3125
69.1875
67.9375
66.8125
65.75
64.875
64.125
63.3125
62.5625
61.8125
61.125
60.6875
60.25
60.0
60.125
62.0
69.0
81.4375
94.0625
102.5625
107.0625
107.8125
105.4375
100.875
94.875
88.1875
81.3125
75.9375
73.6875
73.375
73.125
72.4375
71.8125
71.125
70.1875
69.0
67.6875
66.5
65.4375
64.4375
63.5625
62.75
62.125
61.5625
61.0
60.375
59.75
59.1875
58.75
58.25
57.75
57.25
56.9375
57.5
62.25
73.625
87.9375
98.8125
104.6875
106.0
103.875
99.625
94.1875
88.0
81.25
75.1875
72.0625
71.625
71.75
71.5625
71.0
70.25
69.4375
68.375
67.125
65.9375
64.75
63.75
63.0
62.3125
61.75
61.1875
60.5625
60.0
59.5625
59.1875
58.75
58.125
57.5625
57.0625
57.0
58.75
65.4375
76.625
87.125
93.75
96.0
94.5625
90.6875
85.3125
79.125
73.0
68.75
67.4375
67.5625
67.75
67.8125
67.6875
67.5
66.9375
66.1875
65.3125
64.3125
63.375
62.625
62.0
61.4375
60.875
60.3125
59.8125
59.375
58.9375
58.5625
58.0625
57.75
57.5
57.4375
57.6875
59.8125
67.1875
80.4375
94.0
103.5625
108.625
109.4375
107.0
102.5625
96.875
90.4375
83.5
77.4375
74.5
74.125
74.25
74.0625
73.75
73.25
72.375
71.125
69.75
68.5625
67.4375
66.3125
65.3125
64.3125
63.5
62.8125
62.3125
61.875
61.375
60.8125
60.3125
59.75
59.25
58.75
58.125
57.5
57.0
56.75
56.625
57.25
60.5
70.0
84.0625
96.5
104.8125
109.0625
109.5
107.0
102.5625
96.875
90.375
83.5625
78.0
75.25
74.5625
74.3125
73.9375
73.5
72.75
71.6875
70.25
69.0
67.875
66.8125
65.6875
64.6875
63.8125
63.1875
62.6875
62.1875
61.625
61.125
60.8125
60.625
60.5625
62.25
67.6875
76.625
85.3125
91.4375
94.375
93.8125
90.375
84.9375
78.5
72.25
68.25
67.0625
67.0
67.125
67.125
67.1875
66.75
65.8125
64.625
63.75
62.6875
61.875
61.0625
60.375
59.9375
59.4375
59.0
58.625
58.125
57.625
57.3125
57.0625
57.0
57.1875
58.8125
65.1875
77.75
91.5
101.625
107.375
109.0625
107.5
103.6875
98.375
92.0
85.0625
78.6875
74.9375
73.75
73.5625
73.125
72.5
71.9375
71.125
70.0
68.8125
67.5625
66.3125
65.0625
63.9375
63.0
62.25
61.5625
61.0
60.375
59.6875
59.0625
58.5
57.875
57.3125
56.8125
56.3125
55.9375
55.6875
55.75
57.875
65.6875
79.0
91.875
100.375
104.3125
104.4375
101.625
97.0625
91.5
85.25
78.75
73.8125
71.5625
71.0625
70.8125
70.25
69.625
69.0
68.125
67.0625
66.0
65.0
64.0
62.875
62.0
61.375
60.8125
60.1875
59.5
58.9375
58.5625
58.25
57.875
57.3125
56.8125
58.625
65.0625
75.5
84.9375
90.3125
91.6875
89.5
85.0
79.4375
73.25
67.4375
64.0
63.3125
63.5
63.5
63.25
62.9375
62.6875
61.875
61.0625
60.3125
59.5625
59.0
58.375
57.875
57.4375
57.0625
56.75
56.375
55.9375
55.5625
55.1875
54.8125
54.375
54.0
53.625
54.5625
59.8125
72.0
86.9375
97.625
102.9375
103.75
101.625
97.5625
92.25
86.0625
79.5
74.25
72.0
71.75
71.75
71.625
71.125
70.4375
69.6875
68.625
67.4375
66.25
65.25
64.375
63.625
62.875
62.1875
61.5625
61.0
60.4375
59.8125
59.125
58.5625
58.1875
57.9375
57.75
57.6875
58.5625
63.0625
73.4375
86.0
96.3125
102.5625
104.9375
103.8125
100.1875
95.0625
89.0625
82.4375
76.375
73.0
72.125
71.9375
71.5625
71.1875
70.75
69.9375
69.0625
68.0
66.9375
65.875
64.75
63.75
62.875
62.1875
61.625
60.9375
60.3125
59.625
59.125
58.75
58.375
58.0625
57.875
58.125
60.3125
67.625
80.0625
92.25
100.875
105.4375
106.0625
103.6875
99.3125
93.75
87.3125
80.5625
75.1875
72.8125
72.5
72.4375
72.0625
71.6875
71.0625
70.0625
68.9375
67.75
66.75
65.9375
65.0625
64.1875
63.375
62.5
61.6875
61.0
60.1875
59.4375
58.6875
58.1875
57.875
57.875
58.0625
58.875
62.6875
72.0625
84.6875
95.3125
102.125
105.1875
104.75
101.8125
97.0
91.0
84.4375
78.125
74.0625
72.75
72.4375
71.9375
71.375
71.0625
70.5
69.5625
68.4375
67.25
66.25
65.3125
64.4375
63.5
62.75
62.0625
61.375
60.8125
60.25
59.6875
59.1875
58.6875
58.25
58.0625
58.0625
58.625
62.25
71.8125
85.25
96.75
104.125
107.3125
106.875
103.9375
99.1875
93.375
86.6875
80.0
75.0
73.1875
73.0
72.75
72.1875
71.5625
70.875
69.8125
68.625
67.375
66.1875
65.125
64.0625
63.0625
62.25
61.5
60.8125
60.25
59.6875
59.125
58.5
58.0
57.5
57.0625
56.625
56.3125
56.375
58.5
66.125
79.0625
91.4375
99.625
103.4375
103.375
100.4375
95.8125
90.1875
83.9375
77.5625
72.875
71.125
70.9375
70.6875
70.1875
69.625
69.0
68.0
66.875
65.6875
64.625
63.625
62.625
61.75
61.125
60.5625
60.125
59.6875
59.25
59.0625
58.6875
58.5625
60.625
67.3125
77.25
86.0
90.875
92.0
89.8125
85.3125
79.5625
73.1875
67.5
64.5625
64.375
64.875
65.0
64.75
64.1875
63.5
62.8125
62.1875
61.375
60.4375
59.5
58.8125
58.375
58.0
57.4375
56.75
56.3125
56.0
55.625
55.25
54.8125
54.4375
54.25
54.4375
56.6875
65.3125
80.75
95.625
104.4375
107.875
107.4375
104.625
100.3125
94.9375
88.625
81.9375
76.5625
74.3125
74.1875
74.25
73.9375
73.25
72.4375
71.5625
70.375
69.0625
67.875
66.8125
65.8125
64.8125
63.9375
63.125
62.625
62.3125
62.125
61.875
61.875
62.5625
66.375
74.75
84.75
92.4375
96.5
97.0
94.25
89.1875
82.875
76.0625
70.75
68.5
68.125
68.1875
68.25
68.375
68.0
67.3125
66.25
65.3125
64.5
63.6875
62.8125
61.9375
61.25
60.9375
60.8125
60.9375
62.75
69.0
80.0625
91.1875
98.875
103.0
103.5
100.9375
96.125
89.75
82.625
76.125
72.5
71.875
72.0
71.875
71.625
71.1875
70.1875
69.125
68.0
66.9375
66.0
65.0
64.0
63.0
62.1875
61.6875
61.125
60.625
60.1875
59.8125
59.625
59.6875
60.5625
65.3125
77.4375
93.625
107.0
114.9375
118.4375
118.1875
115.1875
110.375
104.4375
97.9375
91.0625
84.6875
80.6875
79.4375
79.0
78.3125
77.5
76.8125
75.9375
74.6875
73.3125
71.875
70.5625
69.3125
68.25
67.375
66.5625
65.8125
65.0625
64.3125
63.75
63.5625
63.5625
64.0
66.75
74.375
85.375
95.375
101.75
104.625
104.1875
100.9375
95.75
89.1875
82.0625
76.0625
73.1875
72.8125
72.75
72.375
72.1875
71.75
70.9375
69.9375
68.8125
67.6875
66.6875
66.1875
65.9375
66.25
69.3125
77.1875
87.75
96.3125
101.375
103.0625
101.25
96.4375
89.6875
82.0
75.5
71.875
71.0625
71.25
71.4375
71.25
70.6875
69.75
68.625
67.375
66.3125
65.4375
64.375
63.3125
62.375
61.6875
61.0625
60.625
60.1875
60.0625
60.125
60.9375
65.125
76.75
93.25
106.375
113.5
116.0
114.625
110.5625
105.1875
98.8125
91.75
84.375
78.6875
76.5
76.5625
76.5625
75.875
74.6875
73.625
72.4375
71.1875
70.125
69.125
68.125
67.625
67.5625
67.0625
67.4375
70.625
78.5625
87.875
94.8125
98.0625
97.6875
93.8125
87.5625
80.0625
73.125
69.0625
68.1875
68.5625
68.9375
68.875
68.4375
67.8125
67.0
66.1875
65.3125
64.4375
63.375
62.5
61.75
61.1875
60.6875
60.3125
59.9375
59.625
59.5
60.0625
64.3125
76.5
93.125
106.0625
113.0
115.0
113.375
109.25
103.75
97.4375
90.375
83.75
79.5
78.375
78.25
78.0625
77.4375
76.5625
75.5625
74.25
72.9375
71.875
71.1875
70.1875
68.6875
67.125
65.8125
64.8125
63.75
62.9375
62.1875
61.625
61.125
60.75
60.25
59.625
58.9375
58.375
57.9375
57.4375
57.0
56.5625
56.125
55.75
55.5
55.0625
54.6875
54.375
53.9375
53.5
52.9375
52.5
52.3125
52.3125
52.1875
52.0
51.625
51.1875
50.75
50.4375
50.3125
50.5625
52.0
60.25
82.75
109.8125
127.1875
136.6875
140.875
139.875
135.6875
130.3125
124.6875
119.0
113.0
106.3125
99.0
92.9375
89.5625
88.0625
86.9375
85.5
83.875
82.4375
80.875
79.0625
77.5
76.0
74.625
73.3125
72.0
70.6875
69.75
68.9375
68.375
67.9375
67.5625
67.125
67.4375
70.25
76.1875
82.8125
87.625
89.3125
87.625
83.0625
76.625
70.375
66.5
65.0625
64.6875
65.0
65.4375
65.625
65.25
64.3125
63.125
62.1875
61.8125
61.0625
59.4375
59.3125
58.875
58.6875
58.75
58.1875
57.6875
57.0
56.5
56.1875
56.5
59.375
68.875
84.8125
99.9375
109.625
114.5
115.5625
113.5625
109.5625
103.8125
97.5625
90.375
83.0625
78.125
76.5
76.4375
75.8125
75.8125
75.8125
75.3125
74.4375
72.9375
70.875
69.125
67.4375
66.3125
65.4375
64.8125
64.3125
63.625
62.75
61.9375
61.125
60.4375
60.0625
60.0
60.125
60.75
63.75
71.5625
82.9375
93.1875
99.8125
102.875
102.5625
99.375
94.125
87.6875
80.8125
75.0
72.0
71.3125
71.125
70.75
70.25
69.8125
69.0625
68.125
67.1875
66.1875
64.8125
63.5625
62.6875
62.125
61.5625
60.9375
60.25
59.5625
59.0
58.5
58.1875
57.8125
57.625
57.4375
58.5625
64.125
75.625
88.1875
97.0625
101.3125
101.6875
99.0
94.375
88.5
81.8125
75.375
71.125
69.875
69.875
69.75
69.3125
68.8125
68.25
67.3125
66.25
65.0625
64.0625
63.0625
62.1875
61.4375
60.875
60.3125
59.75
59.125
58.5
58.0625
57.5625
57.125
56.5625
56.125
55.6875
55.375
55.0625
55.0
56.625
63.5
76.125
88.6875
96.6875
99.8125
99.375
96.375
91.8125
86.0625
79.625
73.5
69.9375
69.375
69.625
69.6875
69.5
69.25
68.8125
68.0
66.875
65.8125
64.9375
64.0
63.1875
62.4375
61.875
61.3125
60.8125
60.1875
59.5625
59.0625
58.625
58.3125
57.8125
57.375
57.1875
57.25
58.375
63.125
72.9375
84.5
93.6875
99.0
100.5625
98.75
94.5625
89.0
82.5
76.1875
71.75
70.1875
70.0625
69.9375
69.625
69.25
68.875
68.125
67.25
65.6875
64.875
65.125
61.875
60.9375
60.75
60.0625
60.0625
60.125
60.0
59.25
59.25
59.1875
60.0
64.125
72.625
82.8125
90.5625
94.875
95.6875
93.25
88.625
82.75
76.25
70.6875
68.0
67.375
67.25
67.1875
67.25
67.1875
66.5
65.5625
64.5625
63.6875
62.8125
62.125
61.9375
61.875
62.8125
66.8125
75.1875
84.6875
91.75
95.75
96.5
94.3125
89.4375
82.8125
75.6875
70.25
67.9375
67.625
67.8125
68.0625
68.0625
67.6875
67.0
65.8125
64.625
63.8125
62.9375
62.0625
61.3125
60.5
59.875
59.5
59.5
59.9375
61.9375
68.6875
81.0625
94.25
103.9375
108.875
109.5625
106.9375
101.8125
95.5
89.0
82.3125
76.75
74.4375
74.125
73.8125
73.4375
73.0
72.25
70.9375
69.5625
68.375
67.3125
66.4375
65.5
64.5
63.625
62.875
62.25
61.5625
60.625
59.875
59.25
58.9375
58.75
59.0
60.1875
64.9375
76.9375
92.4375
104.6875
111.875
115.0
114.1875
110.875
105.875
99.8125
92.875
85.625
79.625
76.875
76.1875
76.125
75.625
74.25
73.1875
71.75
70.375
69.125
68.125
67.1875
66.6875
66.1875
65.8125
66.875
71.25
79.25
87.1875
92.375
94.1875
92.625
87.875
81.0625
73.75
68.25
65.9375
65.6875
66.0625
66.1875
65.9375
65.375
64.5
63.375
62.5
61.5625
60.875
60.0625
59.375
58.875
58.3125
57.8125
57.3125
56.75
56.0625
55.5
54.9375
54.375
53.9375
53.4375
52.8125
52.625
52.875
54.75
63.375
81.4375
101.125
113.375
119.1875
120.375
118.0
114.0
108.0
101.375
94.9375
87.9375
82.0
79.0625
77.8125
76.9375
76.0
74.8125
74.0
73.1875
72.25
71.0
69.6875
68.5
67.3125
66.3125
65.25
64.1875
63.3125
62.625
62.0
61.625
61.375
61.125
60.5625
60.8125
63.75
70.5
78.875
85.0625
87.625
86.875
83.3125
77.8125
71.6875
66.625
64.4375
64.125
64.0
63.9375
64.125
64.0625
63.625
63.0
62.125
61.5625
61.125
59.9375
59.3125
58.75
57.75
57.5625
57.375
56.875
56.4375
56.0
55.875
55.875
56.25
59.4375
69.0625
83.75
96.8125
105.25
109.3125
109.875
107.4375
102.9375
97.0625
90.25
83.125
77.4375
74.9375
74.625
74.5625
74.125
73.5625
72.875
71.875
70.75
69.5625
68.5
67.4375
66.4375
65.4375
64.4375
63.6875
63.0625
62.375
61.75
61.0625
60.375
59.8125
59.3125
59.0
58.6875
58.375
59.5
63.0625
71.1875
83.8125
95.125
102.375
105.75
105.5
102.3125
97.5
91.5
84.625
78.3125
74.5625
73.375
73.0625
72.625
72.0625
71.5
70.8125
69.9375
68.9375
67.9375
67.0625
66.0625
64.9375
64.0
63.125
62.3125
61.6875
61.125
60.5625
59.9375
59.4375
59.125
59.0
58.9375
59.25
61.75
69.25
81.0625
92.25
99.75
103.3125
103.25
100.5625
96.0625
90.25
83.5
77.0625
72.9375
72.0625
72.1875
71.8125
71.3125
70.8125
70.125
69.0
67.875
66.6875
65.625
64.75
63.5625
62.625
62.0
61.1875
60.8125
60.4375
59.1875
58.1875
57.75
57.1875
56.5625
56.3125
56.0
55.75
55.8125
59.75
70.0
83.125
93.9375
101.1875
103.8125
103.25
100.125
95.0
88.6875
82.25
76.5
71.875
70.6875
70.8125
70.0625
69.5
69.0625
68.125
67.4375
66.4375
65.4375
64.75
63.8125
62.625
61.625
61.0625
60.625
60.1875
59.5
58.875
58.5
58.25
58.25
58.25
59.5625
66.0
75.75
84.875
90.375
91.9375
90.0625
85.9375
80.375
74.1875
68.6875
65.5625
64.9375
65.0625
64.875
64.625
64.3125
63.875
63.125
62.1875
61.25
60.5
59.6875
58.9375
58.4375
57.9375
57.3125
56.75
56.3125
55.9375
55.375
54.9375
54.375
53.9375
53.5
53.0625
52.6875
52.375
52.125
52.0
52.0625
53.5625
60.4375
75.4375
92.375
103.8125
109.3125
110.625
108.9375
105.3125
100.4375
94.625
88.0
81.125
76.1875
74.6875
74.9375
75.1875
74.6875
73.625
72.5625
71.5625
70.4375
69.1875
68.125
66.9375
65.875
65.0625
64.3125
63.5625
62.9375
62.4375
61.9375
61.375
60.875
60.625
60.375
60.3125
61.125
64.8125
72.4375
81.375
88.375
92.1875
92.875
90.4375
85.5625
79.625
73.5625
69.125
67.375
67.0625
66.8125
66.75
66.625
66.375
65.75
64.875
63.875
62.9375
62.0
61.1875
60.8125
60.625
60.4375
60.0625
59.375
58.3125
57.75
59.1875
64.0625
71.25
77.375
80.3125
79.875
76.875
72.3125
67.0
62.5
60.3125
60.125
60.4375
60.8125
60.9375
60.75
60.3125
59.6875
58.9375
58.5625
58.375
57.5625
56.6875
55.75
55.375
54.625
54.4375
54.625
54.5625
54.125
53.4375
52.875
52.5625
52.3125
52.0
51.625
51.3125
51.125
50.875
50.875
51.3125
54.0625
64.0
81.875
99.375
111.1875
117.6875
119.625
118.4375
115.1875
110.625
105.25
99.125
92.5625
86.25
82.1875
80.75
80.125
79.375
78.25
77.125
76.0
74.625
73.125
71.75
70.4375
69.4375
68.4375
67.4375
66.1875
66.5
67.625
62.9375
60.6875
61.625
62.25
67.5625
72.3125
56.3125
46.1875
49.8125
64.4375
73.75
83.125
87.5
92.125
93.625
92.6875
88.6875
83.125
77.1875
71.125
67.3125
66.4375
66.1875
66.0
65.9375
65.875
64.875
63.625
60.5625
64.5625
62.3125
62.125
58.0625
58.1875
58.4375
57.5625
57.0625
57.0
56.6875
55.9375
55.5
55.1875
54.875
54.125
54.25
57.6875
66.625
78.75
89.125
94.9375
95.75
94.125
90.6875
86.1875
80.4375
74.375
69.8125
67.9375
67.5625
67.375
67.0625
66.4375
65.9375
65.4375
64.625
63.6875
62.5625
61.5
61.25
61.0
60.1875
59.0625
58.6875
58.375
57.625
57.25
56.9375
56.375
55.875
55.4375
54.875
54.5
54.0625
54.625
58.6875
68.3125
80.6875
89.875
94.4375
95.25
93.25
89.5625
84.75
78.9375
73.1875
69.25
68.1875
68.25
68.25
68.125
67.8125
67.4375
66.75
65.6875
64.75
64.0
63.25
62.375
61.5625
60.9375
60.6875
60.625
60.25
59.625
59.125
58.875
58.75
58.5625
58.25
57.9375
58.1875
60.8125
68.5
80.0625
90.6875
97.9375
101.1875
101.0
98.125
93.4375
87.75
81.5625
76.0
72.875
72.0625
71.875
71.6875
71.25
70.75
70.125
69.1875
68.1875
67.1875
66.375
65.625
65.25
64.8125
63.9375
63.0625
62.625
64.0625
68.625
74.9375
80.0
82.0625
80.8125
76.875
71.5625
66.375
63.0625
62.1875
62.5
62.625
62.5625
62.3125
61.9375
61.375
60.625
60.0
59.4375
58.9375
58.3125
57.625
57.125
56.9375
56.9375
57.25
56.9375
55.625
54.9375
55.0625
54.125
53.5
53.0
53.0
53.125
52.9375
52.5
52.0
51.375
50.75
50.5625
50.8125
51.0
52.0
57.8125
73.6875
94.8125
111.4375
121.625
126.4375
127.25
125.3125
121.6875
117.0
111.5
105.125
98.1875
91.4375
86.375
84.5
84.1875
84.0625
82.0
78.6875
78.0625
77.5625
76.0
74.375
73.4375
72.0625
70.8125
70.0625
69.0625
67.875
67.0625
66.0
65.375
64.75
63.9375
63.125
62.625
62.125
61.875
61.75
61.5
62.6875
67.375
75.625
84.0625
90.375
93.5625
93.5625
90.9375
85.9375
79.125
72.625
68.125
66.875
66.9375
66.5625
66.5625
66.3125
66.0
65.0
64.125
63.25
62.3125
61.4375
60.5625
59.875
59.375
58.8125
58.1875
57.5625
57.0625
56.625
56.3125
55.9375
55.5
55.1875
54.875
55.875
61.25
71.8125
83.75
92.25
96.75
97.4375
95.25
91.1875
86.0625
80.0625
74.0
69.5625
68.0625
68.1875
68.375
68.125
67.4375
66.625
65.75
64.875
63.875
62.875
61.8125
61.0
60.3125
59.75
59.1875
58.5625
58.0625
57.625
57.25
56.8125
56.375
55.75
55.1875
54.5
54.0625
54.1875
57.0625
64.9375
75.875
84.5625
89.0
89.875
88.0625
84.3125
79.3125
73.5
68.0
65.0
64.625
64.875
64.9375
64.5625
64.1875
63.875
63.4375
62.75
62.0625
61.4375
60.8125
60.0625
59.625
59.3125
58.8125
58.5
58.1875
57.875
57.5625
57.125
56.75
56.375
56.0
55.75
55.8125
56.0
56.0625
56.75
61.5625
72.8125
86.4375
96.9375
102.5625
103.875
102.1875
98.5625
93.5
87.5
81.125
75.8125
73.25
73.0625
73.0625
72.8125
72.25
71.5625
70.75
69.5625
68.5
67.4375
66.4375
65.625
64.75
63.8125
63.0625
62.5625
62.1875
61.8125
61.25
60.6875
60.25
60.1875
60.1875
60.6875
64.0625
71.75
81.5
89.875
95.0625
96.75
94.75
90.5625
85.25
79.3125
73.375
69.75
68.5
68.125
68.5625
69.25
69.0
68.25
67.4375
66.75
65.3125
64.0
63.125
62.5625
62.25
62.0625
61.9375
61.875
63.125
67.875
76.5625
85.8125
92.75
96.625
96.875
94.625
91.5
85.0
78.125
73.125
70.125
69.25
69.8125
69.875
69.75
69.4375
68.625
67.5
66.25
65.1875
64.5
63.6875
63.0
62.375
61.625
61.125
60.625
60.1875
59.6875
59.25
58.6875
58.1875
57.8125
57.1875
56.625
56.1875
55.6875
55.3125
55.0
54.9375
54.9375
56.0625
63.25
80.0
99.25
113.5625
121.5625
125.0625
124.75
121.9375
117.75
113.0
107.75
101.5
94.3125
87.6875
83.6875
82.5625
82.1875
81.375
80.0
78.625
77.0625
75.9375
74.625
73.25
72.1875
71.1875
70.3125
69.4375
69.0625
70.4375
73.6875
79.1875
84.8125
88.75
89.5625
87.0625
81.5
74.5625
69.0
66.25
65.625
65.625
65.5
65.25
64.75
64.0
63.5
63.0
63.0625
63.3125
62.0625
60.625
59.6875
58.5625
57.75
57.0
56.625
56.4375
56.125
55.625
55.0
54.3125
53.625
53.25
52.9375
52.5
52.0625
51.8125
53.625
62.0625
78.5625
95.1875
105.0625
109.0625
109.5
107.5
104.0
98.9375
92.25
85.75
79.4375
75.5
74.75
74.625
74.1875
73.4375
72.5625
71.625
70.625
69.3125
68.1875
67.4375
66.8125
66.5625
66.25
65.875
65.8125
67.25
71.8125
78.25
82.9375
84.0625
81.8125
76.625
70.375
65.5625
63.5
63.3125
63.3125
63.25
63.625
63.6875
63.5
63.125
62.75
62.25
61.5625
61.1875
60.75
59.9375
59.5
58.6875
58.125
58.1875
58.1875
58.0
58.0
57.1875
56.375
56.5
56.75
57.4375
60.875
72.3125
89.5
104.1875
112.625
116.9375
119.5625
119.5625
115.5
107.875
100.375
93.25
87.5
84.125
82.625
81.6875
80.875
79.5
78.1875
76.9375
75.5625
75.125
74.4375
73.0
71.6875
70.5625
69.625
69.1875
68.5
68.0
67.625
67.3125
67.875
71.25
78.0625
85.6875
92.0
95.5625
95.875
92.5625
86.6875
79.8125
73.3125
69.4375
69.25
70.0
69.6875
69.6875
70.0
69.6875
68.6875
67.875
67.25
66.9375
66.4375
65.75
65.5
68.0625
74.9375
83.75
90.5
94.875
95.625
91.625
84.9375
78.0625
73.1875
70.25
68.625
68.0625
68.1875
68.375
68.6875
68.4375
67.5625
66.1875
64.9375
64.3125
63.8125
63.0625
62.125
61.625
61.25
60.9375
60.75
60.0
59.25
58.875
58.6875
58.8125
59.25
62.1875
73.125
91.25
107.5
117.4375
121.875
122.0
119.125
114.5625
108.8125
102.5
95.875
89.0
83.5625
81.5
81.5625
81.375
80.1875
78.3125
77.4375
75.9375
77.5
74.625
67.875
70.625
69.8125
69.8125
69.6875
66.5625
64.125
63.9375
63.375
63.625
64.25
64.25
63.125
61.1875
60.125
59.6875
59.9375
62.9375
71.1875
83.375
93.6875
99.4375
100.875
99.3125
95.5
90.5
84.8125
78.5625
73.5625
71.3125
70.875
70.8125
70.5
70.0625
69.5625
68.875
67.9375
67.0
66.125
65.5625
64.8125
63.9375
63.25
62.1875
61.625
61.0
60.8125
60.5625
60.0
59.375
59.125
62.25
69.875
78.625
84.875
87.625
87.25
83.6875
78.625
72.625
67.1875
64.25
63.8125
64.0
64.0
64.125
64.25
64.0
63.4375
62.9375
62.5625
62.4375
62.3125
62.8125
65.625
71.75
79.25
84.5
86.25
84.25
79.3125
72.75
67.0625
64.25
63.4375
63.75
64.625
65.0625
64.8125
64.5
64.1875
63.9375
63.75
63.5
63.0625
61.0625
60.9375
65.1875
66.375
66.0625
71.8125
81.0
86.375
85.1875
79.75
74.625
69.875
65.8125
64.0
64.25
63.5
63.0
63.9375
64.125
63.375
63.0625
63.125
61.8125
60.375
59.3125
58.9375
58.375
57.6875
58.375
58.5625
57.375
55.9375
59.4375
60.0625
61.375
71.0625
91.375
109.4375
116.8125
117.375
119.5625
122.75
116.3125
103.875
95.8125
94.1875
87.8125
84.125
84.3125
84.125
81.0625
81.1875
77.5625
75.25
82.0
73.8125
68.125
72.4375
73.125
69.125
69.75
72.6875
70.5625
67.5625
66.5
65.6875
63.6875
62.5625
63.0
63.5
63.875
65.875
72.8125
84.375
95.8125
103.6875
108.0
108.25
105.5
100.0
94.5625
88.375
83.0625
76.4375
78.6875
80.125
79.4375
71.9375
67.4375
69.9375
69.4375
68.8125
68.3125
69.6875
66.6875
68.75
68.0625
62.5
59.625
60.1875
60.6875
61.375
63.0
64.3125
65.6875
71.375
80.6875
88.9375
94.25
96.125
94.6875
90.4375
84.3125
77.1875
71.125
68.0625
67.8125
68.3125
68.625
68.5625
68.25
67.75
66.875
65.875
65.25
64.9375
64.4375
64.75
68.125
74.5
81.875
86.6875
87.6875
84.625
78.5
71.3125
65.8125
63.5
63.4375
63.9375
64.3125
64.4375
64.0
63.5
62.8125
61.4375
61.4375
62.3125
61.5
60.8125
60.5
62.4375
69.75
81.0625
91.3125
91.25
85.9375
84.3125
85.125
79.5625
72.0625
67.9375
66.6875
65.5625
64.6875
65.3125
66.3125
65.875
65.3125
64.9375
64.75
64.0
62.8125
61.875
61.0625
60.375
59.375
58.75
58.8125
59.125
59.375
59.25
57.125
56.25
61.625
65.0625
77.6875
97.9375
112.6875
119.6875
122.0
120.4375
116.1875
110.5
104.0
96.5625
89.375
84.125
82.375
82.5
82.4375
81.8125
80.625
79.3125
78.0625
76.75
75.4375
74.1875
73.0625
71.8125
70.8125
70.1875
69.4375
68.3125
67.25
66.375
66.0
66.0625
66.0625
65.8125
67.3125
73.375
83.0625
92.1875
98.25
100.625
99.5
95.4375
89.4375
82.4375
76.25
72.9375
72.125
72.0625
71.8125
71.5
71.25
70.875
69.875
68.6875
67.5
66.5625
65.6875
64.9375
64.25
63.625
63.0625
62.5
62.0625
61.5625
60.9375
60.25
59.8125
59.5625
59.4375
59.5625
60.5
64.9375
76.75
92.8125
106.0625
114.25
117.625
116.9375
113.5
108.3125
102.1875
95.1875
87.9375
82.3125
80.1875
80.25
80.125
79.4375
78.625
77.75
76.625
75.125
73.625
72.4375
71.375
70.75
70.1875
68.8125
67.1875
65.8125
64.6875
64.5
64.8125
65.6875
66.0
65.375
65.8125
70.1875
78.5
86.875
92.5
95.1875
94.8125
91.5
85.6875
78.75
72.6875
69.6875
69.0625
69.0625
69.125
69.1875
69.0625
68.6875
68.1875
67.6875
67.0625
66.25
65.9375
67.1875
71.25
76.8125
80.375
81.375
79.5
74.625
68.375
63.6875
61.375
60.6875
61.0
61.75
61.8125
61.1875
60.375
59.5625
58.875
58.0625
57.4375
56.8125
56.3125
55.875
55.3125
54.875
54.4375
53.875
53.375
53.0
52.625
52.4375
52.4375
53.3125
59.5
74.625
92.75
104.9375
110.3125
110.875
108.25
103.8125
98.4375
92.125
85.0625
78.4375
75.125
75.0
75.4375
75.1875
74.375
73.4375
72.4375
71.3125
70.125
68.9375
68.0
67.3125
66.625
65.875
65.1875
64.5
63.8125
63.3125
62.75
61.9375
61.375
60.75
60.125
59.625
59.0625
58.875
60.5
67.125
77.5
86.75
91.875
93.25
91.3125
87.125
81.5
75.0
69.5
66.875
66.5625
66.8125
66.8125
66.625
66.3125
65.9375
65.25
64.4375
63.5625
62.75
62.0625
61.625
61.1875
60.625
60.375
60.1875
59.75
59.5625
59.3125
59.0
58.8125
58.6875
58.5625
59.4375
64.0
74.25
86.1875
94.9375
99.1875
99.375
96.125
91.125
85.0
78.25
72.625
70.125
69.875
70.375
70.875
71.0625
70.5625
69.5
68.375
67.5
66.75
65.6875
64.5
63.75
63.25
63.0
62.5
61.75
61.0625
60.6875
60.5
60.125
59.5
58.9375
58.5
58.375
58.4375
59.0
62.125
70.5625
82.9375
94.375
102.3125
106.0
105.8125
102.625
97.5625
91.4375
84.8125
78.875
75.375
74.5
74.5
74.375
74.125
73.625
72.8125
71.75
70.5625
69.5625
68.5
67.5
66.875
66.5625
66.25
65.8125
65.625
67.1875
71.5
78.4375
85.1875
89.5
90.625
88.5625
83.75
77.5
71.625
68.1875
67.125
67.1875
67.5
67.625
67.5
67.0
66.125
65.125
64.1875
63.3125
62.4375
61.6875
61.125
60.8125
60.4375
60.1875
60.1875
61.8125
67.75
78.875
90.1875
97.9375
102.125
102.5
99.625
94.4375
87.9375
80.875
74.6875
71.4375
70.9375
71.125
70.8125
70.25
69.75
69.0
68.0
67.0
66.0625
65.0625
63.9375
63.0625
62.375
61.8125
61.3125
60.8125
60.25
59.625
59.0
58.375
57.8125
57.3125
56.9375
56.5625
56.625
58.75
67.75
84.0
99.0625
107.8125
111.0
110.125
106.75
102.0
96.25
89.75
82.6875
77.1875
75.125
75.0
74.875
74.4375
73.5
72.5625
71.5
70.3125
69.125
68.0625
67.0
66.0625
65.25
64.5625
63.875
63.1875
62.5
62.0625
61.625
61.0
60.1875
59.4375
58.5625
57.75
58.9375
63.9375
72.4375
80.25
84.25
84.4375
82.1875
78.0
72.3125
66.375
62.25
61.125
61.6875
62.1875
62.5
62.5
61.875
61.3125
61.3125
60.625
59.75
59.125
58.6875
58.125
57.8125
57.4375
57.25
56.9375
56.625
56.5
56.25
56.0625
55.875
55.75
55.6875
57.0
62.9375
75.3125
89.375
99.375
104.3125
104.9375
102.4375
98.0
92.25
85.8125
79.4375
75.3125
73.875
73.6875
73.625
73.125
72.4375
71.9375
71.3125
70.0625
68.6875
67.6875
66.6875
65.8125
64.875
64.0625
63.5
63.125
62.875
62.625
62.375
62.0625
62.375
65.4375
72.125
80.875
88.0625
92.0
92.375
89.5625
84.4375
78.0625
72.0625
68.5
67.3125
67.0
67.0
67.1875
67.3125
66.875
66.0625
65.125
64.375
63.5625
62.8125
62.5
62.5
62.6875
64.25
69.625
78.75
87.625
94.375
97.9375
97.8125
94.6875
89.125
82.4375
76.0
71.6875
70.0
69.8125
69.9375
70.0625
70.0625
69.3125
68.3125
67.4375
66.6875
66.4375
66.5625
66.5
68.25
74.875
85.1875
94.1875
100.0
102.0
100.5625
95.9375
89.0625
81.3125
75.0
72.0
71.8125
72.0
72.0
71.6875
71.0
70.1875
69.3125
68.3125
67.25
66.375
65.5
64.4375
63.5
62.875
62.3125
61.5625
60.8125
60.125
59.5
58.6875
58.0
57.5625
56.9375
56.5625
56.125
55.625
55.8125
58.3125
68.5625
89.0
109.625
122.25
128.0625
128.8125
125.75
120.9375
115.5
109.4375
103.0625
96.1875
89.5
84.9375
83.25
82.75
81.8125
80.4375
78.75
77.0
75.5625
74.3125
73.25
72.1875
71.5
71.125
70.375
69.375
68.6875
69.3125
72.125
76.4375
79.6875
79.8125
76.8125
71.6875
66.625
63.625
62.3125
61.625
61.75
61.75
61.75
61.875
61.75
61.625
61.3125
61.125
60.625
60.0
60.4375
65.5625
75.0
81.9375
85.5625
86.0
82.75
76.8125
70.1875
64.8125
62.375
61.875
62.125
62.4375
62.5625
62.4375
62.8125
62.75
62.0625
61.8125
61.0625
60.0625
59.375
58.75
58.8125
59.3125
57.9375
57.8125
57.5625
57.3125
57.3125
57.4375
58.5
65.25
81.1875
100.625
114.3125
120.875
122.9375
120.9375
116.1875
110.5
103.9375
96.9375
90.0625
84.9375
83.125
82.75
82.5
82.125
81.125
80.1875
78.5625
77.125
75.625
73.875
73.125
72.25
71.0625
70.25
69.4375
68.625
67.875
67.25
66.1875
65.8125
65.4375
63.375
63.0625
66.1875
64.5
64.25
66.5625
74.375
87.5
100.3125
109.1875
114.25
115.0
112.5
107.625
101.5625
94.5625
87.25
79.625
73.0625
79.0625
87.0
80.4375
78.125
77.625
76.75
75.25
73.5625
71.6875
71.9375
71.1875
67.375
69.25
71.125
68.1875
67.3125
66.5
65.3125
65.5625
65.125
62.5625
62.0625
63.875
65.0625
64.75
67.375
77.1875
90.0
101.3125
108.25
110.75
109.4375
105.1875
99.5
93.125
86.375
80.75
78.0625
77.375
77.0
76.625
76.1875
75.8125
75.1875
74.1875
73.0625
71.9375
70.9375
69.8125
68.5
67.5
66.8125
66.375
66.0
65.875
65.625
64.5625
62.75
59.875
60.75
65.1875
63.5625
63.875
68.6875
76.3125
88.25
97.5
103.4375
105.5625
103.8125
99.625
93.4375
85.0
79.0625
78.0625
73.4375
72.5625
73.75
72.8125
71.375
70.5625
71.625
70.9375
69.1875
68.0625
67.0625
66.5625
66.0
65.25
64.3125
63.625
63.0625
62.6875
62.3125
61.9375
61.125
60.3125
59.75
61.25
67.25
76.9375
86.3125
91.75
93.0
91.125
86.6875
80.875
74.6875
69.375
66.8125
66.25
66.3125
66.5
66.4375
66.3125
66.0
65.4375
65.0
64.5
63.8125
63.0
62.4375
62.0625
61.625
61.125
60.5625
60.0
59.5
59.0625
58.5
57.75
57.25
57.125
59.4375
67.5
79.8125
90.4375
96.625
98.6875
97.375
93.8125
88.625
82.625
76.4375
71.875
70.1875
70.0
70.125
70.125
69.9375
69.5
68.9375
68.25
67.625
67.375
67.1875
66.625
66.0
65.5
65.125
64.8125
64.4375
64.625
67.4375
74.4375
81.6875
88.3125
93.0
93.6875
90.375
84.25
77.625
72.5625
70.5625
70.3125
69.375
69.1875
70.1875
69.8125
64.5625
54.875
58.375
71.3125
77.125
72.125
64.125
61.75
62.8125
64.1875
66.6875
73.75
83.25
91.125
89.625
83.4375
77.5625
72.6875
69.3125
67.125
67.0
66.375
65.3125
64.875
64.3125
65.5625
66.5625
65.125
63.4375
63.75
63.1875
63.4375
63.0
60.75
61.75
61.8125
60.5
60.6875
60.5
59.625
60.4375
61.875
68.1875
82.75
100.75
113.5625
121.5625
124.0625
122.25
117.875
111.875
105.0625
97.75
90.625
85.5625
82.4375
82.0
83.9375
83.5
81.875
81.25
79.9375
78.0
76.6875
75.1875
74.625
73.625
71.3125
69.6875
68.375
67.8125
68.25
68.3125
67.875
67.6875
67.8125
69.3125
74.8125
83.875
92.5625
97.75
101.0625
100.25
96.5
91.4375
85.3125
78.9375
74.4375
72.375
72.3125
72.0625
72.0625
71.75
70.875
69.75
68.625
67.4375
66.0
64.625
64.3125
64.625
64.875
64.375
63.125
61.8125
60.4375
59.75
59.375
59.0
59.0
59.75
62.9375
73.25
89.0625
101.4375
107.375
109.125
108.3125
105.0
100.5
95.5625
85.0
77.8125
76.5
76.1875
77.875
75.4375
73.4375
72.8125
72.1875
71.625
69.875
71.25
73.375
68.125
67.9375
67.375
64.4375
65.5625
65.4375
65.625
64.625
63.0625
62.0625
61.9375
61.75
61.375
63.0
70.0625
80.0625
88.8125
94.625
96.0
94.25
90.6875
84.875
77.8125
72.0
68.8125
68.625
68.625
68.0
67.0625
68.6875
70.9375
70.5625
69.4375
67.375
64.125
64.0625
65.0625
65.5625
68.5625
74.25
81.375
87.3125
93.5
99.5
96.375
89.75
83.1875
77.6875
74.625
73.1875
72.625
71.4375
71.0
71.5
72.0625
70.6875
69.0
67.0625
67.25
68.25
66.5625
64.5
63.6875
63.5625
64.0625
65.0625
64.6875
61.5625
60.3125
60.5625
59.9375
60.5625
62.625
67.0625
83.375
103.0
117.25
125.8125
128.5625
126.4375
121.875
115.1875
108.5625
103.5
96.8125
90.25
86.125
84.75
84.125
83.25
82.5625
81.5625
80.125
78.8125
77.125
75.6875
74.6875
74.0625
73.125
71.75
70.625
70.1875
70.375
70.25
69.75
70.6875
75.5
83.4375
90.625
94.9375
96.0625
94.125
89.5625
83.0625
76.5
71.875
70.25
70.0625
70.1875
70.5
70.375
68.5625
66.9375
69.125
70.375
68.625
66.875
65.375
64.3125
63.25
62.4375
62.375
62.0625
61.25
60.5625
60.1875
60.125
60.25
61.5
66.625
78.6875
96.1875
110.3125
118.5
122.5
120.5625
115.6875
110.25
104.625
98.5
90.8125
83.875
81.5625
82.0625
82.0
80.5
78.3125
76.8125
76.4375
76.0
74.5625
72.8125
71.4375
70.5625
69.8125
68.9375
68.125
67.5625
67.3125
66.9375
66.75
67.8125
72.5625
80.875
88.5625
93.1875
94.5625
92.5
87.5
80.8125
74.1875
69.875
68.375
67.9375
67.5625
67.4375
67.375
67.0625
66.5625
65.8125
64.75
64.3125
64.125
63.9375
63.25
62.0625
61.1875
60.9375
60.75
60.5
59.6875
59.0625
59.625
59.3125
57.6875
56.875
57.125
60.3125
70.625
88.25
104.0
112.1875
113.5625
110.4375
108.0
106.5
102.4375
96.625
89.75
83.125
78.4375
76.5625
75.875
75.8125
75.875
75.625
75.0
73.875
72.1875
70.6875
69.1875
68.75
68.4375
68.0625
67.625
67.0625
66.1875
65.25
64.5
63.8125
63.3125
62.9375
62.5625
62.0625
61.75
61.5625
61.5625
61.5
62.4375
67.3125
78.3125
91.0625
100.4375
105.125
105.75
103.1875
98.5625
92.5
85.6875
79.4375
75.6875
74.5625
74.375
74.1875
73.9375
73.5625
73.1875
72.4375
71.375
70.3125
69.125
68.0625
67.1875
66.4375
65.75
65.0625
64.375
63.6875
63.1875
62.8125
62.5
62.0
61.375
60.8125
60.6875
60.75
61.1875
63.0625
69.875
81.9375
94.375
103.375
108.3125
109.25
106.8125
102.0625
95.9375
89.0625
82.5
78.125
76.5
76.25
75.9375
75.4375
75.1875
74.6875
73.875
72.75
71.625
70.5625
69.5
68.5625
67.6875
66.875
66.1875
65.5625
65.0625
64.5625
63.9375
63.375
62.8125
62.375
62.0625
61.875
61.8125
62.1875
64.75
72.25
84.0625
95.0625
102.5625
106.0625
105.875
102.625
97.3125
91.0
84.125
78.3125
75.3125
74.6875
74.625
74.25
73.8125
73.5
72.9375
72.3125
71.5625
71.0625
70.375
69.5
69.25
71.5625
77.1875
84.75
91.0625
94.5625
94.4375
90.75
84.25
77.0625
71.8125
69.4375
68.75
68.9375
69.375
69.4375
68.9375
68.1875
67.125
66.125
65.3125
64.5625
63.875
63.1875
62.5
62.0
61.5
61.0
60.5625
60.125
59.625
59.25
59.0
58.875
59.3125
62.9375
74.625
92.5625
107.4375
116.0
119.5625
118.875
115.0
109.625
103.4375
96.5625
89.375
83.125
80.125
79.75
79.625
78.875
77.875
77.0
76.125
74.9375
73.5
72.375
71.375
70.4375
69.5
68.75
68.0625
67.5
66.8125
66.0625
65.4375
64.8125
64.125
63.5625
62.8125
62.125
61.375
61.125
63.125
70.25
82.5625
94.125
101.125
103.5
102.4375
98.875
93.625
87.25
80.5
75.125
72.8125
72.4375
72.3125
72.125
71.75
71.4375
71.0
70.1875
69.3125
68.4375
67.5625
66.8125
66.125
65.5
64.8125
64.1875
63.6875
63.25
62.8125
62.25
61.75
61.375
60.875
60.4375
60.125
59.875
59.6875
59.5625
59.625
60.4375
64.625
76.1875
92.5625
106.3125
114.625
118.0625
117.5
114.0
108.75
102.5625
95.5625
88.4375
82.75
80.25
80.0625
80.125
79.75
79.0625
78.4375
77.4375
76.125
74.6875
73.4375
72.3125
71.3125
70.375
69.5
68.8125
68.125
67.4375
66.8125
66.1875
65.5625
64.9375
64.3125
63.9375
63.6875
63.5
63.25
63.25
65.1875
71.625
82.6875
93.4375
101.125
105.25
105.5625
102.6875
97.6875
91.4375
84.75
78.75
75.5625
74.8125
74.75
74.5625
74.375
74.125
73.3125
72.4375
71.625
70.8125
69.9375
69.3125
69.0
68.5625
68.6875
71.3125
78.1875
87.25
94.6875
99.5
101.0625
99.125
94.0
87.0
80.0625
75.1875
73.0625
72.5
72.5625
72.6875
72.75
72.6875
72.125
71.1875
70.5
70.5
71.1875
71.875
74.875
82.3125
90.4375
96.3125
99.1875
98.0625
93.125
85.75
78.3125
73.5
71.6875
71.4375
71.6875
71.8125
71.8125
71.375
70.75
69.75
68.75
68.0
67.3125
66.6875
65.875
65.25
64.625
64.0
63.5
63.0625
62.625
62.125
61.4375
61.0625
61.5
62.5
66.1875
78.0625
97.875
115.5625
126.625
131.9375
131.5
127.3125
121.625
115.625
109.25
102.375
95.25
89.875
87.375
86.5625
85.8125
84.6875
83.4375
82.125
80.75
79.1875
77.8125
76.6875
75.6875
74.375
72.8125
71.5
70.25
69.0
67.875
66.875
66.0625
65.375
64.75
64.125
63.4375
62.75
62.0
61.3125
60.6875
60.1875
59.6875
59.375
59.3125
59.0
58.625
58.1875
57.75
57.25
56.8125
56.625
56.5625
56.75
58.4375
66.3125
84.375
105.0
118.1875
124.5625
126.0625
123.0
117.375
110.75
103.75
96.5625
89.5625
84.5
82.6875
82.5625
82.375
81.5625
80.25
79.0625
77.875
76.8125
75.625
74.375
73.4375
72.75
72.1875
71.4375
70.5625
69.875
69.25
68.6875
68.9375
72.5625
80.75
89.5625
95.6875
97.9375
96.375
91.875
85.6875
78.8125
73.375
71.0625
70.625
70.625
70.4375
70.3125
70.1875
69.8125
69.3125
68.625
68.125
67.4375
66.5
65.75
65.125
64.75
64.5
64.25
63.8125
63.25
62.8125
63.1875
64.75
67.5
75.1875
93.25
111.0
120.0625
124.0
123.8125
123.375
121.6875
117.9375
112.4375
105.3125
97.625
91.0
86.8125
85.0
84.25
84.1875
84.4375
83.625
81.8125
79.9375
78.3125
77.0
75.6875
74.6875
73.6875
72.5
71.5
70.8125
70.1875
69.6875
69.0625
68.1875
67.5625
67.0625
66.5
65.875
65.25
64.5625
63.75
63.0
62.625
62.1875
61.375
60.875
60.625
60.1875
60.0625
61.4375
68.1875
83.875
103.125
117.8125
126.5
130.1875
129.75
126.3125
121.25
115.125
108.4375
101.4375
94.375
88.9375
86.8125
86.3125
85.5625
84.625
83.5625
82.0625
80.5
79.125
78.0
76.75
75.5625
74.4375
73.5625
72.5
71.375
70.5625
69.9375
69.5
69.25
69.0625
68.6875
68.4375
69.75
74.375
82.125
89.8125
94.8125
96.8125
95.4375
91.0625
84.75
78.125
73.3125
71.25
70.75
70.6875
70.8125
70.625
70.4375
70.1875
69.375
68.1875
67.1875
66.8125
66.875
67.25
68.1875
69.3125
69.0625
67.0625
64.1875
61.6875
60.5625
60.375
60.3125
60.125
59.875
59.75
59.375
58.9375
58.375
57.625
56.875
56.1875
55.75
55.5625
55.4375
55.25
54.875
54.4375
54.0
53.6875
53.375
53.125
52.875
52.625
52.375
52.1875
51.875
51.625
51.4375
51.75
54.5
65.9375
88.0625
108.8125
121.8125
129.0625
130.875
128.0
122.875
116.8125
110.375
103.6875
96.75
90.5
86.6875
85.5625
85.0
84.0
82.625
81.1875
79.9375
78.625
77.125
75.625
74.25
73.125
72.125
71.375
70.5
69.625
68.8125
67.875
67.0
66.3125
65.6875
65.0625
64.5
63.8125
63.1875
62.625
62.125
63.1875
68.5
78.5625
89.5625
97.3125
100.8125
100.4375
97.1875
92.1875
85.75
78.625
72.875
70.3125
69.9375
69.875
69.6875
69.4375
69.3125
69.0625
68.3125
67.375
66.5625
65.8125
65.0625
64.25
63.5
62.875
62.375
61.875
61.5625
61.3125
60.8125
60.375
60.3125
61.0
64.6875
73.4375
85.4375
95.1875
100.25
101.8125
100.0625
95.625
89.4375
82.625
76.75
73.25
72.375
72.0
71.25
70.9375
70.625
70.125
69.375
68.4375
67.75
67.0625
66.6875
66.625
66.5
68.5
74.5
83.4375
92.125
98.1875
100.75
99.8125
95.8125
89.4375
82.125
75.9375
72.5
71.3125
71.125
71.1875
71.25
70.8125
70.0
69.25
68.5625
67.875
66.8125
65.5625
64.3125
63.875
64.125
63.8125
63.0625
62.5
61.8125
61.0625
61.3125
62.5625
66.3125
76.9375
93.375
108.5625
117.9375
122.4375
122.8125
120.0625
115.4375
108.9375
101.5
94.0625
87.3125
83.375
81.875
80.9375
80.5
80.1875
79.4375
78.5
77.0625
76.1875
75.4375
74.5625
73.5625
73.0
75.75
83.1875
91.4375
97.0625
99.5625
99.125
95.75
90.125
82.6875
76.375
72.5625
71.3125
71.3125
71.4375
72.0
72.0
71.1875
69.875
68.5625
67.4375
66.5625
65.8125
65.25
64.625
64.0
63.375
62.875
62.375
61.9375
61.5
61.0
60.4375
60.0
59.625
59.1875
58.6875
58.0625
57.5625
57.25
57.375
59.4375
68.0625
87.375
109.25
124.5
133.4375
136.8125
135.125
130.375
124.5625
118.4375
111.9375
105.0625
97.875
91.5625
87.875
86.625
85.8125
84.625
83.3125
82.0625
80.5625
78.875
77.125
75.625
74.3125
73.0625
71.8125
70.5625
69.5625
68.625
67.9375
67.375
66.9375
66.5625
66.1875
66.3125
68.6875
74.875
83.625
90.9375
94.8125
95.5
92.875
87.5
80.6875
74.0625
69.8125
68.1875
67.6875
67.4375
67.4375
67.375
67.125
66.5
65.75
64.9375
64.125
63.25
62.5
61.9375
61.375
60.875
60.25
59.625
59.125
58.6875
58.1875
57.625
57.125
56.625
56.375
56.125
56.0
57.4375
64.8125
80.125
97.1875
109.0625
115.3125
116.75
114.4375
109.75
103.8125
97.125
90.0
83.125
78.4375
76.9375
76.6875
76.375
75.6875
74.9375
74.125
73.125
71.875
70.625
69.625
68.6875
67.6875
67.0
66.4375
66.125
65.625
65.0625
65.0
67.0
73.3125
81.0
87.125
90.25
89.875
86.4375
80.9375
74.6875
69.5
66.875
66.0
65.8125
66.0625
66.375
66.375
66.0625
65.6875
65.3125
65.25
65.375
65.6875
68.1875
75.125
85.375
94.0
98.9375
100.5625
98.5625
93.25
85.75
78.25
72.9375
70.4375
69.75
69.75
70.0625
70.25
70.0
69.4375
68.4375
67.3125
66.4375
65.9375
65.5625
65.1875
65.25
65.875
64.625
62.0
60.875
60.25
58.9375
57.8125
56.9375
57.0
57.625
56.8125
56.1875
56.0625
57.3125
57.4375
56.375
56.25
56.25
55.75
55.5625
55.0
52.5625
50.4375
50.6875
52.25
53.125
52.625
52.3125
52.5625
54.625
64.125
85.5
109.0
124.9375
134.0625
137.6875
135.4375
129.0625
121.0625
113.6875
106.9375
99.9375
93.1875
87.625
85.3125
84.875
84.1875
82.9375
81.6875
80.4375
79.0625
77.5
75.875
74.25
72.875
71.8125
70.9375
70.0
69.0625
68.125
67.125
66.3125
65.5625
65.0625
64.6875
64.5
64.875
67.0625
73.9375
85.25
96.6875
104.75
108.375
108.6875
105.6875
100.1875
93.125
85.4375
78.9375
75.375
74.375
74.0625
73.4375
73.0625
73.1875
72.6875
71.4375
70.125
69.25
68.8125
68.25
67.0625
65.625
64.375
63.375
62.4375
61.5625
60.75
60.3125
60.0625
59.625
59.0
58.375
57.875
57.4375
57.0
56.5
56.0
55.625
55.3125
55.125
54.9375
54.625
54.25
53.875
53.5
53.125
52.875
52.625
52.5
52.375
52.3125
52.3125
53.5
60.4375
78.4375
101.1875
118.0
127.5625
132.0625
131.4375
127.0625
121.0625
114.375
107.4375
100.3125
93.375
87.9375
85.3125
84.4375
83.625
82.375
81.125
79.8125
78.25
76.625
75.1875
74.0625
73.0
71.8125
70.4375
69.25
68.375
67.625
67.0
66.3125
65.4375
64.6875
64.0625
63.8125
63.75
63.5625
65.125
71.3125
82.3125
93.625
100.9375
104.125
103.625
100.0
94.3125
87.3125
80.0625
74.375
71.8125
71.4375
71.375
70.9375
70.4375
70.125
69.625
68.6875
67.8125
67.0625
66.4375
65.4375
64.125
63.0625
61.875
60.6875
59.6875
58.9375
58.4375
57.9375
57.375
56.8125
56.4375
56.0
55.625
55.125
54.625
54.25
53.9375
53.75
53.75
53.6875
53.5
53.125
52.6875
52.25
51.9375
51.75
51.625
51.375
51.0625
50.625
50.1875
49.9375
49.625
49.625
49.625
50.1875
54.6875
70.3125
94.375
113.125
123.6875
128.5625
128.5
125.0625
119.9375
114.0625
107.5
100.5
93.125
87.0625
84.1875
83.4375
83.0
82.1875
81.0625
79.9375
78.5625
77.1875
75.625
74.0625
72.6875
71.5
70.5625
69.625
68.8125
67.9375
67.0625
66.3125
65.5625
65.0
64.3125
63.625
63.125
62.625
62.25
61.9375
61.9375
62.625
66.5
75.8125
88.3125
99.1875
105.9375
109.0
108.3125
104.625
99.0625
92.25
85.0625
79.0625
75.8125
74.9375
74.625
74.1875
73.625
73.1875
72.5
71.625
70.5
69.375
68.3125
67.1875
66.1875
65.375
64.6875
64.125
63.6875
63.375
63.3125
63.375
64.5625
69.0625
77.3125
86.375
93.75
97.6875
98.125
95.4375
90.1875
83.5
76.75
72.0
70.0
69.5
69.1875
69.1875
69.1875
68.9375
68.375
67.625
66.75
65.8125
64.875
64.0
63.25
62.6875
62.1875
61.625
61.0625
60.5
60.0
59.5625
59.3125
59.125
59.1875
60.0
64.125
74.6875
89.375
102.6875
111.5
115.75
115.9375
112.75
107.5
101.125
94.125
86.9375
81.0625
78.25
77.625
77.375
76.75
76.25
75.625
74.75
73.5625
72.4375
71.25
70.1875
69.4375
69.25
68.9375
69.375
72.5
79.375
88.25
94.9375
98.8125
99.75
97.3125
92.125
85.1875
78.3125
73.5
71.375
70.9375
70.9375
70.9375
70.8125
70.3125
69.625
68.6875
67.75
66.875
66.0
65.125
64.375
63.75
63.1875
62.6875
62.125
61.5625
61.0625
60.5625
60.0625
59.5625
59.0
58.5625
58.125
58.0
58.5
61.5
71.8125
89.875
107.5625
119.4375
126.125
127.75
125.25
120.4375
114.4375
108.0
101.1875
94.0625
87.6875
83.8125
82.5625
81.875
80.75
79.6875
78.625
77.5
76.0625
74.625
73.1875
71.9375
70.75
69.5
68.375
67.5
66.6875
66.0
65.3125
64.625
63.875
63.125
62.5
61.9375
61.4375
60.9375
60.4375
60.1875
60.25
62.4375
69.75
81.6875
93.0
100.375
103.875
103.625
100.5
95.375
89.0625
82.1875
75.8125
72.125
71.0625
70.8125
70.5
70.0
69.6875
69.25
68.5
67.5625
66.5625
65.625
64.8125
64.4375
64.125
63.6875
64.0
66.5625
73.0
81.75
88.5
92.3125
92.9375
90.0625
84.75
78.0
71.625
67.5625
66.125
65.625
65.5
65.6875
65.6875
65.4375
65.0
64.375
63.75
63.0625
62.4375
61.75
61.0625
60.4375
59.875
59.375
59.0
58.5
58.0
57.4375
56.9375
56.5
56.125
55.8125
55.625
55.5625
55.9375
59.1875
70.25
88.8125
106.0
116.875
122.25
122.9375
120.125
115.0625
108.875
101.9375
94.5625
87.3125
81.9375
79.8125
79.6875
79.5
78.9375
78.25
77.4375
76.375
75.0
73.625
72.5
71.9375
71.3125
70.75
71.375
74.875
81.5625
88.875
94.125
96.1875
94.8125
90.0
83.25
76.375
71.75
69.6875
69.125
69.1875
69.375
69.375
69.0
68.25
67.375
66.5
65.625
64.875
64.0625
63.3125
62.8125
62.25
61.75
61.1875
60.625
60.125
59.625
59.25
58.8125
58.375
58.0
57.8125
58.0
60.0625
68.3125
85.0
103.0625
115.8125
123.3125
126.25
124.75
120.4375
114.75
108.25
101.375
94.25
87.75
83.8125
82.5
82.0
81.1875
80.1875
79.3125
78.25
77.0
75.5625
74.1875
72.9375
71.6875
70.5625
69.5
68.625
67.9375
67.1875
66.5
65.8125
65.125
64.625
64.3125
64.3125
64.8125
67.5625
74.75
85.125
95.0
101.875
105.0
104.5625
101.1875
95.75
89.0
82.0
76.4375
73.8125
73.0625
72.6875
72.375
72.1875
71.875
71.125
70.3125
69.4375
68.375
67.3125
66.25
65.375
64.625
64.0625
63.5
63.0
62.5
61.9375
61.4375
60.9375
60.5625
60.4375
60.625
62.375
68.625
80.8125
94.75
105.8125
112.3125
114.75
113.375
109.125
103.4375
96.8125
89.6875
82.9375
78.5
77.0625
76.8125
76.375
75.8125
75.3125
74.5625
73.5625
72.375
71.25
70.0
68.8125
67.625
66.5625
65.6875
65.0
64.4375
63.8125
63.1875
62.5625
61.8125
61.125
60.625
60.125
59.6875
59.3125
59.0
58.9375
60.0
64.9375
76.0
89.5625
100.8125
107.625
110.375
109.4375
105.5625
100.0625
93.6875
86.8125
80.5625
76.625
75.25
74.8125
74.25
73.5625
73.0
72.4375
71.5625
70.625
69.8125
69.25
68.6875
68.0
68.125
70.875
77.8125
86.1875
92.25
95.5
95.25
91.4375
85.0
77.625
71.75
68.75
67.75
67.625
67.8125
67.9375
67.6875
67.1875
66.4375
65.5625
64.75
64.0
63.3125
62.6875
62.0625
61.4375
60.8125
60.3125
59.8125
59.3125
58.875
58.4375
58.0625
57.8125
57.9375
60.3125
69.5
85.9375
101.125
110.6875
115.3125
115.5
112.25
107.0
100.75
93.9375
86.875
80.75
77.5
76.6875
76.375
76.0
75.375
74.6875
73.8125
72.8125
71.5625
70.3125
69.3125
68.25
67.5
67.0
66.4375
65.875
65.25
64.75
64.1875
63.625
63.125
62.6875
62.125
61.625
61.0
60.375
59.875
59.5
59.25
59.4375
61.5625
69.25
83.4375
98.4375
109.625
116.375
118.75
117.1875
113.0625
107.3125
100.8125
93.8125
86.9375
81.75
79.625
79.125
78.6875
77.9375
77.1875
76.5
75.5
74.25
73.0625
71.75
70.5625
69.5
68.5
67.625
67.0
66.5625
66.25
65.9375
65.8125
66.5625
70.0625
77.0625
85.3125
91.8125
95.0625
95.125
92.0
86.5
79.875
73.875
70.4375
69.125
68.5625
68.5
68.6875
68.6875
68.25
67.5625
66.625
65.8125
65.0
64.125
63.375
62.8125
62.25
61.6875
61.1875
60.6875
60.3125
60.25
60.5
62.0625
67.75
79.375
92.625
103.1875
110.0625
112.5625
111.3125
107.3125
101.5625
94.9375
87.875
81.4375
77.5
76.375
76.125
75.6875
75.1875
74.75
74.0
72.9375
71.9375
71.0625
70.5
70.0625
69.75
71.4375
77.375
86.8125
95.5625
100.6875
102.5625
100.9375
96.0
88.9375
81.375
75.6875
72.875
72.0
71.875
72.0
72.125
71.875
71.125
70.0
69.0
68.375
67.9375
67.1875
66.0625
64.75
63.8125
62.8125
61.625
60.9375
60.375
60.0
59.5625
59.1875
58.75
58.1875
57.625
57.0625
56.6875
56.3125
55.9375
55.625
55.375
55.1875
55.0
54.625
54.3125
54.0
53.6875
53.5
53.25
53.0
52.8125
52.5
52.25
51.9375
51.625
51.375
51.0625
50.8125
50.5625
50.3125
50.125
49.875
49.6875
49.5
49.25
49.0625
49.0625
49.875
55.375
74.4375
102.1875
123.25
136.125
143.0
143.5
139.5625
134.1875
128.625
123.0625
117.3125
110.875
103.625
96.0625
90.25
87.375
86.0
84.6875
83.3125
82.125
80.6875
79.0625
77.375
75.75
74.25
72.875
71.625
70.5
69.5625
68.625
67.6875
66.8125
66.0
65.1875
64.4375
63.6875
63.0625
62.4375
61.75
61.0625
60.4375
59.875
59.375
59.125
59.0
59.5
63.0625
71.9375
84.25
94.75
101.125
103.75
102.8125
99.125
93.6875
87.1875
80.3125
74.375
71.125
70.3125
70.1875
69.6875
69.0625
68.5625
68.0625
67.3125
66.4375
65.4375
64.5
63.5
62.6875
61.9375
61.3125
60.75
60.1875
59.6875
59.1875
58.6875
58.25
57.75
57.1875
56.5625
56.0
55.5
55.0
54.6875
54.4375
54.1875
54.25
56.5
64.375
77.3125
89.8125
98.1875
102.25
102.625
100.0625
95.5625
89.875
83.4375
76.8125
71.9375
70.125
69.9375
69.9375
69.8125
69.625
69.375
68.8125
68.0
67.0625
66.25
65.4375
64.75
64.0625
63.5
62.875
62.3125
61.8125
61.3125
60.75
60.25
59.6875
59.25
58.875
58.625
58.4375
58.4375
59.0
62.0
69.75
80.5
89.9375
96.375
99.5625
99.1875
96.125
91.0625
84.8125
78.3125
73.0625
70.5625
70.125
69.9375
69.6875
69.4375
69.25
68.75
67.9375
67.0
66.25
65.4375
64.75
64.0625
63.625
64.625
68.9375
76.4375
83.9375
88.1875
88.75
85.8125
80.4375
74.4375
69.5
66.625
65.5625
65.4375
65.5625
65.5625
65.3125
64.75
64.125
63.5
62.8125
62.0
61.1875
60.5625
60.0625
59.625
59.25
58.875
58.5
58.125
57.6875
57.1875
56.6875
56.3125
56.0625
55.75
55.5
55.125
54.75
54.3125
54.0
53.625
53.25
53.0
52.75
52.5625
52.5
52.9375
55.875
66.375
85.0
103.125
115.9375
124.0
127.375
126.5
122.9375
118.0
112.375
106.25
99.6875
92.8125
86.8125
83.5
82.3125
81.625
80.6875
79.6875
78.75
77.5625
76.125
74.625
73.25
72.0
70.875
69.875
68.875
68.0625
67.25
66.5
65.8125
65.0625
64.3125
63.625
63.0
62.5
61.9375
61.3125
60.75
60.1875
59.625
59.0625
58.5
58.0625
57.6875
57.375
57.3125
57.3125
57.9375
61.3125
69.875
82.1875
93.3125
101.1875
105.3125
105.875
103.5
99.0
93.25
86.8125
80.4375
75.5625
73.375
72.875
72.5625
71.9375
71.375
70.75
70.0
68.9375
67.875
66.9375
66.0
65.0
64.0
63.1875
62.4375
61.875
61.375
60.875
60.375
60.0625
59.9375
59.8125
59.8125
61.5625
67.0625
75.4375
83.75
89.5625
92.0625
91.375
87.9375
82.625
76.5
70.9375
67.4375
66.25
65.9375
65.5625
65.3125
65.125
64.9375
64.375
63.625
62.875
62.125
61.25
60.5625
60.0
59.5
58.9375
58.5
58.0625
57.6875
57.5
57.4375
57.5
58.875
64.375
74.5
85.5625
93.375
97.375
97.9375
95.4375
90.8125
85.0
78.5625
72.8125
69.375
68.375
68.1875
67.9375
67.5625
67.25
66.875
66.25
65.4375
64.5
63.8125
63.5
63.375
63.125
63.9375
67.8125
75.8125
85.0
91.4375
95.0
95.0625
91.75
85.9375
79.0
72.625
68.75
67.25
66.75
66.6875
66.75
66.625
66.25
65.8125
65.25
64.5
63.8125
63.125
62.4375
61.75
61.1875
60.6875
60.1875
59.8125
59.4375
59.0625
58.75
58.4375
58.125
57.8125
57.5
57.25
56.875
56.5625
56.25
55.8125
55.5
55.125
54.75
54.375
54.0
53.625
53.3125
53.0625
52.8125
52.75
52.75
53.25
56.6875
68.9375
90.0625
109.8125
123.3125
131.0625
133.8125
132.3125
128.5
123.6875
118.4375
112.8125
106.6875
99.875
93.0625
88.125
85.875
84.875
83.875
82.5625
81.375
80.1875
78.75
77.1875
75.625
74.1875
72.875
71.75
70.75
69.75
68.9375
68.0625
67.25
66.4375
65.875
65.4375
65.1875
64.9375
64.6875
65.875
70.0625
76.875
83.8125
88.4375
90.3125
89.125
85.125
79.375
73.25
68.8125
66.6875
66.0
65.75
65.75
65.8125
65.625
65.1875
64.5
63.75
63.0625
62.3125
61.625
61.25
61.3125
61.5
62.625
67.1875
75.75
85.3125
93.25
98.125
99.5
97.9375
93.75
87.75
80.9375
74.6875
70.875
69.75
69.5625
69.625
69.5625
69.3125
68.75
68.0
67.0625
66.125
65.3125
64.5
63.75
63.125
62.5
61.9375
61.375
60.875
60.375
59.875
59.4375
59.0625
58.5625
58.1875
57.9375
57.8125
58.375
61.5625
71.3125
87.25
102.9375
113.6875
119.625
121.375
119.5625
115.625
110.4375
104.5625
98.125
91.25
85.25
81.8125
80.8125
80.5
79.875
78.8125
77.875
76.8125
75.6875
74.75
74.0
73.25
72.3125
71.5625
72.125
75.5
81.125
86.0625
88.5625
88.0625
84.5625
78.8125
73.0625
69.1875
67.375
66.625
66.6875
66.875
67.1875
67.375
65.875
63.8125
62.75
62.5
62.3125
61.8125
61.125
60.5
60.0625
59.6875
59.25
58.8125
58.375
58.1875
58.25
59.0625
62.5625
72.4375
87.4375
101.0
110.125
114.25
114.3125
111.25
106.0625
99.8125
92.9375
85.75
79.625
76.4375
76.0625
76.1875
75.875
75.0625
74.125
73.3125
72.25
71.125
70.0
69.0
68.0
67.0
66.25
65.5
64.8125
64.1875
63.5625
62.9375
62.3125
61.8125
61.3125
60.75
60.1875
59.5625
59.0
58.375
57.875
57.375
56.875
56.4375
56.0
55.5625
55.125
54.75
54.375
54.0
53.625
53.1875
52.9375
52.5625
52.1875
51.875
51.625
51.5
51.375
52.75
60.4375
78.75
100.5
115.8125
124.4375
127.9375
127.0625
123.6875
119.1875
114.0
108.25
102.0
95.125
88.5
84.375
83.0625
82.5
81.75
80.625
79.5
78.375
77.0625
75.75
74.5
73.4375
72.75
72.375
72.0
71.5625
71.3125
72.125
75.5625
80.375
84.5625
86.5
85.25
81.1875
75.5625
70.6875
68.0
66.6875
66.25
66.4375
66.625
66.5625
66.1875
65.5625
64.8125
64.375
64.1875
63.75
62.875
61.875
61.0
60.375
59.75
58.875
58.25
57.8125
57.375
57.0625
56.8125
56.4375
56.0
55.5625
55.1875
54.875
54.5625
54.1875
53.9375
53.75
53.5625
53.4375
53.125
52.875
52.5625
52.25
52.0625
51.9375
51.9375
52.25
54.25
62.5
79.875
99.0625
113.3125
121.9375
125.6875
125.1875
121.25
115.6875
109.375
102.5625
95.5625
88.9375
84.5
82.875
82.5625
82.1875
81.1875
80.0
78.9375
77.625
76.1875
74.75
73.5
72.375
71.4375
70.5
69.5625
68.8125
68.0
67.3125
66.5625
65.875
65.375
65.125
65.25
65.5625
67.375
73.25
83.0
93.1875
101.125
105.1875
105.25
102.3125
97.0625
90.5
83.625
77.75
74.625
73.8125
73.75
73.5
72.8125
72.3125
71.75
70.9375
70.0
69.125
68.375
67.75
67.625
68.25
71.625
79.25
88.125
94.8125
98.125
97.25
93.0625
86.875
80.125
74.25
70.6875
69.625
69.6875
69.8125
69.5625
69.1875
68.625
67.875
67.0
66.1875
65.4375
64.5
63.8125
63.5625
63.875
64.875
68.1875
76.8125
88.5
98.375
104.9375
107.75
106.75
102.6875
96.5625
89.25
81.8125
76.1875
73.625
73.25
73.5
73.6875
73.375
72.625
71.6875
70.5625
69.4375
68.5625
67.8125
67.0
66.0625
65.25
64.4375
63.6875
62.9375
62.25
61.75
61.1875
60.6875
60.125
59.625
59.0625
58.5
58.0
57.4375
56.9375
56.6875
56.5625
57.1875
61.375
74.8125
96.0
114.875
126.75
132.25
132.5
129.125
124.1875
118.5625
112.5625
106.1875
99.3125
92.25
86.9375
84.75
84.125
83.5625
82.4375
81.1875
79.9375
78.6875
77.4375
76.375
75.3125
74.1875
72.9375
71.8125
70.875
70.125
69.5625
68.9375
67.5
65.3125
63.4375
62.3125
61.5
60.875
60.375
59.9375
59.4375
58.9375
58.5
58.1875
57.9375
57.8125
57.4375
56.9375
56.4375
56.0
55.5625
55.25
54.9375
54.625
54.3125
54.0
53.5
53.0
52.625
52.25
51.8125
51.5
51.1875
50.875
50.5
50.1875
49.9375
49.6875
49.5
49.3125
49.1875
50.125
56.125
72.625
94.375
110.375
119.125
122.5625
121.625
117.9375
112.875
107.0625
100.6875
93.75
86.5625
81.1875
79.25
79.375
79.4375
79.0625
78.25
77.25
76.1875
75.0
73.75
72.5625
71.625
70.8125
70.0
69.1875
68.4375
67.9375
67.5
67.0
66.625
66.3125
66.75
69.625
75.1875
80.8125
84.1875
85.0
82.8125
78.0
72.25
67.8125
65.625
64.9375
64.8125
64.875
65.0
64.9375
64.625
64.0
63.3125
62.9375
62.6875
62.1875
61.3125
60.375
59.5625
58.75
57.875
57.25
56.9375
56.625
56.3125
56.0625
55.6875
55.3125
54.9375
54.5625
54.1875
53.8125
53.5
53.25
53.0
52.8125
52.6875
52.5
52.25
51.875
51.5625
51.375
51.1875
51.0
50.9375
50.8125
50.5625
50.3125
50.0
49.6875
49.4375
49.1875
48.9375
48.8125
48.75
48.8125
49.75
55.3125
71.8125
95.0625
113.5
125.5625
132.3125
133.5
130.5625
125.625
119.875
113.8125
107.5
100.625
93.875
88.625
85.8125
84.75
83.9375
82.6875
81.4375
80.25
78.875
77.375
75.8125
74.4375
73.125
71.9375
70.875
69.875
69.0
68.1875
67.375
66.5625
65.8125
65.125
64.375
63.6875
63.125
62.625
62.0625
61.4375
60.8125
60.3125
59.875
59.625
59.625
60.0625
62.0
68.0625
78.75
90.0
98.25
102.875
103.6875
101.3125
96.625
90.6875
84.0625
77.6875
73.25
71.5625
71.375
71.25
70.75
70.1875
69.625
68.9375
68.0
67.0625
66.0625
65.1875
64.125
63.1875
62.3125
61.5625
60.9375
60.375
59.875
59.3125
58.6875
58.1875
57.75
57.5
57.25
57.125
57.3125
59.375
65.5625
75.0625
84.5
91.25
94.375
94.1875
91.0
85.875
79.625
73.25
68.4375
66.375
66.0625
66.0625
65.8125
65.4375
65.1875
64.8125
64.25
63.5625
62.9375
62.625
62.3125
61.75
61.875
64.125
69.8125
76.6875
81.8125
84.375
83.625
79.625
73.625
67.5625
63.5625
61.875
61.5
61.5
61.625
61.75
61.625
61.3125
60.8125
60.1875
59.625
59.0625
58.5
57.9375
57.375
56.8125
56.3125
55.9375
55.5625
55.1875
54.8125
54.375
53.9375
53.5
53.125
52.875
53.125
55.6875
65.125
80.9375
95.625
104.8125
108.875
108.9375
106.125
101.5625
95.8125
89.375
82.5
76.25
72.8125
72.3125
72.5625
72.4375
71.875
71.125
70.3125
69.4375
68.3125
67.25
66.25
65.375
64.5625
63.875
63.3125
62.6875
62.0
61.375
60.75
60.125
59.625
59.0625
58.5
58.0
57.5
57.0
56.6875
56.375
56.5
59.125
66.625
78.0
88.625
95.4375
98.25
97.8125
94.8125
89.875
83.8125
77.25
71.9375
69.5
69.1875
69.375
69.25
69.0
68.75
68.25
67.375
66.375
65.5
64.5625
63.6875
62.9375
62.3125
61.8125
61.375
61.125
60.875
60.6875
60.75
61.75
65.4375
72.6875
80.9375
87.625
91.75
92.625
90.25
85.5
79.4375
73.3125
69.0
67.25
66.875
66.75
66.6875
66.8125
66.625
66.0625
65.4375
64.75
64.25
64.0625
63.9375
64.0625
66.5
72.875
81.625
89.3125
94.3125
96.0625
94.4375
90.0
83.5625
76.6875
71.5625
69.125
68.5
68.625
68.8125
68.8125
68.5
67.8125
66.9375
66.0625
65.25
64.5625
63.8125
63.0625
62.4375
61.875
61.3125
60.8125
60.4375
60.0625
59.625
59.1875
58.75
58.5
58.625
59.8125
64.6875
76.9375
94.0
108.5625
117.5
121.625
121.5
118.3125
113.4375
107.625
101.1875
94.3125
87.625
82.8125
80.875
80.625
80.3125
79.4375
78.375
77.3125
76.125
74.75
73.375
72.1875
71.125
70.0
69.0
68.1875
67.4375
66.75
66.0
65.25
64.6875
64.0625
63.4375
62.875
62.3125
61.875
61.5625
61.375
61.5
62.125
65.25
73.375
85.125
96.1875
103.75
107.3125
107.125
103.8125
98.6875
92.5625
85.875
79.5
75.25
73.9375
73.875
73.75
73.25
72.625
71.9375
71.0
70.0
68.9375
67.875
66.8125
66.125
65.875
65.5
65.5625
67.6875
73.125
80.8125
87.875
91.9375
93.0625
91.1875
86.5625
80.3125
73.75
68.9375
66.8125
66.375
66.5625
66.6875
66.5
66.0625
65.5
64.8125
64.125
63.375
62.6875
62.0
61.3125
60.6875
60.125
59.625
59.1875
58.6875
58.25
57.75
57.375
57.0625
56.75
56.6875
57.75
63.1875
76.25
92.6875
105.0
111.625
113.75
112.0625
108.0
102.625
96.5
89.8125
83.0
77.625
75.5
75.5
75.5625
75.125
74.1875
73.3125
72.4375
71.4375
70.375
69.5
69.0
68.5
67.9375
67.5625
68.625
72.5625
77.875
82.25
84.125
82.75
78.25
72.0625
66.6875
63.8125
62.875
62.6875
62.875
63.0625
63.1875
63.0
62.625
62.125
61.625
61.0625
60.4375
59.75
59.1875
58.6875
58.25
57.8125
57.375
57.0
56.5625
56.125
55.625
55.1875
54.6875
54.25
53.8125
53.5
53.25
53.0625
53.25
55.6875
65.625
84.3125
102.1875
113.0625
118.125
119.125
117.1875
113.5
108.625
102.75
96.0625
89.0
83.3125
80.8125
80.5625
80.5625
80.0
79.125
78.125
77.0
75.6875
74.1875
72.9375
71.9375
71.125
70.625
70.1875
69.5
69.0625
68.6875
68.0625
68.5
70.9375
75.1875
79.1875
80.9375
80.0
76.625
71.9375
67.5
64.8125
63.875
63.75
63.75
63.5
63.25
63.125
62.875
62.4375
61.8125
61.1875
60.6875
60.25
59.875
59.375
59.0
58.625
58.1875
57.8125
57.4375
57.0625
56.75
56.5625
56.5625
57.125
60.3125
69.5
85.125
100.5625
111.4375
117.5625
119.1875
117.0625
112.5625
106.75
100.1875
93.25
86.5625
81.875
80.25
80.25
80.1875
79.5
78.625
77.75
76.625
75.3125
74.0625
72.8125
71.8125
70.8125
69.8125
69.0625
68.3125
67.625
67.0
66.3125
65.625
64.9375
64.375
63.9375
63.4375
63.0625
62.5625
62.25
62.125
62.25
63.5625
68.4375
78.25
90.1875
100.125
106.25
108.625
107.3125
103.375
97.9375
91.5625
84.8125
79.0625
76.0625
75.4375
75.5625
75.25
74.6875
74.1875
73.5
72.5625
71.5
70.5
69.5
68.4375
67.5
66.75
66.0625
65.4375
64.875
64.3125
63.75
63.25
62.6875
62.25
61.75
61.25
60.8125
60.3125
60.0
59.8125
59.875
60.25
62.5
69.25
80.5
92.4375
101.5
106.6875
107.875
105.625
101.125
95.1875
88.625
82.0
77.0
74.6875
74.25
74.0625
73.5
72.875
72.375
71.625
70.6875
69.6875
68.6875
67.625
66.5625
65.5625
64.6875
64.125
63.5625
63.0
62.5
61.9375
61.375
60.875
60.375
59.9375
59.625
59.375
59.0
58.8125
60.0
65.1875
74.625
84.3125
91.0625
94.1875
93.75
90.5625
85.5
79.5
73.375
68.6875
66.875
66.875
67.0
66.875
66.625
66.375
66.0
65.25
64.4375
63.625
62.8125
62.0
61.375
60.875
60.375
59.875
59.375
58.9375
58.5
58.125
57.6875
57.25
56.875
56.375
55.9375
55.9375
58.5625
66.3125
77.0
86.3125
91.875
93.3125
91.4375
87.5
82.1875
76.1875
70.3125
66.5625
65.5
65.5
65.6875
65.75
65.625
65.4375
64.9375
64.1875
63.375
62.75
62.1875
61.5625
61.0
60.5625
60.125
59.5625
59.0625
58.6875
58.3125
57.75
57.25
56.8125
56.25
55.75
55.25
54.875
55.125
58.0
66.0
77.25
86.5
91.6875
93.0625
91.4375
87.8125
83.0625
77.75
72.5
68.9375
67.875
68.0625
68.4375
68.5
68.375
68.125
67.5625
66.6875
65.75
64.75
64.0
63.25
62.625
62.125
61.625
61.25
60.8125
60.375
59.9375
59.5
59.125
58.8125
58.5
58.25
58.0
57.875
58.0
59.0
63.0625
72.0
83.5625
93.6875
100.625
103.8125
103.5
100.375
95.4375
89.4375
83.0
77.4375
74.375
73.625
73.6875
73.4375
73.1875
72.9375
72.25
71.25
70.25
69.3125
68.4375
67.5625
66.625
65.875
65.1875
64.625
64.1875
63.8125
63.5
63.3125
63.25
63.25
63.6875
66.25
72.375
80.5
87.8125
92.625
94.3125
92.8125
88.6875
82.9375
76.75
72.0
69.8125
69.3125
69.25
69.25
69.375
69.1875
68.6875
67.9375
67.125
66.375
65.5625
64.875
64.1875
63.6875
63.1875
62.6875
62.3125
61.9375
61.5
61.3125
61.4375
61.9375
63.75
69.5625
79.6875
90.5625
99.0
104.0
105.3125
103.3125
99.0625
93.4375
87.125
81.0625
76.9375
75.375
75.125
74.8125
74.3125
74.0
73.4375
72.625
71.625
70.5625
69.5625
68.5625
67.5625
66.6875
65.9375
65.375
64.875
64.3125
63.6875
63.1875
62.75
62.5625
62.625
63.3125
66.375
73.875
84.0
93.4375
99.875
102.6875
102.0625
98.6875
93.375
87.0
80.25
74.9375
72.4375
71.9375
71.875
71.5625
71.125
70.6875
69.9375
69.0625
68.125
67.1875
66.25
65.3125
64.375
63.625
63.0625
62.5
62.0625
61.5625
61.125
60.8125
60.5625
60.4375
60.5625
62.625
69.6875
81.0625
92.125
99.125
101.9375
101.125
97.5625
92.375
86.25
79.875
74.5
71.8125
71.3125
71.4375
71.1875
70.5
69.9375
69.4375
68.6875
67.8125
66.875
66.125
65.5625
65.4375
65.1875
64.75
65.25
68.5
75.9375
84.6875
90.8125
93.75
93.125
89.3125
83.4375
76.6875
70.875
67.8125
67.0
67.0625
67.25
67.25
67.0
66.6875
66.3125
65.75
65.1875
64.6875
64.0
63.3125
62.625
62.0625
61.5625
61.0625
60.625
60.125
59.625
59.0625
58.5
58.0
57.5625
57.1875
56.875
56.625
56.6875
59.125
68.875
86.75
104.0625
114.6875
119.375
120.0625
117.9375
114.1875
109.3125
103.4375
96.9375
90.4375
85.75
83.8125
83.25
82.75
82.0
81.0625
80.0625
78.875
77.4375
76.125
74.8125
73.6875
72.875
72.0
71.25
70.8125
70.4375
70.0625
69.6875
69.8125
71.8125
76.875
83.625
89.3125
92.5
92.5625
89.5625
84.25
77.875
72.5625
69.8125
69.125
69.3125
69.5625
69.6875
69.5
69.0625
68.3125
67.5625
66.875
66.25
65.5
64.75
64.1875
63.6875
63.25
62.875
62.75
62.9375
63.5625
66.0625
73.5
85.5
97.5625
106.5625
111.0
111.625
109.0
104.0625
98.0
91.25
84.6875
80.0625
78.4375
78.5
78.4375
77.9375
77.25
76.6875
75.75
74.625
73.625
72.625
71.75
70.8125
69.875
69.125
68.5
67.875
67.3125
66.75
66.1875
65.6875
65.3125
65.1875
65.3125
65.9375
69.1875
77.6875
89.9375
101.5
109.375
112.875
112.625
109.3125
104.125
97.875
91.125
84.8125
80.75
79.5
79.5625
79.3125
78.6875
78.0625
77.375
76.5
75.4375
74.375
73.375
72.375
71.3125
70.375
69.5625
68.8125
68.1875
67.5625
67.0
66.3125
65.625
64.9375
64.25
63.5625
62.875
62.375
62.0
61.75
61.8125
62.6875
67.0625
77.75
92.125
104.625
112.5625
115.8125
115.125
111.625
106.5
100.5
94.0
87.4375
82.5625
80.625
80.3125
80.125
79.375
78.4375
77.5
76.5625
75.4375
74.25
73.25
72.25
71.1875
70.25
69.5
68.75
68.0
67.3125
66.625
66.0
65.5625
65.1875
64.8125
64.25
63.5625
63.0
64.4375
70.1875
78.75
86.25
90.9375
91.9375
89.8125
85.3125
79.5625
73.5
69.0
67.25
67.1875
67.3125
67.25
67.375
67.375
67.0625
66.5
65.875
65.3125
64.75
64.125
63.5
62.9375
62.4375
61.875
61.5
61.125
60.6875
60.0625
59.5
58.9375
58.4375
58.125
57.8125
57.5
57.3125
57.1875
57.8125
61.8125
72.25
86.4375
97.9375
104.5
107.0
106.1875
103.0625
98.3125
92.5
86.0
80.25
77.25
76.75
76.875
76.875
76.5625
76.0
75.375
74.5625
73.5
72.3125
71.3125
70.5625
69.75
69.0
68.3125
67.8125
67.3125
66.8125
66.25
65.75
65.1875
64.6875
64.3125
64.0625
63.875
63.75
63.625
64.25
68.0
76.375
86.375
94.5
99.625
101.0625
99.125
94.8125
89.0625
82.75
77.0
73.6875
73.0
73.1875
73.0625
73.0625
73.0
72.5625
71.75
70.8125
69.875
69.0625
68.25
67.5
66.8125
66.25
65.75
65.25
64.8125
64.3125
63.8125
63.375
62.8125
62.375
61.9375
61.5
61.0625
60.8125
60.625
60.625
61.125
63.8125
71.875
84.25
96.1875
104.75
109.0
109.25
106.4375
101.6875
95.8125
89.3125
82.9375
78.4375
76.875
76.75
76.5625
76.0625
75.5
74.8125
73.9375
72.875
71.875
70.875
69.8125
68.75
67.9375
67.1875
66.5625
66.0625
65.5625
64.9375
64.375
63.875
63.375
63.125
62.75
62.0625
61.8125
63.75
70.125
79.0
86.625
91.25
92.125
89.8125
85.375
79.625
73.625
69.1875
67.4375
67.25
67.1875
67.125
67.125
67.0
66.75
66.25
65.75
65.25
64.6875
64.25
63.75
63.1875
63.125
64.875
70.6875
78.75
85.5625
89.375
89.5
86.5
81.5
75.375
69.6875
66.5625
65.75
65.75
65.875
66.125
66.3125
66.25
66.125
65.75
65.4375
65.0
64.0
63.3125
64.6875
69.4375
75.9375
81.25
83.25
81.5625
77.3125
71.5
66.0625
63.125
62.75
63.0625
63.625
64.3125
64.625
64.6875
64.4375
64.0
63.5625
63.25
62.875
62.3125
61.6875
61.125
60.75
60.5
60.25
60.0625
59.8125
59.5
59.1875
58.875
58.8125
59.25
61.4375
69.8125
86.875
106.0
119.4375
126.5
128.375
126.3125
121.9375
116.4375
110.25
103.5
96.625
90.6875
87.4375
86.625
86.25
85.5625
84.5
83.375
82.1875
80.8125
79.3125
77.9375
76.6875
75.625
74.9375
74.6875
74.25
73.8125
74.125
76.6875
82.375
89.375
94.875
97.6875
97.3125
93.75
87.75
80.8125
75.375
72.8125
72.25
72.5625
72.8125
72.625
72.3125
71.75
70.8125
69.875
69.25
69.0
68.375
67.3125
66.3125
65.375
64.375
63.3125
62.4375
61.8125
61.375
61.0625
60.75
60.4375
60.0625
59.625
59.125
58.6875
58.3125
57.9375
57.5625
57.25
57.0625
56.9375
56.625
56.3125
56.0
55.625
55.3125
55.0625
54.875
54.8125
54.6875
54.625
55.0625
58.75
72.0625
95.25
116.3125
129.25
135.875
137.125
133.875
128.6875
122.75
116.5
110.0
103.1875
96.5625
92.0
90.1875
89.5625
88.75
87.375
85.8125
84.375
82.9375
81.375
79.875
78.5625
77.375
76.1875
75.0625
74.0
73.0
72.25
71.4375
70.625
69.875
69.25
68.75
68.5625
68.3125
67.875
68.8125
73.9375
83.4375
92.8125
98.6875
100.8125
99.3125
94.875
88.75
81.9375
75.9375
72.75
72.1875
72.4375
72.3125
71.875
71.625
71.25
70.5
69.5625
68.75
68.3125
67.8125
66.9375
65.8125
64.75
63.6875
62.5625
61.625
60.8125
60.25
59.75
59.5
59.0625
58.5625
58.25
58.0625
57.6875
57.3125
56.875
56.5
56.375
56.4375
56.5625
56.4375
56.125
55.5625
55.0625
54.8125
54.6875
54.5625
54.1875
53.8125
53.375
52.875
52.5
52.1875
51.9375
51.6875
51.5
51.3125
51.375
54.4375
67.3125
90.75
111.4375
122.75
127.4375
127.4375
124.1875
119.5
114.125
108.125
101.625
94.8125
89.3125
86.6875
86.0625
85.875
85.3125
84.25
83.0
81.875
80.75
79.6875
78.75
78.0
77.3125
76.4375
75.5625
74.6875
74.0625
74.125
74.75
74.5
72.8125
69.9375
67.625
66.4375
65.625
65.1875
65.0625
64.9375
64.5
64.0
63.5
63.0
62.6875
62.3125
62.125
62.125
62.1875
62.75
66.125
73.8125
83.125
91.125
95.6875
96.25
93.75
88.5
81.8125
75.375
71.5
70.25
70.125
70.5
70.6875
70.5
69.9375
69.25
68.5
67.8125
67.25
66.5625
65.875
65.25
64.6875
64.25
63.875
63.9375
64.375
66.3125
73.375
86.75
101.4375
112.4375
118.0
118.625
115.375
109.8125
103.0625
95.75
88.5
83.375
81.5625
81.625
81.875
81.3125
80.3125
79.25
78.1875
77.0625
75.8125
74.8125
73.875
72.9375
71.875
70.9375
70.1875
69.5
68.875
68.3125
67.6875
67.125
66.6875
66.5625
66.8125
67.75
72.0
82.125
95.25
106.5
113.25
115.5625
114.125
109.6875
103.625
96.75
89.5625
83.625
80.6875
80.25
80.4375
80.125
79.375
78.625
77.8125
76.9375
75.8125
74.75
73.625
72.5
71.375
70.4375
69.6875
69.0
68.375
67.625
66.875
66.125
65.375
64.6875
64.125
63.5625
63.125
62.875
62.8125
63.6875
68.3125
79.5
94.3125
106.625
113.6875
116.0625
114.25
109.75
103.8125
97.1875
90.3125
84.1875
80.625
79.75
79.75
79.375
78.5
77.625
76.8125
75.8125
74.75
73.8125
72.875
72.3125
72.0
71.4375
70.8125
70.4375
71.625
75.5625
80.6875
85.0
86.5625
84.75
80.125
74.25
69.375
67.0625
66.375
66.3125
66.3125
66.375
66.4375
66.5
66.3125
65.9375
65.375
64.75
64.125
63.4375
62.9375
62.4375
61.875
61.375
61.0
60.5
59.9375
59.6875
61.5625
68.8125
81.3125
93.375
100.6875
103.0625
101.8125
97.875
92.3125
85.75
79.125
74.1875
72.3125
72.3125
72.5
72.4375
72.0625
71.625
71.0625
70.3125
69.4375
68.625
67.875
67.1875
66.625
66.0625
65.5
64.875
64.3125
63.625
62.9375
62.25
61.625
61.1875
60.625
60.0
59.3125
58.8125
59.4375
64.4375
76.4375
90.6875
100.625
105.25
105.6875
103.125
98.4375
92.5
85.75
79.0
74.5
73.375
73.5625
73.625
73.375
72.875
72.5
71.9375
71.1875
70.375
69.8125
69.1875
68.3125
67.5
66.75
66.0625
65.375
64.75
64.125
63.4375
62.8125
62.125
61.375
60.8125
60.1875
59.625
59.3125
60.5
65.4375
74.625
84.0625
90.375
92.9375
92.1875
88.75
83.5
77.375
71.75
68.6875
67.9375
68.0625
68.3125
68.4375
68.375
68.25
67.75
67.0625
66.4375
65.9375
65.8125
65.5625
65.1875
65.75
69.125
75.6875
83.125
88.8125
91.3125
90.375
86.375
80.25
73.9375
69.75
68.125
67.875
68.25
68.625
68.75
68.4375
67.8125
67.0
66.25
65.5625
64.9375
64.3125
63.75
63.25
62.75
62.3125
61.875
61.4375
61.0
60.625
60.25
59.8125
59.4375
59.125
58.9375
59.3125
61.6875
70.6875
87.9375
105.4375
117.5625
124.3125
126.0625
123.75
119.0
113.125
106.625
99.6875
92.75
87.125
84.5
84.1875
84.0625
83.3125
82.4375
81.4375
80.25
78.875
77.4375
76.125
74.9375
73.8125
72.8125
71.8125
71.0
70.3125
69.625
68.9375
68.4375
68.0625
67.8125
67.5625
67.875
70.4375
76.6875
84.5625
90.8125
94.125
94.1875
91.0625
85.5625
79.125
73.375
70.3125
69.4375
69.25
69.375
69.5625
69.5625
69.1875
68.5
67.75
66.9375
66.125
65.3125
64.6875
64.25
64.0625
64.0625
64.125
65.375
69.9375
78.3125
87.8125
95.0625
98.75
99.0
96.0625
90.75
84.125
77.5625
73.1875
71.625
71.4375
71.4375
71.4375
71.4375
71.0625
70.4375
69.625
68.75
67.9375
67.125
66.3125
65.5625
64.9375
64.4375
63.8125
63.3125
62.8125
62.5
62.125
61.8125
61.5625
61.5625
62.25
66.125
76.875
92.8125
107.0
115.8125
119.9375
119.5625
115.9375
110.6875
104.5625
97.8125
90.8125
85.125
82.375
82.0
81.9375
81.3125
80.375
79.5
78.5625
77.3125
76.0625
75.0625
73.9375
72.875
71.75
70.6875
69.8125
69.0625
68.5
67.875
67.3125
66.8125
66.5625
66.375
66.25
66.5
69.0625
75.875
85.8125
94.8125
100.375
102.5625
101.125
96.8125
90.875
84.125
78.0
74.5
73.5625
73.5625
73.4375
73.1875
72.9375
72.375
71.5
70.625
69.6875
68.6875
67.6875
66.6875
65.9375
65.3125
64.6875
64.0625
63.5
63.0625
62.75
62.6875
62.75
63.375
67.0625
76.25
88.25
98.0625
103.625
105.1875
103.125
98.5
92.5
85.9375
79.625
75.5625
74.3125
74.25
74.125
73.5625
73.0625
72.5
71.8125
70.875
70.0
69.25
68.5625
68.125
68.0
67.625
67.375
68.5
73.125
81.125
88.5625
93.5
94.875
92.75
87.8125
81.4375
74.9375
70.625
69.375
69.25
69.25
69.3125
69.125
69.0
68.75
68.25
67.6875
67.0625
66.4375
65.75
65.125
64.625
64.125
63.5625
63.125
62.5625
62.0
61.5
61.125
60.625
60.1875
59.8125
59.5625
59.375
59.1875
59.75
63.875
76.8125
96.875
114.0
123.75
127.5625
126.6875
122.8125
117.5
111.375
104.5625
97.5
91.0625
87.3125
86.25
85.9375
85.4375
84.4375
83.25
82.0625
80.8125
79.375
78.0
76.75
75.5625
74.625
73.6875
72.75
72.0
71.1875
70.4375
69.75
69.125
68.5625
68.1875
67.9375
67.75
67.625
68.1875
71.75
79.625
88.6875
95.6875
99.625
99.8125
96.75
91.375
84.8125
78.5
74.4375
73.125
72.875
72.6875
72.5625
72.5625
72.1875
71.5
70.6875
69.8125
69.0
68.1875
67.3125
66.625
66.0625
65.5625
65.0625
64.5625
64.0625
63.5625
63.125
62.875
62.75
62.8125
63.3125
65.9375
73.8125
86.4375
98.5
106.6875
110.5625
110.3125
106.9375
101.5625
95.1875
88.375
82.375
78.9375
78.1875
78.125
77.875
77.375
76.9375
76.25
75.3125
74.1875
73.1875
72.25
71.25
70.3125
69.5625
68.875
68.3125
67.75
67.125
66.625
66.125
65.8125
65.75
65.6875
65.75
67.0
72.125
81.5625
91.875
99.4375
103.4375
103.4375
100.1875
94.9375
88.4375
81.8125
76.9375
74.875
74.5
74.1875
73.6875
73.4375
73.125
72.4375
71.6875
71.0
70.5
70.125
69.5625
69.25
70.4375
75.5
83.5
91.1875
96.25
97.6875
95.25
89.5625
82.25
75.5
71.625
70.5625
70.6875
70.875
70.875
70.6875
70.3125
69.75
69.0625
68.75
68.8125
68.625
68.5625
70.375
76.3125
85.5625
92.75
96.5625
96.625
92.75
86.125
78.5625
72.6875
70.0625
69.6875
69.9375
70.0
69.875
69.75
69.625
69.25
68.625
68.0625
67.4375
66.8125
66.125
65.4375
64.8125
64.25
63.6875
63.1875
62.625
62.125
61.625
61.125
60.5625
60.125
59.5625
59.0625
58.875
58.625
58.25
58.1875
61.125
73.5
96.0625
116.3125
127.375
131.6875
131.125
127.5
122.75
117.25
111.25
104.625
97.4375
91.0625
88.0
87.5625
87.4375
86.75
85.625
84.3125
83.0625
81.625
80.0625
78.5625
77.25
76.25
75.3125
74.4375
73.5
72.625
71.75
70.9375
70.1875
69.4375
68.6875
68.1875
67.8125
67.625
67.5
67.3125
67.8125
71.5
80.125
91.0625
99.625
104.5
105.5625
103.125
98.25
91.875
85.0
79.1875
76.25
75.5625
75.5
75.1875
74.875
74.625
74.125
73.3125
72.3125
71.375
70.375
69.375
68.5
67.75
67.0625
66.5625
66.125
65.6875
65.25
64.8125
64.4375
64.3125
64.25
64.6875
67.4375
75.25
87.25
98.375
105.6875
109.0625
108.375
104.625
98.875
92.25
85.5
80.125
77.75
77.375
77.3125
76.875
76.5
76.0625
75.3125
74.375
73.375
72.4375
71.4375
70.5
69.6875
68.9375
68.25
67.6875
67.1875
66.8125
66.6875
66.6875
66.8125
67.875
72.4375
80.875
90.25
97.5625
101.125
101.0625
97.75
92.1875
85.625
79.3125
75.1875
73.875
73.5625
73.3125
73.3125
73.3125
72.875
72.25
71.5
70.625
69.6875
68.75
67.875
67.1875
66.625
66.125
65.6875
65.25
64.6875
64.125
63.625
63.1875
62.9375
62.75
62.875
63.625
67.5625
78.0
93.0
106.375
114.6875
118.3125
117.6875
114.0
108.5625
102.0625
95.0625
88.1875
83.125
81.25
81.0
80.75
80.0625
79.1875
78.375
77.4375
76.3125
75.0625
73.875
72.75
71.8125
71.1875
70.875
70.5
70.125
70.4375
73.125
79.75
87.5
93.1875
96.0
95.4375
91.6875
85.6875
78.8125
73.25
70.6875
70.125
70.125
70.25
70.25
70.0
69.6875
69.1875
68.6875
68.5625
68.3125
68.0625
69.375
74.3125
83.3125
91.5625
96.1875
97.25
94.25
88.25
80.875
74.25
70.5
69.5625
69.75
69.9375
70.125
70.1875
69.9375
69.3125
68.5625
68.1875
67.9375
67.3125
66.25
65.0625
63.8125
62.75
61.25
60.3125
59.6875
59.125
58.8125
58.625
58.375
58.1875
58.0
57.6875
57.3125
56.9375
56.625
56.4375
56.4375
56.625
56.75
56.6875
56.5
56.25
55.9375
55.6875
55.6875
55.6875
55.875
56.0625
56.6875
61.0
75.8125
100.0625
120.0
130.9375
136.0
135.5625
131.125
124.9375
118.125
111.125
103.9375
96.875
91.5625
89.375
88.9375
88.5
87.4375
86.0
84.5
83.0625
81.4375
79.875
78.4375
77.4375
76.9375
76.5625
75.875
75.5
76.625
80.5625
86.375
91.6875
94.5
93.8125
89.8125
83.375
76.9375
72.875
71.25
70.75
70.875
71.0
70.75
70.1875
69.5
68.75
68.0
67.1875
66.375
65.625
65.0625
64.5
64.0
63.5
63.0
62.5625
62.0625
61.5625
61.125
60.6875
60.4375
60.5
61.8125
68.5625
85.0
105.8125
121.375
130.0
133.375
131.75
127.125
121.0625
114.5625
107.8125
100.625
93.875
89.25
87.5
87.0625
86.3125
85.1875
84.0
82.75
81.3125
79.75
78.25
76.9375
75.8125
74.625
73.5
72.5625
71.6875
70.875
70.125
69.375
68.6875
67.9375
67.4375
67.0
66.75
66.6875
67.0625
69.9375
77.6875
89.125
99.6875
106.5625
109.3125
108.4375
104.5625
98.75
91.9375
84.9375
79.5625
77.1875
76.6875
76.5
76.0
75.625
75.1875
74.4375
73.5
72.5
71.5625
70.5
69.4375
68.4375
67.6875
67.0625
66.4375
65.8125
65.3125
64.8125
64.25
63.6875
63.125
62.75
62.375
62.25
62.5
64.9375
72.9375
86.125
99.5625
108.875
113.5
113.8125
110.6875
105.4375
98.9375
91.875
84.9375
80.125
78.3125
78.125
77.875
77.1875
76.5
75.875
75.0625
74.0
72.8125
71.625
70.4375
69.375
68.5
67.8125
67.1875
66.625
66.0
65.3125
64.8125
64.25
63.6875
63.25
62.75
62.375
62.0
61.8125
62.8125
68.1875
78.8125
89.875
97.6875
101.375
101.0625
97.6875
92.375
85.9375
79.375
74.25
72.0
71.625
71.5625
71.3125
71.125
70.9375
70.5
69.8125
69.0
68.25
67.8125
67.4375
67.0
67.0
69.3125
74.6875
81.5
86.9375
89.0
87.5
82.875
76.5
70.5
67.0
65.8125
65.5625
65.6875
65.9375
66.125
66.0625
65.8125
65.375
64.8125
64.25
63.625
63.0
62.375
61.875
61.5
61.25
61.0625
61.0625
61.0625
61.5
63.6875
71.5
85.5625
99.1875
108.25
112.4375
112.375
108.875
103.1875
96.1875
88.6875
82.0625
78.1875
77.1875
77.1875
77.1875
76.875
76.3125
75.6875
74.6875
73.5
72.25
71.125
70.0625
69.0625
68.25
67.4375
66.8125
66.1875
65.625
65.0625
64.375
63.8125
63.5
63.3125
63.4375
64.5
69.3125
80.375
94.4375
106.0625
112.8125
115.4375
114.125
109.75
103.75
96.875
89.6875
83.375
79.75
78.8125
78.6875
78.25
77.625
77.125
76.375
75.4375
74.375
73.3125
72.375
71.875
71.375
71.1875
73.0
78.8125
87.375
94.625
99.125
100.3125
97.875
92.4375
85.25
78.3125
74.0
72.375
72.0
72.1875
72.5
72.375
71.8125
70.9375
69.875
68.875
68.0
67.25
66.5
65.8125
65.1875
64.5625
64.0
63.5
62.9375
62.5
62.0625
61.625
61.1875
60.8125
60.625
61.0
63.6875
73.25
91.375
110.0
122.1875
128.625
130.0
127.0625
121.9375
115.75
109.25
102.375
95.3125
89.4375
86.5
85.75
85.3125
84.25
83.125
82.0
80.75
79.25
77.75
76.375
75.125
73.9375
72.8125
71.875
70.9375
70.1875
69.4375
68.75
68.0
67.25
66.625
66.0625
65.6875
65.5625
65.625
66.875
71.8125
81.5625
92.625
101.4375
106.25
107.125
104.5625
99.5
93.125
86.0625
79.4375
75.375
74.1875
74.0
73.75
73.375
73.0625
72.5625
71.6875
70.6875
69.6875
68.5625
67.4375
66.4375
65.625
65.0
64.4375
63.8125
63.25
62.625
62.125
61.625
61.125
60.625
60.125
59.8125
59.5625
59.8125
62.625
71.6875
86.25
99.3125
107.5
110.875
110.125
106.25
100.75
94.375
87.4375
80.9375
76.8125
75.6875
75.6875
75.375
74.9375
74.375
73.75
72.875
71.75
70.5
69.3125
68.3125
67.4375
66.75
66.125
65.625
65.0625
64.5
64.0
63.5625
63.1875
62.8125
62.3125
63.125
67.9375
76.5
85.0625
90.8125
92.6875
91.0625
86.75
80.875
74.5
69.1875
66.6875
66.3125
66.3125
66.4375
66.625
66.6875
66.4375
65.875
65.3125
64.75
64.125
63.5625
63.375
63.25
64.0
67.6875
75.8125
85.5625
93.0
97.1875
97.4375
94.1875
88.5
81.625
75.375
71.75
70.5
70.125
70.25
70.5625
70.5625
70.0625
69.25
68.3125
67.375
66.625
65.8125
65.0625
64.375
63.875
63.375
62.8125
62.3125
61.8125
61.4375
61.0
60.625
60.25
60.0625
60.3125
62.0625
69.6875
86.0625
104.8125
117.9375
125.25
127.8125
126.0
121.4375
115.5
108.9375
102.0625
94.875
88.25
84.5
83.6875
83.5
82.875
81.9375
81.0625
79.8125
78.375
76.875
75.4375
74.125
72.9375
71.9375
71.0
70.125
69.375
68.625
67.875
67.0625
66.3125
65.6875
65.1875
64.75
64.5
64.375
64.5625
66.5
73.0
84.125
95.625
103.5
107.375
107.5
104.375
99.1875
92.8125
85.875
79.6875
76.125
75.1875
75.0625
74.6875
74.4375
74.0625
73.375
72.4375
71.5
70.8125
70.3125
69.8125
69.375
70.4375
75.125
83.125
91.0625
96.625
98.9375
97.5625
92.9375
86.125
78.9375
73.75
71.4375
70.75
70.875
71.1875
71.25
70.75
70.0
69.0
68.125
67.3125
66.5625
65.8125
65.1875
64.5
63.875
63.25
62.75
62.3125
62.0625
62.0
62.375
64.5625
72.4375
87.125
102.6875
113.9375
119.6875
121.0625
118.5
113.5625
107.3125
100.4375
93.1875
86.375
81.9375
80.5625
80.4375
79.875
78.875
77.9375
76.9375
75.75
74.375
73.125
71.9375
70.75
69.6875
68.75
67.8125
67.0625
66.375
65.75
65.125
64.625
64.375
64.375
64.6875
67.5625
75.8125
87.5625
98.0625
104.3125
106.0625
104.1875
99.5625
93.375
86.375
79.4375
74.4375
72.75
72.75
72.75
72.3125
71.75
71.375
70.625
69.6875
68.6875
67.625
66.625
65.8125
65.0625
64.6875
64.375
64.125
63.875
64.5625
68.75
77.6875
88.3125
95.8125
99.1875
98.6875
94.9375
89.0625
82.1875
75.5625
71.3125
69.875
69.75
69.5
69.25
69.25
69.0
68.375
67.5
66.625
65.875
65.0625
64.3125
63.75
63.125
62.5
62.0625
61.6875
61.375
61.0625
60.875
61.8125
67.4375
80.75
95.625
105.75
110.5
110.6875
107.625
102.5625
96.4375
89.625
82.75
77.6875
75.8125
75.8125
76.0
75.875
75.5625
75.0625
74.25
73.0625
71.8125
70.5625
69.5625
68.5625
67.625
66.875
66.125
65.5625
65.0
64.375
63.8125
63.25
62.8125
62.5625
62.375
62.5625
64.5
71.5
84.9375
99.6875
110.3125
115.9375
117.3125
114.9375
110.0
103.75
96.8125
89.5625
83.25
79.75
79.0
78.9375
78.5
77.9375
77.375
76.5
75.3125
74.125
72.9375
71.6875
70.5625
69.5
68.5625
67.8125
67.125
66.4375
65.8125
65.125
64.5625
64.125
63.8125
63.8125
64.25
66.375
73.4375
85.0
96.625
104.9375
109.0
109.1875
106.125
100.875
94.25
87.125
80.75
76.9375
75.875
75.6875
75.3125
75.0625
74.75
74.125
73.1875
72.1875
71.1875
70.25
69.6875
69.4375
69.3125
70.875
76.3125
85.4375
93.9375
99.5
101.9375
100.875
96.625
90.125
82.75
76.625
73.375
72.375
72.375
72.625
72.625
72.3125
71.5625
70.5
69.4375
68.5625
67.6875
66.8125
66.0625
65.375
64.6875
64.0625
63.5625
63.0625
62.625
62.1875
61.875
61.8125
62.5625
66.5
77.8125
95.0625
110.625
120.5
124.8125
124.5625
120.8125
115.375
109.0
102.0625
94.875
88.0
83.5625
82.125
81.9375
81.3125
80.3125
79.3125
78.1875
76.9375
75.6875
74.75
73.9375
73.0625
72.4375
74.0625
79.5
87.0
92.5
94.5625
93.125
88.375
81.3125
74.5
70.375
68.625
68.1875
68.375
68.625
68.5
68.0
67.1875
66.1875
65.3125
64.5625
64.0
63.8125
63.9375
64.4375
67.875
76.5
87.3125
96.4375
101.5
102.0625
99.0625
93.1875
85.625
77.8125
72.1875
70.0
69.6875
69.875
70.0
69.75
69.1875
68.375
67.5625
66.6875
65.9375
65.1875
64.375
63.625
62.875
62.1875
61.5
60.9375
60.5625
60.3125
60.1875
60.8125
65.1875
78.5
98.0625
113.625
121.375
123.6875
121.375
116.1875
109.8125
102.75
95.375
88.0625
82.4375
80.0625
79.75
79.5
78.8125
77.75
76.5625
75.4375
74.125
72.625
71.375
70.1875
69.1875
68.25
67.5
66.75
66.0
65.375
64.75
64.0625
63.5625
63.0625
62.5
62.1875
62.375
65.0
73.8125
87.75
99.9375
107.375
110.125
108.6875
104.375
98.125
90.9375
83.5625
77.625
75.0
74.625
74.5
74.125
73.75
73.3125
72.625
71.625
70.5625
69.5
68.3125
67.25
66.3125
65.5625
64.875
64.3125
63.8125
63.1875
62.6875
62.25
62.1875
62.5625
64.8125
72.0
84.375
96.9375
105.9375
110.375
110.8125
107.8125
102.375
95.625
88.3125
81.5625
77.0625
75.5625
75.5
75.25
74.8125
74.4375
73.75
72.8125
71.6875
70.5625
69.4375
68.375
67.5
67.125
66.9375
67.0
68.375
73.375
81.9375
90.8125
96.6875
99.25
98.5625
94.75
88.8125
81.6875
75.375
71.75
70.5
70.3125
70.4375
70.5625
70.375
69.8125
68.9375
68.0
67.0625
66.125
65.25
64.5
63.75
63.1875
62.625
62.125
61.5625
61.0625
60.5625
60.125
59.625
59.1875
58.6875
58.125
57.6875
57.3125
57.25
57.875
61.8125
74.4375
95.25
114.0
125.8125
131.75
132.4375
129.0625
123.625
117.375
110.875
104.0625
96.875
90.375
86.375
85.0
84.1875
83.125
81.875
80.6875
79.5
78.0625
76.4375
74.9375
73.5
72.25
71.0625
69.9375
69.0
68.25
67.5
66.6875
65.875
65.1875
64.4375
63.75
63.1875
62.625
62.0
61.5
61.0
60.75
60.6875
61.0625
63.5625
70.875
82.4375
93.8125
101.6875
105.4375
105.5625
102.5
97.3125
91.0625
84.125
77.75
73.875
72.75
72.5
72.0625
71.6875
71.3125
70.6875
69.75
68.8125
68.0
67.1875
66.25
65.125
63.9375
62.9375
62.5
63.3125
66.125
70.3125
73.4375
74.125
72.25
68.0625
63.1875
59.9375
58.8125
58.4375
58.375
58.4375
58.5
58.375
58.0625
57.5
56.9375
56.4375
56.0625
55.5625
55.0
54.5
54.125
53.875
53.5625
53.1875
52.8125
52.4375
52.0
51.5
51.125
50.75
50.4375
50.0625
49.8125
49.5
49.1875
48.9375
48.625
48.3125
48.0625
47.8125
47.5625
47.375
47.1875
47.125
47.0
47.5
52.25
67.625
90.625
109.0
119.4375
124.0625
123.875
120.3125
115.25
109.5
103.3125
96.6875
89.6875
83.5625
80.1875
79.25
78.6875
77.8125
76.75
75.625
74.4375
73.0625
71.625
70.1875
68.9375
67.9375
67.0
66.1875
65.4375
64.6875
63.9375
63.25
62.5625
61.9375
61.375
60.875
60.4375
59.9375
59.4375
58.8125
58.6875
61.1875
67.375
76.0
83.5
87.5625
88.0625
85.375
80.3125
74.1875
68.625
65.4375
64.3125
63.9375
63.6875
63.6875
63.6875
63.5625
63.125
62.5
61.9375
61.5625
61.25
61.0625
62.25
66.5625
74.0
81.6875
87.3125
90.0
89.25
85.375
79.375
72.875
68.0625
65.625
64.75
64.6875
65.0
65.1875
65.0
64.4375
63.625
62.6875
61.9375
61.25
60.6875
60.125
59.625
59.0
58.5
58.0
57.5
57.125
56.75
56.4375
56.0
55.625
55.3125
55.25
56.125
60.5625
72.9375
90.5
105.0625
114.125
118.625
119.0
116.0
111.125
105.125
98.625
91.625
85.0625
80.625
78.875
78.375
77.625
76.75
75.9375
75.0625
73.875
72.4375
71.125
69.875
68.8125
67.75
66.8125
65.9375
65.1875
64.4375
63.8125
63.1875
62.5
61.875
61.375
60.875
60.625
60.5625
60.6875
62.125
67.375
77.375
88.3125
96.9375
101.6875
102.8125
100.875
96.5625
90.8125
84.1875
77.8125
73.3125
71.625
71.3125
70.8125
70.3125
70.0
69.5
68.75
67.8125
66.875
65.9375
64.9375
63.9375
63.125
62.4375
61.75
61.1875
60.625
60.0625
59.5625
59.1875
58.75
58.25
57.75
57.25
56.75
56.5
56.375
56.75
58.875
65.9375
79.0
92.8125
103.0
108.875
110.6875
109.125
105.125
99.75
93.5
86.75
80.125
75.625
73.9375
73.5625
73.0625
72.375
71.6875
71.0
70.0625
68.9375
67.75
66.625
65.4375
64.25
63.375
63.0625
62.875
62.6875
62.6875
64.1875
69.125
76.75
84.25
89.0625
90.75
89.375
85.25
79.3125
72.8125
67.6875
65.25
64.5
64.375
64.375
64.25
64.0625
63.5625
62.9375
62.1875
61.4375
60.8125
60.375
60.3125
60.3125
61.125
65.5
74.5625
84.9375
93.4375
97.9375
98.5625
96.125
91.1875
84.6875
77.625
71.5
68.3125
67.625
67.5
67.375
67.0625
66.6875
66.0625
65.3125
64.375
63.625
62.875
62.1875
61.375
60.6875
60.0
59.3125
58.6875
58.1875
57.75
57.3125
56.8125
56.25
55.75
55.3125
55.0
55.5625
59.9375
73.375
92.625
107.375
115.5
118.3125
117.1875
113.5
108.4375
102.5625
96.0
88.9375
82.125
77.75
76.5
76.375
76.0625
75.3125
74.375
73.5
72.5
71.25
70.0625
69.0
68.0625
67.3125
66.625
66.0
65.4375
64.8125
64.1875
63.5
62.875
62.125
61.4375
60.8125
60.3125
59.75
59.25
59.0
58.8125
59.0
60.6875
66.75
78.6875
91.6875
101.5
107.25
109.0625
107.5625
103.625
98.1875
91.8125
84.875
78.5
74.6875
73.75
73.625
73.3125
72.8125
72.3125
71.625
70.6875
69.625
68.5625
67.5
66.5
65.5
64.625
63.875
63.1875
62.625
62.1875
61.875
61.5625
61.5625
61.8125
63.5625
69.125
78.1875
87.25
94.0625
97.25
97.125
94.125
88.9375
82.5625
76.125
71.5
69.6875
69.1875
68.8125
68.625
68.625
68.375
67.75
66.875
66.0
65.125
64.25
63.375
62.625
62.0
61.4375
60.9375
60.5
60.0
59.5
59.0
58.625
58.1875
57.75
57.3125
56.8125
56.375
56.125
56.125
56.6875
59.5625
68.5
84.0
99.3125
110.0625
116.3125
118.375
116.8125
112.8125
107.5
101.375
94.6875
87.8125
81.875
78.8125
78.1875
77.9375
77.3125
76.625
75.875
74.875
73.625
72.3125
71.0
69.8125
68.8125
67.875
67.0
66.25
65.5625
65.125
64.8125
64.5625
64.375
64.75
67.25
73.125
80.8125
87.6875
91.75
92.75
90.75
86.25
80.25
74.1875
69.875
68.0
67.375
67.125
67.1875
67.1875
66.875
66.3125
65.5
64.6875
63.9375
63.125
62.375
61.75
61.1875
60.6875
60.1875
59.9375
59.875
60.1875
61.875
67.625
78.1875
89.5625
98.5625
103.8125
105.125
103.3125
98.875
92.8125
85.9375
79.125
74.1875
72.1875
71.875
71.625
71.1875
70.75
70.1875
69.4375
68.5
67.5625
66.625
65.5625
64.5625
63.625
62.9375
62.3125
61.75
61.25
60.75
60.375
60.25
60.4375
61.625
66.625
77.0
89.0
98.4375
103.375
104.5625
102.625
98.25
92.4375
85.8125
79.1875
74.3125
72.25
71.75
71.4375
70.875
70.3125
69.9375
69.3125
68.4375
67.4375
66.5625
66.0
65.75
65.4375
65.875
69.5
77.4375
87.375
94.625
98.3125
98.5625
95.25
89.4375
82.0625
75.0
70.4375
68.75
68.375
68.4375
68.5
68.3125
67.875
67.25
66.5
65.5625
64.8125
64.0625
63.3125
62.5625
61.875
61.25
60.6875
60.1875
59.8125
59.4375
59.0625
58.875
59.9375
65.6875
79.8125
96.6875
108.0625
113.8125
115.125
112.75
108.1875
102.4375
95.875
88.75
81.875
77.375
76.1875
76.125
75.9375
75.4375
74.6875
73.9375
73.0625
72.0
71.0
70.0
69.1875
68.4375
67.8125
67.1875
66.5625
66.0
65.3125
64.625
63.9375
63.3125
63.0
62.9375
63.3125
65.5625
72.5
84.5625
96.875
105.25
109.875
110.5625
107.875
103.0625
96.9375
90.0625
83.1875
78.1875
76.125
75.8125
75.5
75.0
74.5
74.0
73.25
72.125
71.0
69.875
68.75
67.6875
66.6875
65.9375
65.25
64.6875
64.125
63.6875
63.1875
62.8125
62.5
62.5
63.375
67.5
77.1875
89.875
100.875
107.75
110.625
110.0
106.4375
101.0
94.5
87.5625
81.1875
77.375
76.3125
76.0
75.5625
75.0625
74.625
73.9375
72.9375
71.875
70.875
69.875
68.8125
67.9375
67.125
66.625
66.1875
65.75
65.5
66.125
69.4375
76.0625
83.125
87.9375
90.0625
89.625
86.9375
82.5625
77.25
72.0625
68.8125
67.8125
67.6875
67.625
67.5
67.25
66.875
66.3125
65.4375
64.4375
63.5625
62.8125
62.0625
61.4375
61.0
60.6875
60.4375
60.1875
60.0625
60.3125
61.9375
68.0625
80.875
95.3125
106.1875
112.625
114.6875
113.25
108.9375
102.9375
96.0
88.6875
82.375
78.75
77.8125
77.625
77.3125
76.875
76.1875
75.1875
74.0
72.8125
71.6875
70.6875
69.75
68.8125
68.0
67.25
66.6875
66.375
66.25
66.4375
68.375
74.1875
83.625
93.3125
100.25
103.3125
102.6875
98.875
92.9375
85.9375
79.0625
74.4375
72.875
72.6875
72.4375
72.125
71.9375
71.5
70.625
69.625
68.625
67.8125
67.0
66.5
66.375
66.5625
68.0
73.5625
83.3125
93.3125
100.8125
104.4375
104.4375
101.4375
95.9375
88.8125
81.375
75.6875
73.0
72.3125
72.3125
72.25
71.9375
71.25
70.4375
69.4375
68.4375
67.5625
66.8125
66.0625
65.625
65.5625
65.75
67.875
75.0
86.3125
97.0
104.4375
107.4375
106.4375
102.375
96.0
88.5625
80.875
75.0
72.625
72.5
72.625
72.375
71.9375
71.3125
70.375
69.4375
68.5
67.625
66.8125
65.875
65.0
64.1875
63.4375
62.6875
62.0625
61.625
61.1875
60.6875
60.125
59.5
58.875
58.375
58.125
58.5625
62.5625
75.9375
97.4375
115.1875
124.8125
128.6875
127.8125
123.8125
118.25
112.0
105.375
98.25
90.75
84.5
81.6875
81.4375
81.25
80.625
79.625
78.375
77.125
75.75
74.1875
72.8125
71.625
70.5
69.5
68.75
68.0
67.25
66.5625
65.875
65.1875
64.4375
63.8125
63.1875
62.5625
61.875
61.1875
60.625
60.25
60.0
59.9375
60.0625
61.375
67.125
79.125
92.9375
103.3125
108.75
109.8125
107.5
102.625
96.25
89.0625
82.0
77.0
75.125
75.0
75.125
75.0625
74.625
74.0625
73.25
72.0625
70.875
70.0625
69.375
68.375
67.1875
66.0
65.0
64.0625
63.1875
62.4375
61.9375
61.5
61.0625
60.5625
60.0625
59.5625
59.0625
58.5625
58.125
57.625
57.25
56.9375
56.5625
56.25
56.0
55.75
55.4375
55.1875
54.9375
54.6875
54.6875
54.75
54.875
54.75
55.0
58.9375
70.75
87.375
101.1875
109.125
111.625
109.875
105.0625
98.4375
91.0
83.4375
77.4375
75.0
75.0
75.4375
75.4375
75.0625
74.3125
73.375
72.375
71.25
70.0625
69.0625
68.25
67.4375
66.625
65.875
65.125
64.5
63.9375
63.4375
62.9375
62.3125
61.75
61.1875
60.75
60.25
59.6875
59.25
58.8125
58.4375
58.1875
58.3125
58.875
61.8125
70.9375
86.5
102.0625
112.8125
117.9375
118.1875
115.1875
110.25
104.125
97.375
90.25
83.75
79.8125
78.75
78.75
78.4375
77.75
76.875
75.9375
74.75
73.375
72.0
70.6875
69.625
68.6875
67.75
67.0
66.25
65.625
65.0625
64.375
63.75
63.25
62.875
62.75
62.8125
63.3125
66.0
72.5625
81.25
89.25
94.6875
96.6875
95.5
91.5625
85.75
79.1875
73.375
70.1875
69.1875
68.9375
68.8125
68.8125
68.6875
68.25
67.5
66.4375
65.375
64.4375
63.4375
62.4375
61.6875
61.0
60.375
59.9375
59.5
58.9375
58.25
57.6875
57.375
57.0
56.5
55.875
55.3125
55.0
54.8125
54.8125
55.0625
57.4375
65.75
80.0
94.3125
104.3125
109.3125
110.1875
107.75
103.1875
97.375
90.75
83.8125
77.8125
74.6875
74.125
74.0625
73.625
73.0
72.25
71.4375
70.375
69.25
68.0625
67.0
66.0
65.125
64.375
63.625
63.0625
62.5625
62.0625
61.5625
61.25
60.9375
60.4375
60.25
62.125
67.875
75.875
82.375
85.8125
85.9375
83.0
77.875
71.8125
66.375
63.375
62.6875
62.5
62.3125
62.375
62.5
62.3125
61.8125
61.125
60.4375
59.8125
59.1875
58.6875
58.1875
57.625
57.125
56.6875
56.25
55.875
55.5
55.0625
54.5625
54.0625
53.625
53.25
52.9375
52.625
52.9375
56.375
66.375
81.3125
94.25
101.6875
104.3125
103.375
100.0625
95.1875
89.3125
82.8125
76.3125
71.9375
70.6875
71.0
71.375
71.375
71.0625
70.6875
70.125
69.25
68.25
67.3125
66.5
65.6875
64.9375
64.1875
63.5625
62.9375
62.375
61.75
61.1875
60.6875
60.1875
59.75
59.3125
58.875
58.375
57.875
57.4375
57.0625
56.6875
56.3125
56.0
55.6875
55.5
55.5625
56.25
59.625
68.75
82.1875
94.5
103.3125
108.0625
108.9375
106.8125
102.5625
97.0
90.625
83.875
78.125
75.25
74.75
74.6875
74.25
73.75
73.25
72.4375
71.3125
70.1875
69.125
68.125
67.125
66.1875
65.4375
64.875
64.4375
64.1875
63.9375
63.75
63.5625
64.75
68.9375
75.6875
82.3125
86.6875
88.25
86.8125
82.6875
77.0
71.1875
67.3125
65.8125
65.375
65.3125
65.5
65.625
65.375
64.875
64.125
63.375
62.6875
62.0
61.25
60.625
60.125
59.6875
59.3125
59.125
59.1875
59.6875
61.6875
67.8125
78.0625
88.5625
96.75
101.0625
101.8125
99.5
94.8125
88.875
82.1875
76.25
72.75
71.8125
71.75
71.375
71.0625
70.75
70.25
69.375
68.375
67.5
66.5625
65.6875
64.75
64.0
63.4375
62.875
62.625
62.5625
62.75
63.6875
67.625
75.75
85.375
93.5625
98.6875
100.0625
98.1875
93.75
87.8125
81.125
75.25
72.0
71.125
71.0
70.8125
70.75
70.5
69.875
69.0625
68.1875
67.5625
67.0
66.125
65.0
63.875
63.0
62.0625
61.3125
60.625
60.125
59.75
59.3125
58.875
58.375
57.875
57.375
56.875
56.375
55.9375
55.5625
55.25
54.9375
54.6875
54.4375
54.125
53.8125
53.5
53.125
52.8125
52.5
52.25
51.875
51.4375
51.0
50.4375
50.0
49.625
49.25
48.9375
48.5625
48.25
47.9375
47.625
47.375
47.125
46.8125
46.625
46.6875
47.25
52.0625
69.375
96.1875
117.3125
129.375
135.4375
136.3125
133.125
128.3125
123.0
117.625
112.0625
105.875
98.875
91.625
86.5
84.25
83.4375
82.5
81.125
79.75
78.4375
76.9375
75.3125
73.875
72.4375
71.1875
70.125
69.1875
68.3125
67.4375
66.5625
65.6875
64.9375
64.25
63.625
63.0
62.5625
62.25
61.6875
60.875
60.6875
63.0
69.4375
77.4375
83.75
87.0
86.75
83.6875
78.625
72.5
66.8125
63.625
62.75
62.75
62.5625
62.3125
62.3125
62.25
61.8125
61.1875
60.5
59.875
59.25
58.6875
58.1875
57.6875
57.1875
56.75
56.3125
56.0
55.625
55.125
54.625
54.125
53.625
53.125
52.6875
52.375
52.0625
51.8125
51.5
51.1875
51.0
50.75
50.5625
50.4375
50.375
50.375
50.375
50.625
50.8125
51.5
54.4375
64.125
81.0625
97.9375
109.4375
115.5
117.5625
116.25
112.6875
107.6875
101.75
95.25
88.4375
82.75
79.8125
79.3125
79.25
78.75
78.0
77.1875
76.25
75.125
73.875
72.625
71.375
70.3125
69.4375
68.625
67.875
67.125
66.4375
65.8125
65.125
64.5
63.875
63.375
62.875
62.5
62.0
61.625
61.3125
61.1875
61.0625
61.125
62.6875
67.9375
76.4375
84.9375
91.4375
95.0625
95.375
92.8125
88.3125
82.5625
76.5625
71.8125
69.875
69.5625
69.5
69.25
69.25
69.1875
68.6875
68.0
67.3125
66.8125
66.375
66.0
65.625
66.375
69.75
75.8125
82.4375
87.4375
89.75
88.9375
85.1875
79.375
73.3125
69.25
67.5625
67.1875
67.3125
67.5625
67.625
67.3125
66.6875
65.8125
65.0625
64.4375
63.8125
63.3125
62.75
62.25
61.75
61.3125
60.8125
60.4375
60.0625
59.6875
59.25
58.9375
58.6875
58.5625
58.875
60.5
66.625
79.3125
94.25
105.75
112.9375
115.875
115.3125
112.125
107.25
101.3125
94.75
88.0
82.4375
79.6875
79.1875
79.125
78.4375
77.625
76.8125
75.8125
74.625
73.4375
72.25
71.1875
70.125
69.125
68.1875
67.25
66.4375
65.6875
65.125
64.875
64.6875
64.625
65.5
69.25
76.5
84.75
91.375
95.0625
95.4375
92.875
87.9375
81.75
75.5
71.0
69.1875
68.75
68.5625
68.4375
68.25
67.9375
67.3125
66.625
65.875
65.0625
64.3125
63.5625
62.8125
62.125
61.5625
61.0625
60.5625
60.0625
59.8125
59.625
59.5
59.6875
62.25
70.1875
83.0
94.9375
102.375
105.5
105.0625
101.875
96.9375
90.9375
84.375
78.1875
74.125
72.875
72.8125
72.75
72.3125
71.75
71.1875
70.5
69.4375
68.375
67.4375
66.5
65.75
65.125
64.5625
64.0
63.4375
63.0
62.75
62.4375
62.125
62.75
66.875
75.5
84.875
91.125
94.0
93.4375
90.0625
85.0
78.875
72.9375
69.0
67.6875
67.5625
67.4375
67.1875
67.1875
67.0625
66.625
66.0
65.25
64.6875
64.125
63.6875
63.5
63.375
63.625
66.375
73.5625
84.0625
92.9375
98.5625
100.9375
99.75
95.875
90.125
83.5
77.5
74.1875
73.25
73.0625
73.0
73.0625
72.9375
72.1875
71.25
70.375
69.75
69.375
68.625
67.4375
66.3125
65.3125
64.4375
63.5625
62.8125
62.3125
61.8125
61.375
61.0625
60.75
60.4375
60.0
59.4375
58.875
58.375
57.9375
57.5625
57.25
57.0625
56.8125
56.5625
56.25
55.9375
55.625
55.375
55.1875
55.3125
56.5625
62.9375
79.6875
101.375
117.9375
127.75
132.3125
132.625
129.4375
124.25
118.1875
111.5
104.5
97.375
91.5625
88.5
87.4375
86.8125
85.75
84.5
83.375
82.0625
80.5
79.0
77.5625
76.3125
75.25
74.1875
73.1875
72.3125
71.6875
71.4375
71.3125
71.1875
71.9375
75.625
82.9375
91.375
97.875
101.0
100.6875
97.125
91.25
84.25
77.8125
74.0625
72.8125
72.625
72.625
72.5625
72.375
71.875
71.0625
70.1875
69.375
68.5
67.625
66.75
66.0625
65.4375
64.8125
64.3125
63.8125
63.3125
62.8125
62.375
62.25
62.5
64.3125
71.0
85.25
101.875
115.0
122.75
125.5
124.3125
120.3125
114.875
108.5
101.5625
94.4375
88.125
84.5
83.625
83.4375
82.75
81.625
80.625
79.5
78.125
76.5625
75.0625
73.75
72.5
71.375
70.3125
69.3125
68.5625
67.75
67.0625
66.375
65.8125
65.4375
65.375
65.375
65.9375
69.5
77.4375
87.25
95.4375
100.375
101.5
99.375
94.6875
88.4375
81.625
75.6875
72.5
71.6875
71.4375
71.1875
71.0
70.6875
70.25
69.5625
68.6875
67.875
67.125
66.4375
66.1875
66.0
65.6875
66.875
71.5
79.4375
87.8125
93.4375
95.5625
94.5
90.375
84.125
77.3125
71.5625
68.8125
68.25
68.3125
68.4375
68.4375
68.25
67.875
67.3125
66.625
65.9375
65.3125
64.5625
63.8125
63.3125
62.75
62.125
61.625
61.25
60.8125
60.375
59.8125
59.1875
58.6875
58.1875
57.8125
57.625
57.3125
57.75
61.8125
74.75
94.0
109.875
118.75
122.1875
121.3125
117.6875
112.5625
106.5
99.875
92.875
86.5
82.8125
81.875
81.6875
81.4375
80.6875
79.8125
78.875
77.75
76.625
75.5
74.5625
73.8125
73.0625
72.375
71.75
71.1875
70.625
70.125
69.625
69.1875
68.8125
69.25
72.1875
77.9375
84.0625
88.0
89.0625
87.1875
82.625
76.75
71.5625
68.75
67.8125
67.5625
67.75
68.125
68.125
67.75
67.125
66.375
65.6875
64.875
64.125
63.5
63.0
62.6875
62.375
62.25
62.3125
63.125
66.5
74.5625
85.5625
95.375
102.0
105.0
104.4375
100.875
95.1875
88.4375
81.6875
77.0
75.25
74.9375
74.625
74.4375
74.375
74.0
73.25
72.3125
71.3125
70.4375
69.5
68.5625
67.8125
67.125
66.5625
66.0
65.4375
64.875
64.3125
63.8125
63.3125
62.8125
62.375
61.875
61.5
61.0625
60.625
60.1875
59.8125
59.625
59.75
60.875
66.1875
79.625
97.5625
112.5625
122.4375
127.4375
127.9375
125.0
120.0625
114.125
107.625
100.625
93.5625
88.3125
86.125
85.5
84.875
83.875
82.9375
81.9375
80.625
79.25
77.9375
76.8125
76.0625
75.4375
74.625
73.875
74.3125
77.375
82.4375
87.125
89.5
89.1875
86.0625
80.75
75.0625
71.25
69.375
68.5625
68.5625
68.875
68.9375
68.5625
67.9375
67.0625
66.3125
65.6875
65.125
64.5
63.9375
63.4375
62.9375
62.4375
62.0
61.5
61.0625
60.6875
60.3125
59.9375
59.375
58.8125
58.375
57.9375
57.5
57.0625
56.625
56.1875
55.6875
55.125
54.5625
54.0625
53.5625
53.1875
52.8125
52.5
52.25
52.1875
52.4375
54.875
64.5625
83.5
103.125
117.0625
125.5625
129.0
127.875
123.875
118.5625
112.625
106.375
99.75
93.125
87.9375
85.5
84.75
84.0625
82.875
81.5625
80.375
79.125
77.6875
76.25
74.8125
73.625
72.4375
71.375
70.4375
69.625
68.875
68.125
67.3125
66.5625
65.8125
65.125
64.5625
64.0625
63.5
63.0625
62.5
61.6875
61.0
61.6875
65.6875
72.8125
79.9375
84.8125
86.4375
84.875
80.8125
75.25
69.4375
65.375
63.8125
63.5625
63.4375
63.375
63.375
63.375
63.1875
62.6875
62.0625
61.4375
61.0
60.75
60.375
60.0
60.4375
63.375
69.5625
76.1875
80.875
82.6875
81.25
77.0
71.1875
65.625
62.25
61.125
60.875
61.0625
61.4375
61.625
61.625
61.4375
61.125
60.75
60.375
59.75
59.125
58.5
58.0
57.5625
57.3125
56.9375
56.5625
56.125
55.75
55.4375
55.1875
54.9375
54.8125
54.875
55.0
55.125
55.1875
55.25
55.1875
55.0
54.8125
54.4375
54.125
53.8125
53.5625
53.5
53.5625
54.875
61.5625
77.3125
96.625
111.75
121.375
126.1875
126.625
123.75
119.0625
113.4375
107.1875
100.5
93.8125
88.375
85.5625
84.6875
84.1875
83.25
82.125
81.0
79.75
78.375
76.8125
75.4375
74.25
73.1875
72.1875
71.25
70.4375
69.6875
68.9375
68.25
67.5
66.8125
66.0625
65.5
64.9375
64.3125
63.8125
63.3125
62.9375
62.8125
62.6875
62.875
64.8125
70.5
78.9375
87.0625
93.0625
95.9375
95.5
92.25
87.0
80.8125
75.0
71.25
70.0625
69.9375
69.6875
69.625
69.5625
69.25
68.5625
67.8125
67.0625
66.1875
65.3125
64.5625
63.875
63.3125
62.8125
62.3125
61.9375
61.5
61.0
60.5
60.125
59.8125
59.375
59.125
58.9375
59.0
59.4375
61.6875
68.3125
78.5625
88.375
95.9375
100.125
100.8125
98.5
94.0625
88.4375
82.125
76.4375
73.1875
72.3125
72.1875
71.9375
71.6875
71.5
70.9375
70.125
69.25
68.3125
67.375
66.5
65.625
64.875
64.25
63.75
63.3125
62.9375
62.5
62.0625
61.875
61.875
61.875
62.375
65.125
71.5
79.9375
87.6875
92.75
94.8125
93.8125
90.1875
84.875
78.75
73.25
70.1875
69.4375
69.1875
69.0
68.9375
68.75
68.25
67.375
66.3125
65.1875
64.125
63.0625
62.125
61.4375
60.9375
60.5
60.0
59.5
58.9375
58.4375
57.9375
57.5
57.1875
56.6875
56.1875
55.75
55.25
54.75
54.3125
53.9375
53.5625
53.125
52.8125
52.5
52.125
51.8125
51.625
51.375
51.125
51.1875
52.5
58.75
72.875
90.0625
103.25
111.0625
114.375
114.125
111.4375
107.125
101.875
95.875
89.25
82.625
77.8125
76.25
76.375
76.375
75.75
74.9375
74.125
73.125
71.8125
70.5625
69.375
68.25
67.4375
66.625
65.9375
65.3125
64.6875
64.0625
63.5
62.9375
62.4375
62.1875
61.625
60.8125
60.0625
60.0625
62.6875
67.6875
73.625
77.9375
79.1875
77.625
73.6875
68.5
63.5
60.5625
59.6875
59.4375
59.375
59.5625
59.875
59.9375
59.625
59.1875
58.6875
58.25
57.8125
57.4375
57.25
56.9375
56.75
57.75
61.9375
70.0625
78.75
84.625
87.4375
87.0
83.9375
79.4375
74.25
69.25
66.25
65.5625
65.75
65.9375
66.375
66.625
66.375
65.75
65.0
64.125
63.3125
62.5
61.875
61.3125
60.8125
60.375
60.0625
59.6875
59.3125
58.875
58.5
58.1875
57.875
57.5
57.25
57.1875
57.3125
58.5
63.5625
75.75
91.5
104.75
113.6875
118.25
118.9375
116.625
112.25
106.75
100.5
93.8125
87.4375
83.0
81.4375
81.25
80.875
80.1875
79.5
78.625
77.5
76.125
74.6875
73.5625
72.4375
71.375
70.375
69.5625
68.8125
68.1875
67.625
67.125
66.8125
66.5625
66.4375
66.4375
67.25
71.0625
78.25
86.3125
92.6875
96.3125
96.8125
94.4375
89.625
83.5
77.5625
73.375
71.75
71.3125
71.1875
71.1875
71.125
70.75
70.125
69.3125
68.5
67.6875
67.0
66.125
65.375
64.8125
64.25
63.75
63.25
62.8125
62.375
61.9375
61.5625
61.1875
60.8125
60.5
60.3125
60.625
62.25
68.125
80.25
94.3125
105.4375
112.6875
115.8125
115.25
112.0
107.0
101.0
94.4375
87.6875
82.375
79.9375
79.625
79.375
78.75
77.9375
77.125
76.0625
74.8125
73.5
72.25
71.0625
69.875
68.75
67.75
66.875
66.3125
66.0
65.75
65.5
65.75
68.125
73.9375
81.375
87.75
91.625
92.375
90.25
85.75
79.6875
73.5625
69.25
67.5625
67.25
67.25
67.375
67.1875
66.875
66.375
65.6875
64.9375
64.3125
63.625
62.875
62.125
61.5
61.0
60.5
60.0625
59.625
59.3125
59.0625
58.875
58.9375
60.75
67.6875
80.5
93.625
102.125
106.0
106.1875
103.375
98.75
93.0
86.5
80.0
75.3125
73.6875
73.6875
73.75
73.375
72.8125
72.25
71.5625
70.5625
69.5
68.5
67.625
66.875
66.1875
65.625
65.0625
64.4375
63.9375
63.375
62.875
62.375
61.8125
61.25
60.6875
60.1875
59.75
59.375
59.6875
63.625
73.25
85.8125
95.9375
101.4375
102.8125
101.1875
97.4375
92.3125
86.1875
79.625
74.375
72.25
72.1875
72.4375
72.5
72.375
72.125
71.8125
71.1875
70.375
69.5
68.6875
67.9375
67.25
66.5
65.8125
65.125
64.5
63.9375
63.4375
62.9375
62.4375
62.0
61.5625
61.1875
60.8125
60.5625
60.5
60.75
62.1875
67.6875
78.9375
91.75
102.0
108.375
110.6875
109.625
106.0625
100.875
94.625
88.0
82.0625
78.6875
77.8125
77.75
77.5625
77.1875
76.6875
76.0625
75.125
74.0
72.875
71.8125
70.75
69.875
69.0
68.3125
67.625
67.125
66.5625
65.9375
65.375
64.8125
64.3125
63.875
63.5
63.1875
62.9375
62.875
63.0625
64.625
70.0625
79.875
90.4375
98.375
103.0625
104.1875
102.1875
97.9375
92.1875
85.8125
79.9375
76.25
75.1875
75.0
74.6875
74.4375
74.25
73.75
72.9375
71.9375
71.0
70.0625
69.125
68.25
67.5
66.8125
66.25
65.75
65.25
64.75
64.25
63.75
63.3125
62.875
62.5
62.25
62.0625
62.0625
62.75
66.4375
74.875
86.125
96.0
102.4375
105.1875
104.4375
101.0
95.875
89.6875
83.3125
78.125
75.6875
75.3125
75.25
74.9375
74.625
74.25
73.625
72.75
71.75
70.8125
69.875
68.9375
68.0625
67.3125
66.75
66.25
65.75
65.25
64.75
64.3125
64.0
63.9375
63.875
63.9375
65.3125
70.375
79.0
88.3125
95.25
98.9375
99.1875
96.375
91.5625
85.5625
79.25
74.3125
72.0625
71.75
71.625
71.3125
71.1875
70.9375
70.3125
69.5
68.625
67.75
66.875
66.0625
65.4375
65.25
65.0625
64.9375
65.9375
70.0625
77.9375
86.8125
93.125
96.25
96.3125
93.375
88.1875
81.8125
75.5625
71.375
69.875
69.625
69.625
69.625
69.5
69.1875
68.6875
68.0625
67.4375
66.875
66.125
65.4375
64.8125
64.125
63.5625
62.9375
62.3125
61.625
61.1875
60.6875
60.1875
59.8125
59.25
58.8125
58.375
57.9375
57.625
57.25
57.75
61.5625
73.75
92.0625
107.25
115.6875
118.875
118.4375
115.5
111.125
105.625
99.3125
92.625
86.3125
82.375
81.4375
81.4375
81.0625
80.25
79.375
78.4375
77.4375
76.3125
75.125
74.25
73.625
73.125
72.625
72.1875
72.8125
75.375
79.375
83.125
84.625
82.9375
78.8125
73.6875
69.8125
68.0
67.4375
67.625
67.875
67.9375
67.75
67.25
66.375
65.8125
65.1875
64.75
64.1875
63.5
62.9375
62.5
62.1875
61.9375
61.8125
61.8125
61.8125
61.5
60.6875
60.25
62.625
70.6875
83.0625
94.375
100.875
102.75
101.0625
96.8125
91.125
84.5
78.375
74.5
73.4375
73.6875
73.9375
73.9375
73.8125
73.3125
72.5
71.625
70.5
69.5
68.8125
68.1875
67.375
66.6875
66.0625
65.4375
64.875
64.4375
64.0
63.625
63.125
62.6875
62.375
62.125
62.0
62.3125
63.5625
68.75
80.625
95.25
107.0625
114.1875
116.4375
115.0625
111.0625
105.625
99.4375
92.6875
86.25
82.125
80.9375
80.875
80.6875
80.1875
79.5
78.625
77.5625
76.3125
75.0625
73.9375
72.875
71.875
70.9375
70.125
69.5
69.0
68.5625
68.25
68.0625
67.8125
67.9375
69.75
74.875
82.75
90.5
95.625
97.5625
96.5
92.6875
87.0
80.5625
75.1875
72.375
71.625
71.5
71.6875
71.8125
71.625
71.0625
70.25
69.4375
68.6875
68.0
67.25
66.6875
66.5625
66.5625
66.75
68.3125
73.625
82.5625
91.75
98.6875
102.0625
102.25
99.375
94.25
87.75
81.0
76.125
74.0625
73.625
73.4375
73.3125
73.0
72.4375
71.625
70.75
69.8125
69.0
68.1875
67.25
66.375
65.6875
65.125
64.5625
64.0625
63.5
62.9375
62.4375
61.9375
61.625
61.25
61.125
61.5
64.6875
75.25
92.3125
108.125
117.5
121.75
121.6875
118.5
113.5625
107.75
101.3125
94.5
88.0625
84.125
82.875
82.625
82.0625
81.0625
80.0
78.9375
77.75
76.25
74.9375
73.75
72.6875
71.6875
70.875
70.0625
69.4375
68.8125
68.0625
67.5625
67.125
66.4375
65.5
65.0625
67.125
72.9375
80.125
85.8125
88.125
87.0
83.375
78.0625
72.0
67.25
65.375
65.0
64.875
65.0
65.375
65.375
65.0625
64.5
64.0
63.5625
62.9375
62.4375
61.875
61.4375
60.9375
60.4375
60.0
59.6875
59.4375
59.125
58.875
58.5625
58.25
58.375
60.125
66.625
79.6875
94.25
104.5625
109.75
110.5625
108.1875
103.6875
97.8125
91.125
84.4375
79.375
77.4375
77.3125
77.4375
77.3125
76.8125
76.1875
75.5625
74.625
73.5
72.375
71.4375
70.625
69.6875
68.9375
68.3125
67.875
67.625
67.5
67.25
67.125
68.125
72.5625
80.0625
87.3125
92.1875
93.9375
92.4375
88.125
82.1875
76.0625
71.8125
70.25
69.8125
69.75
70.0625
70.3125
70.125
69.5625
68.75
67.9375
67.125
66.3125
65.5
64.8125
64.3125
63.875
63.5625
63.25
63.0
62.9375
63.1875
64.875
70.75
81.9375
94.5
104.125
109.3125
110.625
108.5625
104.0
98.0
91.25
84.5
79.8125
78.125
78.0
77.8125
77.375
76.9375
76.375
75.4375
74.3125
73.25
72.25
71.3125
70.3125
69.3125
68.5625
68.0
67.375
66.8125
66.1875
65.5625
65.0625
64.5
64.0
63.625
63.3125
63.25
63.75
66.375
74.625
88.0
101.125
110.125
114.75
115.25
112.5625
107.75
101.9375
95.4375
88.625
83.125
80.5
79.875
79.5
78.75
78.0
77.3125
76.375
75.1875
74.0
72.875
71.75
70.5625
69.5
68.625
67.875
67.1875
66.5625
65.875
65.25
64.6875
64.1875
63.875
63.6875
63.3125
63.25
65.625
72.9375
83.875
93.125
98.625
100.375
98.625
94.4375
88.8125
82.375
76.25
72.4375
71.375
71.4375
71.25
70.875
70.625
70.25
69.5
68.625
67.6875
66.8125
66.0
65.25
64.6875
64.125
63.5625
63.125
62.6875
62.25
61.8125
61.4375
60.9375
60.6875
63.1875
70.375
80.4375
89.0
93.5
94.125
91.625
87.1875
81.4375
75.3125
70.375
68.1875
67.9375
68.0
68.125
68.0
67.875
67.5625
66.875
66.125
65.375
64.6875
63.9375
63.375
62.875
62.4375
62.0
61.5
61.0625
60.5625
60.0
59.5
59.125
58.875
58.6875
58.625
58.6875
59.1875
62.125
71.4375
86.125
99.625
107.9375
111.1875
110.5
107.125
102.125
96.0
89.25
82.75
78.5
77.1875
77.125
77.0625
76.8125
76.25
75.5625
74.625
73.5
72.25
71.0625
70.0625
69.1875
68.3125
67.5
66.8125
66.0625
65.5
65.0
64.4375
63.875
63.3125
62.75
62.1875
61.6875
61.25
60.8125
60.5
60.3125
60.3125
60.625
62.8125
69.875
81.8125
93.5625
101.875
106.1875
106.625
104.0625
99.4375
93.6875
87.25
81.0625
76.8125
75.375
75.375
75.125
74.75
74.375
73.75
72.875
71.9375
71.3125
70.875
70.1875
69.375
69.0
70.5
74.9375
81.3125
86.8125
89.6875
89.1875
85.375
79.375
73.3125
69.3125
67.625
67.25
67.625
68.125
68.1875
67.8125
67.0625
66.125
65.3125
64.6875
64.375
64.5
64.625
65.125
68.4375
76.25
85.8125
93.8125
98.0
98.875
96.6875
91.75
85.125
78.25
73.1875
71.125
70.9375
71.375
71.6875
71.5
70.875
70.0625
69.125
68.1875
67.5
66.8125
66.0
65.25
64.625
64.0
63.375
62.875
62.375
61.9375
61.5625
61.3125
61.1875
61.5
63.5
71.4375
87.4375
105.4375
118.0625
124.5
126.125
123.875
119.375
113.75
107.3125
100.4375
93.25
87.125
84.1875
83.75
83.6875
82.9375
81.625
80.25
78.9375
77.5625
76.125
74.75
73.5
72.375
71.1875
70.125
69.25
68.4375
67.6875
67.0
66.3125
65.625
64.9375
64.4375
63.9375
63.4375
63.0
62.6875
62.625
64.0625
70.4375
82.4375
94.4375
102.375
106.0
105.6875
102.5625
97.6875
91.625
85.0
78.8125
75.0
74.125
74.25
74.125
73.4375
72.8125
72.25
71.4375
70.3125
69.3125
68.375
67.5
66.6875
65.9375
65.375
64.75
64.1875
63.625
63.125
62.75
62.3125
61.8125
61.25
60.875
62.3125
68.3125
78.3125
88.125
94.0625
95.75
94.125
90.0625
84.5625
78.3125
72.5
69.0625
68.3125
68.4375
68.5625
68.4375
68.25
67.9375
67.4375
66.75
66.0
65.375
64.75
64.125
63.8125
63.4375
63.0625
63.125
65.125
71.25
79.875
87.0625
91.1875
91.6875
89.0
84.25
78.375
72.5625
68.875
67.875
67.8125
67.875
68.1875
68.3125
68.0625
67.5
66.75
66.0625
65.375
64.625
64.0
63.375
62.8125
62.3125
61.8125
61.375
61.0
60.625
60.3125
60.0
59.875
59.8125
60.375
63.75
74.375
91.5
107.0
116.75
121.75
122.4375
119.75
115.125
109.375
102.875
95.9375
89.25
84.625
83.125
83.0
82.625
81.75
80.875
79.875
78.625
77.125
75.75
74.5625
73.4375
72.375
71.375
70.5625
69.75
69.0
68.3125
67.625
66.875
66.1875
65.625
65.0625
64.625
64.375
64.25
64.25
65.125
69.5
78.875
90.375
99.5625
104.8125
106.4375
104.6875
100.5625
94.875
88.375
81.9375
77.3125
75.625
75.375
75.125
74.8125
74.5625
74.0
73.125
72.125
71.25
70.6875
70.25
69.6875
69.375
70.8125
76.0
83.8125
90.9375
95.4375
96.6875
94.625
89.4375
82.5
75.9375
71.9375
70.5
70.4375
70.6875
71.0
70.9375
70.4375
69.5625
68.5625
67.75
67.0
66.25
65.5
64.9375
64.375
63.875
63.375
62.875
62.5
62.1875
62.125
62.6875
64.75
71.9375
85.25
99.8125
110.5
116.0
117.4375
115.375
110.9375
105.0
98.1875
91.0
84.3125
80.4375
79.75
79.875
79.4375
78.4375
77.5
76.5625
75.4375
74.125
73.0
71.9375
71.0625
70.625
70.375
69.875
70.375
73.5625
80.625
89.125
95.0625
97.875
97.5625
94.0
88.0
80.9375
74.6875
71.25
70.3125
70.4375
70.6875
70.5625
70.125
69.5625
68.9375
68.125
67.375
66.6875
65.875
65.5
65.5
65.5
66.875
72.625
83.25
94.375
102.25
105.4375
104.8125
100.9375
94.9375
87.875
80.8125
75.8125
74.0
74.0
74.0625
73.5625
72.9375
72.375
71.625
70.75
69.9375
69.1875
68.4375
67.5625
66.8125
66.125
65.4375
64.8125
64.375
63.9375
63.5
63.125
63.0625
65.5
75.125
91.0625
104.8125
112.5625
114.875
113.3125
109.25
103.6875
97.1875
89.875
83.0625
79.0
78.125
78.25
78.125
77.5
76.625
75.8125
74.875
73.6875
72.6875
71.8125
71.0
70.5
70.375
70.25
70.5
72.375
77.75
86.0625
93.3125
97.5625
98.6875
96.3125
91.125
84.25
77.4375
73.125
71.8125
71.6875
72.0
72.125
72.0625
71.5625
70.75
69.8125
69.0625
68.625
68.5625
68.6875
70.375
76.5625
86.8125
96.8125
103.25
105.5
104.4375
100.3125
93.875
86.25
79.5
75.6875
74.6875
74.8125
75.0625
75.0625
74.6875
74.0
73.0
71.875
70.875
70.0
69.1875
68.375
67.5625
66.8125
66.1875
65.625
65.125
64.5625
64.0625
63.625
63.4375
63.5625
65.0
71.375
87.125
106.9375
122.0625
130.25
133.0
131.1875
126.5
120.625
114.125
107.1875
99.875
93.1875
89.0625
88.0
87.75
86.9375
85.75
84.5
83.1875
81.6875
80.0625
78.5625
77.25
76.0
74.875
73.75
72.8125
72.0625
71.25
70.5
69.6875
68.9375
68.3125
67.6875
67.3125
67.125
67.1875
68.1875
72.625
82.1875
93.6875
103.0625
108.75
110.3125
108.5
104.0
97.9375
90.9375
84.25
79.625
78.0
77.8125
77.5
77.0
76.5625
76.0
75.125
74.1875
73.1875
72.3125
71.25
70.375
70.0
69.875
69.375
68.375
67.375
67.4375
69.6875
73.75
78.0
80.0625
79.4375
76.4375
72.1875
67.9375
65.125
64.125
63.9375
63.8125
63.625
63.5
63.125
62.5625
61.875
61.375
60.9375
60.3125
59.625
59.0625
58.5
58.125
57.8125
57.5625
57.375
57.0625
56.625
56.25
55.875
55.625
55.5625
55.9375
59.1875
70.125
88.6875
105.875
116.0625
120.625
120.6875
117.3125
112.0
105.8125
99.0
91.8125
85.375
81.625
81.0
81.0625
80.5625
79.8125
78.875
77.75
76.5625
75.1875
73.8125
72.5625
71.4375
70.4375
69.6875
69.0625
68.4375
67.8125
67.1875
66.5625
66.0
65.4375
65.0
64.5625
64.0625
63.625
64.625
69.75
78.5625
87.0625
92.5625
94.25
92.5
88.25
82.5
76.0625
70.9375
68.625
68.25
68.0625
68.0
68.125
68.125
67.75
67.0625
66.25
65.5
64.75
64.0625
63.5
63.0
62.625
62.3125
62.0
61.8125
61.5
61.875
65.5
73.6875
82.75
89.5
92.375
91.4375
87.625
82.0
75.6875
70.625
68.1875
67.75
67.8125
67.875
67.9375
67.9375
67.625
66.9375
66.1875
65.4375
64.5625
63.75
63.0
62.5
62.0625
61.6875
61.3125
60.9375
60.5
60.0625
59.6875
59.3125
58.875
58.4375
58.0
57.625
57.1875
56.8125
56.5
56.25
56.25
56.625
58.875
67.625
85.0625
103.5
116.3125
123.8125
126.5
125.0
120.8125
115.25
108.9375
102.0625
94.8125
88.25
84.25
83.375
83.25
82.6875
81.875
81.0625
80.0625
78.6875
77.375
76.3125
75.5625
74.6875
73.6875
73.0
73.5625
76.0
79.625
82.625
83.375
81.375
77.1875
72.25
68.625
66.75
66.1875
66.375
66.5625
66.625
66.1875
65.5
64.6875
63.9375
63.4375
62.9375
62.375
61.875
61.375
60.9375
60.5625
60.0625
59.625
59.1875
58.875
58.5625
58.3125
58.0625
57.875
58.125
60.0625
67.1875
81.3125
97.0
108.125
114.375
116.25
114.4375
110.0625
104.125
97.4375
90.4375
84.1875
80.5625
79.5625
79.4375
78.9375
78.0625
77.25
76.375
75.25
74.0
72.8125
71.75
70.75
69.875
69.4375
69.25
68.875
68.5625
69.1875
72.25
78.5
85.4375
90.0
91.9375
90.875
86.875
81.0
74.6875
70.125
68.125
67.5625
67.5
67.5
67.375
66.9375
66.375
65.6875
64.9375
64.125
63.5
63.3125
63.5
64.375
68.6875
77.8125
88.125
96.1875
100.5
100.75
98.0
92.5
85.625
78.3125
72.8125
70.4375
70.125
70.3125
70.4375
70.0625
69.4375
68.6875
67.875
67.125
66.375
65.625
64.75
63.9375
63.25
62.625
62.0
61.5
61.0
60.5
60.0625
59.625
59.25
59.125
59.9375
65.5
80.375
98.9375
111.8125
118.375
119.6875
117.1875
112.3125
106.4375
99.75
92.5
85.4375
80.75
79.3125
79.1875
78.9375
78.1875
77.125
76.125
75.0625
73.75
72.4375
71.25
70.25
69.3125
68.5625
67.8125
67.1875
66.5
65.8125
65.125
64.5625
64.0625
63.4375
62.875
62.375
61.9375
62.6875
67.6875
77.25
87.625
94.8125
97.6875
96.9375
93.5
88.3125
82.0625
75.9375
71.875
70.625
70.5625
70.5
70.3125
70.1875
69.9375
69.3125
68.4375
67.4375
66.375
65.375
64.5
63.75
63.25
62.75
62.25
61.875
61.375
60.9375
60.5
60.125
59.75
59.5
59.375
59.6875
61.5625
68.4375
81.5625
95.625
105.5625
111.0625
112.5
110.4375
106.0
100.0625
93.375
86.4375
80.6875
78.0
77.5625
77.5
77.125
76.625
76.0
75.125
74.125
73.125
72.3125
71.75
71.0625
70.5
71.3125
75.0625
81.3125
87.25
90.8125
91.125
88.1875
82.5625
76.25
71.5625
69.1875
68.375
68.5625
68.9375
69.0
68.6875
67.9375
67.0625
66.1875
65.4375
64.8125
64.125
63.5625
63.0625
62.5625
62.125
61.625
61.125
60.6875
60.3125
59.9375
59.5625
59.125
58.6875
58.25
58.0
58.0625
59.0625
64.0
77.3125
96.1875
111.625
121.1875
125.8125
125.875
122.625
117.4375
111.3125
104.5625
97.5625
90.875
86.375
84.75
84.3125
83.6875
82.5625
81.4375
80.3125
79.0625
77.8125
76.75
76.0625
75.3125
74.375
73.75
74.8125
78.375
83.5
87.5625
89.0
87.3125
82.75
76.8125
72.0625
69.5625
68.5
68.3125
68.625
68.75
68.3125
67.6875
66.875
66.0625
65.375
64.8125
64.75
65.25
66.9375
72.6875
82.75
92.375
98.6875
101.1875
99.375
94.4375
87.25
79.625
73.75
71.125
70.5
70.375
70.375
70.1875
69.6875
68.875
67.875
66.9375
66.125
65.25
64.375
63.5625
62.9375
62.375
61.875
61.375
60.8125
60.25
59.75
59.1875
58.625
58.1875
57.9375
57.875
59.0625
65.6875
82.25
103.375
118.5
125.9375
128.0625
125.75
120.8125
114.75
108.1875
101.1875
94.125
88.0625
84.8125
83.8125
83.3125
82.5
81.125
79.75
78.5
77.125
75.625
74.125
72.9375
71.75
70.75
69.875
69.0625
68.375
67.625
66.875
66.0625
65.3125
64.8125
64.25
63.625
63.125
62.5625
62.125
62.75
67.5
77.5625
88.3125
95.8125
99.0625
98.25
94.75
89.4375
83.0
76.375
71.625
69.8125
69.625
69.6875
69.4375
69.0625
68.8125
68.375
67.625
66.6875
65.875
65.1875
64.4375
63.75
63.125
62.5625
62.0
61.4375
61.0625
60.6875
60.125
59.5625
59.0
58.5
58.125
57.9375
57.9375
58.0625
58.3125
59.25
63.0
73.3125
88.625
101.9375
109.75
112.625
111.6875
107.875
102.375
95.8125
88.6875
82.0625
77.9375
77.0
77.125
77.1875
76.75
76.125
75.375
74.375
73.0625
71.8125
70.75
69.8125
68.8125
67.9375
67.1875
66.5
66.0
65.375
64.75
64.0625
63.5
62.9375
62.4375
62.0625
61.6875
61.375
61.125
61.125
61.9375
65.4375
73.6875
84.5625
93.75
99.5625
101.8125
100.625
96.8125
91.1875
84.625
78.3125
74.125
72.75
72.625
72.4375
72.3125
72.1875
71.6875
70.9375
70.0625
69.1875
68.1875
67.125
66.1875
65.4375
64.875
64.4375
64.3125
64.1875
64.0625
64.1875
66.125
71.4375
79.0
85.75
90.0625
91.4375
89.5625
85.125
79.1875
73.3125
69.625
68.25
67.8125
67.6875
67.9375
68.0
67.6875
67.125
66.375
65.625
64.8125
64.0625
63.3125
62.75
62.3125
61.8125
61.375
60.9375
60.5
60.0625
59.6875
59.3125
58.875
58.5625
58.3125
58.4375
59.5625
64.375
76.1875
91.8125
104.75
112.875
116.5625
116.1875
112.875
107.8125
101.5625
94.8125
87.75
81.9375
79.25
78.8125
78.8125
78.125
77.375
76.625
75.625
74.4375
73.0625
71.8125
70.625
69.625
68.6875
67.75
67.0
66.3125
65.6875
65.0625
64.375
63.8125
63.25
62.8125
62.5
62.4375
62.5
63.75
68.5
77.4375
87.1875
94.625
98.4375
98.75
96.0625
91.375
85.375
78.8125
73.25
70.5
69.875
69.6875
69.25
68.8125
68.4375
67.875
67.125
66.1875
65.25
64.1875
63.1875
62.375
61.6875
61.125
60.625
60.125
59.5625
59.0625
58.5625
58.125
57.625
57.0625
56.5
55.8125
55.3125
54.8125
54.375
54.125
53.875
53.625
53.5625
54.375
59.5625
72.5
88.8125
101.25
107.875
109.6875
108.1875
104.4375
99.375
93.4375
86.875
80.1875
75.4375
73.8125
73.6875
73.5625
73.0625
72.25
71.4375
70.625
69.4375
68.25
67.25
66.375
65.625
64.875
64.1875
63.625
63.0
62.3125
61.6875
61.0625
60.5625
60.0
59.3125
58.75
58.1875
57.625
57.125
56.5625
56.125
56.8125
60.6875
69.1875
79.125
86.125
89.0625
88.5
85.125
80.1875
74.3125
68.625
64.9375
63.8125
63.75
63.875
63.9375
64.0
64.0
63.6875
63.125
62.5
61.875
61.375
60.9375
60.5625
60.3125
60.0
59.625
59.125
58.625
58.125
57.625
57.1875
56.8125
56.5
56.1875
56.0625
56.1875
57.5
62.625
72.75
84.25
93.5
99.0
100.5625
98.8125
94.8125
89.375
83.125
76.9375
72.5
70.9375
70.6875
70.5
70.3125
70.0
69.625
68.875
67.875
66.8125
65.875
65.0
64.1875
63.4375
62.875
62.3125
61.75
61.3125
60.8125
60.3125
59.8125
59.4375
59.0
58.6875
58.4375
58.25
58.375
59.375
63.75
73.1875
84.4375
93.3125
99.0625
101.125
99.8125
96.125
90.875
84.6875
78.375
73.6875
71.75
71.375
71.125
70.875
70.6875
70.25
69.5
68.625
67.6875
66.6875
65.8125
64.875
64.0625
63.375
62.875
62.375
61.875
61.3125
60.8125
60.3125
59.8125
59.4375
59.0
58.6875
58.5625
58.625
59.25
62.3125
70.5625
82.375
92.9375
100.25
103.75
103.625
100.75
96.0625
90.3125
84.0
78.0
74.25
73.25
73.0625
72.6875
72.1875
71.75
71.1875
70.25
69.1875
68.1875
67.1875
66.25
65.375
64.625
63.9375
63.375
62.875
62.375
61.875
61.3125
60.875
60.625
60.625
60.625
61.1875
64.125
71.5
81.6875
90.9375
97.0
99.625
98.9375
95.625
90.625
84.5
78.25
73.3125
71.25
70.875
70.5625
70.25
69.9375
69.5
68.6875
67.75
66.6875
65.75
64.625
63.4375
62.375
61.5625
61.0
60.5625
60.3125
60.25
60.1875
60.875
64.25
71.9375
81.5625
89.625
94.75
96.1875
94.375
90.1875
84.4375
77.9375
72.125
68.8125
68.0
67.8125
67.4375
67.0625
66.75
66.25
65.5
64.6875
63.8125
63.0625
62.25
61.5
60.75
60.25
59.8125
59.5625
59.375
59.375
60.625
65.875
76.125
87.5
95.5625
99.125
99.125
96.125
91.3125
85.3125
78.8125
72.9375
69.6875
69.0625
69.0625
68.8125
68.1875
67.625
67.1875
66.4375
65.5625
64.625
63.875
63.125
62.4375
61.875
61.375
60.875
60.5625
60.3125
60.8125
64.5625
73.625
85.3125
93.8125
98.0
98.3125
95.4375
90.6875
84.8125
78.3125
72.375
68.9375
68.1875
68.25
68.0625
67.6875
67.5
67.125
66.4375
65.5625
64.75
64.25
63.8125
63.5625
63.25
64.0
68.4375
77.875
88.8125
96.4375
100.0625
100.0625
97.0
92.25
86.1875
79.75
74.6875
72.5625
72.25
72.25
72.3125
72.25
71.625
70.5625
69.4375
68.375
67.8125
67.375
66.5
65.375
64.375
63.5
62.5
61.625
60.875
60.3125
59.875
59.4375
59.125
58.75
58.375
57.875
57.4375
56.875
56.3125
55.875
55.5625
55.3125
55.125
54.9375
54.625
54.1875
53.8125
53.4375
53.1875
53.0625
52.875
52.8125
52.625
52.375
52.0625
51.8125
51.5
51.1875
50.9375
50.6875
50.5
50.3125
50.125
49.875
49.6875
49.5625
49.4375
49.5
50.1875
55.125
73.375
101.875
123.625
136.0
142.3125
143.0625
139.75
134.9375
129.8125
124.6875
119.4375
113.6875
106.875
99.375
92.875
89.25
87.6875
86.4375
85.0
83.6875
82.4375
80.875
79.1875
77.4375
75.875
74.4375
73.25
72.625
72.375
71.8125
71.125
70.75
71.4375
74.5
78.9375
82.6875
84.5
83.625
80.25
75.125
70.1875
67.25
65.875
65.3125
65.1875
65.0625
64.8125
64.375
63.75
63.1875
62.6875
62.25
61.6875
61.0625
60.625
60.8125
61.4375
63.8125
71.1875
82.6875
93.625
101.3125
105.125
105.25
102.5625
97.5625
91.1875
84.25
78.125
74.5625
73.5
73.25
72.875
72.375
71.75
71.0
70.0
69.0
68.125
67.3125
66.4375
65.5625
64.8125
64.125
63.5
62.8125
62.375
61.875
61.3125
60.75
60.1875
59.75
59.25
58.8125
58.5
58.375
59.0625
63.0
74.75
92.75
108.875
118.6875
123.5
124.375
122.125
118.0625
112.8125
106.9375
100.3125
93.0625
86.3125
82.3125
81.125
80.8125
79.875
78.625
77.5625
76.4375
75.0625
73.8125
72.5
71.3125
70.1875
69.0
68.0
67.1875
66.4375
65.75
65.125
64.5
63.8125
63.125
62.5
61.875
61.1875
60.625
60.125
59.6875
59.4375
59.1875
59.9375
64.4375
74.375
86.25
95.0625
99.8125
101.0
99.125
95.125
89.8125
83.625
77.1875
72.5
70.6875
70.375
70.1875
69.75
69.1875
68.6875
68.1875
67.4375
66.5
65.625
64.8125
64.125
63.625
63.3125
62.9375
62.5
62.125
62.6875
65.9375
72.6875
79.9375
84.6875
86.4375
84.9375
80.8125
75.25
69.4375
65.5
64.0
63.5625
63.1875
63.1875
63.375
63.3125
63.1875
62.8125
62.5
62.4375
62.25
62.25
64.0
69.625
77.875
84.375
88.0
88.0
84.5
78.8125
72.375
67.3125
64.875
64.3125
64.5
64.875
65.3125
65.5
65.375
65.0
64.625
64.3125
63.9375
63.5
63.0
62.4375
61.8125
61.1875
60.625
60.125
59.6875
59.3125
59.0625
58.8125
58.9375
60.3125
66.5625
81.125
98.5625
111.6875
119.8125
123.4375
123.125
119.9375
114.875
108.8125
101.9375
94.6875
88.0625
83.8125
82.375
81.9375
81.25
80.3125
79.375
78.3125
77.0
75.6875
74.625
73.6875
72.6875
71.3125
70.0625
69.0625
68.0625
67.0625
66.0625
65.25
64.5
63.875
63.3125
62.75
62.125
61.5625
60.9375
60.3125
59.75
59.375
58.9375
58.5625
58.25
57.875
57.5625
57.1875
56.75
56.375
56.0625
55.8125
55.75
56.375
60.0
71.6875
90.8125
107.8125
118.6875
124.375
125.875
123.875
119.1875
112.9375
106.0625
98.6875
91.375
85.875
83.375
82.75
82.125
81.125
80.125
79.0625
77.8125
76.375
75.0625
73.875
72.8125
71.875
71.25
71.0625
70.75
70.75
72.8125
78.25
86.0
92.875
96.75
97.625
95.3125
90.25
83.5625
76.9375
72.5625
70.75
70.1875
70.25
70.25
70.0
69.5
68.75
67.9375
67.125
66.3125
65.5
64.75
64.0625
63.4375
62.875
62.375
61.8125
61.375
61.25
61.75
64.25
72.4375
87.6875
103.3125
114.5
120.8125
122.5
120.5
115.875
109.8125
102.9375
95.5625
88.25
83.0
80.9375
80.625
80.1875
79.1875
78.1875
77.3125
76.0625
74.75
73.4375
72.25
71.0625
69.9375
68.9375
68.0
67.25
66.6875
66.1875
65.875
66.125
68.75
75.125
83.625
90.9375
95.3125
96.5
94.375
89.625
83.25
76.4375
71.375
68.9375
68.1875
68.0625
67.9375
67.6875
67.3125
66.6875
66.0
65.1875
64.4375
63.625
62.875
62.125
61.375
60.8125
60.3125
60.0
59.875
60.1875
62.125
69.1875
81.8125
94.625
103.5625
107.5625
107.4375
104.25
98.875
92.3125
85.125
78.3125
73.875
72.4375
72.4375
72.1875
71.5625
71.0625
70.5
69.6875
68.6875
67.625
66.625
65.625
64.625
63.9375
63.3125
62.6875
62.0625
61.5
60.9375
60.4375
59.875
59.3125
58.75
58.1875
57.6875
57.25
56.875
57.0625
60.25
70.75
87.6875
102.125
110.625
114.125
113.5625
110.1875
105.125
98.9375
92.0
84.5625
78.0
74.625
74.25
74.3125
74.0625
73.5625
73.0
72.3125
71.25
70.0625
69.0
68.0
67.125
66.25
65.5625
64.9375
64.375
63.8125
63.3125
62.9375
62.6875
62.5
62.25
62.0
61.8125
61.5625
61.3125
61.4375
63.25
69.4375
79.8125
90.375
98.0
101.5625
101.5625
98.5
93.4375
87.0625
80.3125
74.875
72.3125
71.5625
71.375
71.3125
71.125
70.875
70.375
69.5
68.375
67.3125
66.3125
65.375
64.5
63.6875
63.125
62.5625
62.0625
61.5
60.9375
60.5
60.0625
59.6875
59.25
58.875
58.375
57.9375
57.5
57.125
56.8125
56.75
57.0625
58.6875
64.75
76.9375
90.625
101.4375
108.3125
111.0625
110.25
106.625
101.3125
94.9375
87.875
81.4375
77.4375
76.1875
75.8125
75.375
74.875
74.5
73.75
72.75
71.625
70.4375
69.375
68.4375
67.5
66.625
65.875
65.25
64.6875
64.0625
63.4375
62.9375
62.5625
62.375
62.1875
62.1875
62.875
66.3125
73.0
81.0
87.5625
91.375
92.0
89.625
84.9375
79.0
73.125
69.125
67.625
67.125
66.9375
67.0625
67.0625
66.75
66.125
65.4375
64.625
63.8125
62.9375
62.1875
61.5625
61.0625
60.6875
60.25
59.8125
59.375
58.9375
58.5625
58.25
58.0625
58.125
58.6875
61.0625
68.125
79.4375
90.625
98.875
103.25
103.9375
101.5
96.9375
91.0
84.4375
78.1875
74.25
72.875
72.5625
72.25
71.75
71.375
70.875
70.0
69.0
68.0
67.0
66.0625
65.125
64.3125
63.625
63.0625
62.5625
62.0625
61.5625
61.0
60.5
60.0
59.5625
59.0625
58.5
58.0
57.5
57.25
57.25
57.75
60.5
68.375
80.5
92.25
100.5
104.8125
105.5
103.25
99.0
93.375
86.9375
80.3125
75.125
72.75
72.3125
72.0
71.3125
70.8125
70.1875
69.4375
68.375
67.375
66.375
65.3125
64.3125
63.3125
62.5625
61.9375
61.375
60.8125
60.1875
59.625
59.0625
58.5625
58.1875
57.75
57.375
57.0625
56.6875
56.9375
60.0625
68.25
79.0625
87.875
93.125
94.4375
92.75
88.8125
83.4375
77.25
71.3125
67.3125
66.125
66.0625
65.875
65.5625
65.3125
65.0
64.5
63.5625
62.625
61.75
60.9375
60.1875
59.625
59.125
58.625
58.125
57.625
57.125
56.6875
56.25
55.875
55.4375
55.0
54.625
54.4375
56.3125
63.25
74.375
84.8125
91.4375
93.875
92.875
89.5
84.625
78.8125
72.5625
67.75
65.75
65.375
65.4375
65.3125
65.125
64.875
64.4375
63.6875
62.8125
62.0625
61.3125
60.75
60.1875
59.6875
59.1875
58.6875
58.1875
57.75
57.375
56.9375
56.5625
56.0625
55.625
55.3125
55.0625
54.875
54.9375
55.0
55.1875
55.5625
57.3125
63.625
76.0
89.625
99.75
105.0
106.125
104.1875
100.25
94.8125
88.625
82.0
76.5
73.75
73.125
73.0
72.875
72.5625
72.0
71.3125
70.3125
69.0625
67.9375
66.9375
66.0625
65.25
64.5
63.75
63.125
62.5
61.875
61.25
60.6875
60.1875
59.8125
59.625
59.625
59.625
59.875
62.0
68.1875
77.75
86.75
93.0625
96.0625
95.8125
92.75
87.875
81.875
75.75
71.25
69.375
69.0
68.8125
68.6875
68.75
68.5
67.8125
66.9375
66.0
65.1875
64.3125
63.5
62.75
62.1875
61.6875
61.1875
60.75
60.3125
59.8125
59.4375
59.25
59.3125
59.75
61.75
68.0625
78.25
88.4375
96.0625
100.1875
100.625
98.125
93.6875
88.0
81.5
75.6875
72.375
71.5
71.4375
71.1875
70.9375
70.625
70.125
69.25
68.1875
67.25
66.375
65.5
64.75
63.9375
63.3125
62.8125
62.3125
61.8125
61.375
61.125
61.0625
61.375
62.875
68.0625
77.375
87.4375
95.375
99.8125
100.75
98.8125
94.5625
88.875
82.5
76.6875
73.125
72.0
71.6875
71.3125
71.0625
70.8125
70.25
69.375
68.4375
67.625
66.8125
65.9375
65.0625
64.375
63.9375
63.75
63.75
64.375
67.3125
74.5
84.0
92.375
98.25
100.5625
99.75
96.125
90.5
83.875
77.375
73.0
71.625
71.375
71.3125
71.1875
70.875
70.3125
69.5
68.5
67.5
66.6875
65.875
65.0
64.1875
63.5
62.8125
62.125
61.4375
60.6875
60.0
59.5
59.0
58.6875
58.5625
59.0
61.875
71.625
87.6875
102.9375
113.25
118.5
119.5625
117.4375
113.125
107.625
101.3125
94.375
87.4375
81.8125
79.4375
79.1875
78.9375
78.0625
77.0
75.9375
74.875
73.6875
72.375
71.1875
70.125
69.0625
68.1875
67.375
66.625
65.875
65.125
64.375
63.8125
63.25
62.9375
62.8125
62.6875
64.375
70.6875
80.4375
89.625
95.375
97.0
95.375
91.25
85.6875
79.375
73.5
69.875
68.8125
68.6875
68.4375
68.0625
67.8125
67.5
66.8125
66.0
65.1875
64.375
63.625
63.1875
63.1875
63.0
63.4375
66.625
74.1875
84.0
91.8125
95.9375
96.75
94.1875
89.25
82.9375
76.1875
70.9375
68.875
68.5
68.375
68.3125
68.25
68.0
67.5625
66.9375
66.25
65.625
65.0625
64.3125
63.625
63.125
62.625
62.4375
62.5625
63.5
67.625
77.5625
90.625
101.1875
106.8125
108.375
106.4375
101.9375
95.8125
88.8125
81.875
77.125
75.4375
75.25
75.1875
74.8125
74.5625
74.0
73.0625
72.0
71.0625
70.375
70.125
70.125
70.9375
75.5
84.9375
95.375
103.125
107.3125
107.8125
104.75
98.875
91.3125
83.5
77.8125
75.5
75.0625
75.3125
75.5
75.3125
74.75
73.8125
72.625
71.4375
70.4375
69.5
68.625
67.8125
67.0625
66.3125
65.6875
65.125
64.625
64.1875
63.9375
63.875
64.875
70.0
83.25
100.9375
115.125
123.875
127.6875
127.25
123.6875
118.4375
112.1875
105.3125
98.125
91.3125
87.125
85.875
85.5625
84.8125
83.8125
82.875
81.8125
80.3125
78.875
77.75
76.875
76.0
74.75
73.375
72.0625
70.875
69.6875
68.625
67.75
67.0
66.3125
65.8125
65.3125
64.75
64.0625
63.4375
62.8125
62.25
61.75
61.3125
60.9375
60.5
60.25
59.875
59.4375
59.0
58.5625
58.0625
57.6875
57.375
57.1875
57.0625
56.875
56.625
56.25
55.8125
55.5
55.375
56.125
61.875
79.1875
104.5
124.1875
135.375
141.25
141.6875
138.0625
132.6875
126.6875
120.4375
114.0
107.0
100.0
94.8125
92.3125
91.25
90.125
88.5625
87.0625
85.5625
83.9375
82.1875
80.5
78.9375
77.4375
76.0625
74.8125
73.6875
72.6875
71.75
70.875
70.0625
69.3125
68.75
68.375
68.1875
68.1875
69.5
74.6875
83.0625
91.0
96.4375
98.4375
96.8125
92.375
85.9375
79.0
73.5625
71.0
70.5
70.3125
70.0625
69.9375
69.6875
69.125
68.3125
67.5625
66.75
65.9375
65.1875
64.4375
63.75
63.125
62.5625
62.0
61.4375
61.0625
60.8125
60.6875
60.4375
60.875
64.5625
74.5625
88.5
100.0625
106.3125
108.1875
106.5625
102.375
96.6875
90.0625
83.0625
77.0625
74.0625
73.75
74.0
73.9375
73.4375
72.875
72.25
71.375
70.25
69.1875
68.25
67.4375
66.8125
66.4375
66.25
65.8125
65.3125
65.375
67.3125
73.0
81.1875
87.5
90.6875
90.5
87.125
81.6875
75.3125
69.8125
67.0625
66.5
66.25
66.3125
66.625
66.75
66.5
66.0625
65.4375
64.875
64.3125
63.625
63.0
62.5
62.0625
61.75
61.5
61.3125
61.0625
60.9375
60.625
60.3125
59.875
59.4375
59.0
58.5625
58.125
57.9375
58.0625
59.25
65.625
81.125
100.5
115.1875
124.125
128.0625
127.4375
123.6875
118.3125
112.125
105.5
98.3125
91.3125
86.5625
84.9375
84.6875
84.1875
83.375
82.4375
81.3125
79.9375
78.4375
76.9375
75.6875
74.625
73.75
73.25
72.75
72.1875
72.0625
73.375
77.5
83.5
89.0
92.125
92.25
89.375
84.0625
77.75
72.6875
70.125
69.3125
69.375
69.6875
69.8125
69.5625
69.0625
68.1875
67.3125
66.625
65.8125
65.0625
64.4375
63.9375
63.5625
63.375
63.4375
64.125
67.4375
75.6875
87.0
97.0625
103.8125
106.4375
105.5625
101.875
96.0
89.0
81.875
76.5625
74.5625
74.5625
74.625
74.5
74.375
73.875
72.9375
71.8125
70.8125
69.9375
69.0
68.125
67.375
66.6875
66.1875
65.9375
66.0625
66.75
70.125
78.0625
88.4375
97.3125
103.0625
105.0625
103.6875
99.5625
93.4375
86.375
79.6875
75.5625
74.375
74.3125
74.25
74.125
73.875
73.1875
72.25
71.25
70.25
69.375
68.4375
67.5625
66.8125
66.125
65.625
65.125
64.75
64.625
65.0625
67.25
74.25
86.5625
99.0
107.9375
113.0625
114.0
111.4375
106.4375
99.9375
92.75
85.625
80.5625
78.6875
78.5
78.3125
77.625
77.0625
76.3125
75.3125
74.0625
72.875
71.75
70.625
69.4375
68.25
67.3125
66.4375
65.6875
65.0
64.3125
63.75
63.125
62.5
62.0
61.75
61.875
63.0
68.3125
80.25
94.6875
106.1875
113.3125
116.0625
114.625
110.4375
104.625
97.75
90.5625
83.75
79.3125
78.0625
78.125
77.8125
77.0
76.125
75.3125
74.3125
73.125
71.9375
70.75
69.5625
68.5
67.625
66.9375
66.3125
65.75
65.125
64.3125
63.625
63.125
62.6875
62.375
62.125
62.0625
63.625
69.75
80.25
90.875
97.625
100.25
99.1875
95.375
89.875
83.375
76.75
72.0
70.25
70.125
70.0625
69.8125
69.5625
69.25
68.6875
67.8125
66.8125
65.8125
64.8125
64.0
63.3125
62.8125
62.3125
61.875
61.375
60.875
60.375
59.8125
59.25
58.6875
58.1875
57.75
57.375
57.125
57.375
60.75
70.75
84.6875
96.375
102.9375
104.6875
102.9375
99.0625
93.6875
87.375
80.6875
75.1875
72.6875
72.375
72.5625
72.75
72.625
72.25
71.8125
71.0
69.875
68.8125
67.875
67.0
66.25
65.5625
64.9375
64.375
63.875
63.25
62.6875
62.0625
61.5625
61.125
60.75
60.4375
60.25
60.25
60.4375
62.0
67.5
77.625
88.6875
97.0
101.4375
102.125
99.6875
94.9375
88.9375
82.3125
76.5
73.25
72.375
72.25
72.125
72.0625
71.8125
71.3125
70.5
69.5
68.5
67.5625
66.625
65.75
65.0
64.4375
63.9375
63.4375
62.875
62.375
61.875
61.375
61.0625
60.9375
60.9375
61.0625
62.125
66.625
75.5625
86.0
94.625
99.625
101.0
99.125
94.8125
89.0
82.5
76.5625
73.3125
72.4375
72.25
72.125
72.0625
71.875
71.3125
70.4375
69.5
68.625
67.6875
66.75
65.875
65.125
64.5625
64.0625
63.5625
63.0625
62.5625
62.125
61.625
61.25
61.0
61.0
61.125
61.9375
65.8125
74.5625
85.6875
95.25
101.3125
103.625
102.5
98.875
93.5
87.0625
80.5625
75.75
73.875
73.6875
73.5
73.25
73.0625
72.625
71.875
71.0
70.25
69.6875
69.0
68.5
68.875
72.0625
78.4375
85.375
90.25
92.0625
90.4375
85.75
79.1875
73.125
69.5
68.1875
68.0625
68.5
68.9375
68.875
68.25
67.375
66.3125
65.4375
64.75
64.1875
63.5625
63.0
62.5
61.9375
61.4375
61.0
60.5625
60.25
60.0
60.0625
60.75
63.6875
72.6875
87.375
101.3125
111.0625
115.8125
116.5
113.875
108.9375
102.8125
95.875
88.6875
82.375
79.125
78.5625
78.4375
77.75
76.8125
75.9375
75.0
73.6875
72.375
71.1875
70.125
69.0625
68.0625
67.0625
66.25
65.5
64.875
64.1875
63.5625
63.0625
62.625
62.5625
62.4375
62.625
65.0625
72.625
83.8125
94.0625
100.5
102.5
101.125
97.125
91.4375
84.875
78.25
73.3125
71.4375
71.375
71.375
70.9375
70.375
69.9375
69.25
68.375
67.3125
66.375
65.5
64.6875
64.0625
63.8125
63.6875
63.3125
63.3125
65.5625
71.875
81.125
89.375
93.9375
94.875
92.625
87.8125
81.5625
75.0625
70.0625
68.0625
67.8125
67.75
67.5625
67.4375
67.25
66.75
65.9375
65.125
64.375
63.75
63.0625
62.4375
61.8125
61.3125
60.875
60.5
60.3125
60.3125
62.0
68.625
81.0625
93.375
100.8125
103.75
102.6875
98.875
93.4375
87.0625
80.25
74.625
72.0625
71.6875
71.8125
71.8125
71.4375
71.0625
70.4375
69.5625
68.625
67.75
67.0625
66.375
65.875
65.375
65.0
64.6875
64.375
64.0
63.625
63.25
63.0625
63.125
64.1875
68.9375
79.75
93.0625
103.4375
109.25
111.0625
109.3125
105.0
99.25
92.5625
85.5625
80.125
77.6875
77.3125
77.3125
77.0
76.5
75.8125
74.8125
73.625
72.625
71.75
70.8125
69.6875
68.3125
67.1875
66.25
65.375
64.5625
63.875
63.3125
62.9375
62.5
61.875
61.375
60.875
60.4375
60.0
59.4375
58.9375
58.5625
58.1875
57.9375
57.5625
57.25
56.875
56.4375
56.125
55.875
55.5625
55.3125
55.0625
54.875
54.8125
54.75
54.8125
56.25
63.8125
82.9375
106.0625
121.875
130.75
134.6875
134.1875
130.25
124.625
118.375
111.8125
104.8125
97.6875
91.5
88.1875
87.4375
87.125
86.0625
84.75
83.5
82.0625
80.4375
78.8125
77.375
76.125
75.0625
73.9375
72.9375
71.9375
71.125
70.25
69.4375
68.75
68.0
67.3125
66.8125
66.5625
66.5625
66.625
67.75
72.5625
81.9375
92.75
101.25
105.6875
106.3125
103.5625
98.4375
92.0625
85.125
79.1875
75.9375
75.1875
75.125
74.8125
74.25
73.75
73.0
72.0
70.9375
70.0
69.0
68.0
67.0625
66.3125
65.625
65.0
64.4375
63.9375
63.4375
62.875
62.375
61.9375
61.625
61.625
61.8125
63.125
68.4375
79.5625
92.5
103.0625
109.375
111.5
110.125
106.0625
100.4375
93.9375
87.0625
81.1875
78.125
77.4375
77.3125
76.8125
76.0625
75.25
74.1875
72.8125
71.5
70.25
69.1875
68.125
67.1875
66.375
65.5625
64.875
64.25
63.625
63.125
62.75
62.5625
62.625
62.875
64.875
70.9375
80.0
88.3125
93.9375
95.8125
94.3125
90.125
84.25
77.75
72.0625
69.125
68.5
68.4375
68.25
68.0
67.875
67.4375
66.75
66.0
65.1875
64.4375
64.125
63.9375
63.6875
64.4375
68.1875
75.5625
84.125
90.25
92.875
92.1875
88.3125
82.125
75.25
69.625
66.9375
66.5
66.6875
66.875
66.875
66.5625
66.0625
65.4375
64.75
64.0625
63.4375
62.75
62.0625
61.4375
60.8125
60.3125
59.875
59.5
59.125
58.875
58.5
58.1875
58.5
62.3125
73.8125
90.4375
103.0625
109.6875
111.625
109.8125
105.75
100.1875
93.8125
86.8125
80.25
76.1875
75.25
75.375
75.3125
74.875
74.0625
73.1875
72.25
71.0625
69.875
68.9375
68.125
67.375
66.6875
66.0
65.375
64.6875
64.0625
63.5
63.0
62.5
62.25
62.0
61.875
61.875
62.0625
63.8125
70.4375
82.0625
93.8125
102.0
105.4375
105.0625
101.75
96.375
89.875
82.9375
77.1875
74.375
73.875
73.9375
74.0
73.75
73.3125
72.6875
71.75
70.75
69.8125
68.875
68.0625
67.375
66.875
66.5625
66.5
68.0625
72.5625
78.8125
84.0
86.625
86.5625
84.25
80.25
75.25
70.5
67.75
67.0
67.0
67.0
66.875
66.75
66.4375
65.875
65.0
64.0
63.0625
62.3125
61.625
61.125
60.75
60.5
60.3125
60.0625
59.625
59.1875
58.6875
58.3125
57.875
57.5
57.1875
56.9375
56.5625
56.25
55.875
55.5
55.125
54.8125
54.625
54.5
54.4375
54.6875
56.625
65.25
84.1875
105.5
120.8125
129.875
133.875
133.3125
129.6875
124.625
118.8125
112.625
106.125
99.1875
92.8125
88.8125
87.5
86.8125
85.625
84.4375
83.375
82.0625
80.4375
78.8125
77.3125
76.0
74.8125
73.625
72.5625
71.625
70.8125
70.0
69.1875
68.5
67.8125
67.1875
66.75
66.4375
66.1875
65.9375
66.25
68.9375
74.8125
82.25
88.5
91.875
92.1875
89.4375
84.5
78.4375
72.75
69.4375
68.375
68.125
68.0625
68.25
68.25
67.8125
67.125
66.3125
65.4375
64.5625
63.75
63.0
62.4375
62.0625
61.5625
61.125
60.625
60.125
59.6875
59.25
58.875
58.625
58.375
58.375
58.75
61.0
67.9375
79.375
91.0625
99.6875
104.3125
105.0625
102.625
98.0
92.1875
85.6875
79.1875
74.5
72.8125
72.75
72.625
72.125
71.625
71.0
70.125
69.1875
68.1875
67.25
66.25
65.1875
64.3125
63.6875
63.3125
63.125
63.0
62.6875
62.4375
63.625
68.0
75.25
82.4375
87.0
88.3125
86.5625
82.1875
76.3125
70.3125
66.1875
64.625
64.4375
64.4375
64.5
64.5625
64.3125
63.8125
63.125
62.375
61.75
61.1875
60.5625
60.0
59.4375
58.875
58.4375
58.0
57.625
57.25
56.8125
56.3125
55.875
55.5
55.1875
55.0
55.6875
60.4375
72.875
88.5625
100.5
106.875
108.625
107.0625
103.25
98.1875
92.1875
85.375
78.6875
74.25
73.125
73.4375
73.4375
73.125
72.5
71.8125
71.0
70.0625
69.0
68.1875
67.6875
67.3125
66.8125
66.6875
68.3125
72.875
78.625
83.1875
84.6875
82.8125
78.125
72.0625
66.875
64.1875
63.5
63.625
64.0625
64.5
64.75
64.75
64.5625
64.1875
64.0
63.9375
63.8125
63.625
63.1875
62.5625
61.8125
61.1875
62.1875
66.4375
73.75
81.5625
86.375
87.5625
85.375
80.625
74.5
68.9375
65.875
65.25
65.5
65.75
65.875
65.75
65.4375
65.0
64.25
63.4375
62.8125
62.25
61.625
61.0
60.4375
60.0
59.6875
59.3125
58.9375
58.625
58.1875
57.8125
57.5
57.0625
56.6875
56.4375
56.1875
55.875
55.5625
55.3125
55.1875
55.4375
57.3125
65.5
83.625
104.625
120.0
128.9375
132.5
131.75
128.125
123.125
117.375
111.1875
104.5
97.4375
91.1875
87.6875
86.625
86.0
85.125
83.875
82.625
81.3125
79.75
78.1875
76.6875
75.375
74.25
73.1875
72.1875
71.25
70.4375
69.6875
68.9375
68.4375
68.1875
68.0
67.75
67.9375
70.1875
75.5625
82.25
87.625
90.25
90.125
87.125
81.875
75.8125
70.8125
68.25
67.5625
67.5
67.625
67.75
67.5625
67.0625
66.3125
65.5625
64.875
64.125
63.75
63.875
64.25
65.875
70.875
79.25
87.9375
94.1875
97.0625
96.875
93.875
88.5625
81.9375
75.5625
71.5
70.0625
70.0
70.3125
70.375
70.0625
69.5625
68.8125
67.8125
66.9375
66.125
65.3125
64.5625
63.875
63.3125
62.75
62.125
61.5
60.9375
60.4375
59.875
59.25
58.5625
57.9375
57.25
56.875
56.8125
57.75
62.6875
76.0
94.25
109.125
118.375
122.625
122.875
119.875
115.0625
109.25
102.6875
95.75
89.0
84.125
82.25
81.75
81.25
80.125
78.8125
77.5625
76.4375
75.0625
73.75
72.5
71.375
70.25
69.25
68.4375
67.6875
66.9375
66.25
65.5
64.75
64.0
63.4375
62.9375
62.5
62.125
61.75
61.25
61.75
65.8125
74.6875
85.0
92.3125
95.9375
95.875
92.875
88.0625
82.0625
75.8125
70.8125
68.6875
68.4375
68.4375
68.125
67.8125
67.5625
67.0625
66.3125
65.375
64.4375
63.625
62.875
62.25
61.625
61.125
60.625
60.125
59.6875
59.1875
58.6875
58.25
57.75
57.25
56.875
56.5625
56.3125
57.5
63.625
75.25
87.1875
95.3125
98.8125
98.4375
95.5
90.875
85.125
78.6875
72.75
69.4375
68.75
68.9375
69.0625
69.0
68.6875
68.25
67.5625
66.6875
65.8125
65.125
64.5
64.0625
63.75
63.5
63.25
62.9375
62.625
62.3125
61.875
61.5
61.125
60.6875
60.125
59.5
58.9375
58.3125
57.875
57.5625
57.1875
56.8125
56.4375
56.125
55.75
55.4375
55.125
54.875
54.625
54.3125
54.0625
53.875
53.625
53.375
53.3125
53.4375
54.375
58.9375
71.0
87.8125
102.4375
112.625
118.125
119.6875
118.125
114.3125
109.1875
103.3125
96.8125
89.875
83.8125
80.75
80.3125
80.25
79.6875
78.875
78.0
76.9375
75.625
74.25
73.0
71.9375
70.875
69.875
69.0625
68.3125
67.625
67.0625
66.4375
65.8125
65.3125
65.0625
64.875
64.625
64.3125
65.0625
68.5625
74.375
80.3125
84.5
86.125
84.875
81.0
75.5625
70.1875
66.75
65.5
65.1875
65.1875
65.4375
65.5625
65.3125
64.75
64.125
63.4375
62.6875
62.3125
62.3125
62.375
63.125
66.5
73.625
82.0625
88.75
92.8125
93.8125
91.875
87.625
81.8125
75.5625
70.9375
68.9375
68.5625
68.75
68.875
68.75
68.4375
67.75
66.8125
65.875
65.0625
64.4375
63.8125
63.375
63.4375
63.6875
64.625
68.625
77.375
87.75
96.375
101.875
103.625
102.3125
98.375
92.5625
85.875
79.25
74.75
73.25
73.125
73.0
72.75
72.125
71.25
70.0625
68.75
67.5625
66.6875
65.9375
65.3125
64.8125
64.625
66.5625
73.1875
82.9375
91.0625
94.5625
93.625
89.3125
83.5625
77.625
72.3125
68.5
66.8125
66.625
66.875
67.125
67.0
66.3125
65.125
64.0
63.1875
62.4375
61.6875
61.0
60.3125
59.8125
59.4375
59.0
58.5625
58.1875
57.6875
57.0625
56.5
56.0
55.6875
55.4375
55.1875
54.875
54.625
54.4375
55.25
60.875
76.375
97.125
112.6875
120.8125
124.0
123.0625
119.375
114.3125
108.625
102.375
95.6875
88.875
83.6875
81.5
80.9375
80.375
79.4375
78.25
77.0
75.75
74.375
72.9375
71.6875
70.625
69.625
68.75
68.0
67.25
66.4375
65.6875
64.9375
64.1875
63.5
62.875
62.25
61.5
60.8125
60.125
59.4375
58.875
58.4375
57.9375
57.5
57.0625
57.3125
61.0625
70.9375
84.0
94.1875
99.3125
100.375
98.5
94.75
89.625
83.625
77.1875
72.25
70.25
70.125
70.25
70.1875
69.875
69.5
69.0625
68.375
67.625
66.875
66.1875
65.625
65.1875
64.75
64.125
63.5
62.8125
62.25
61.75
61.375
61.1875
61.125
61.4375
63.5
69.375
78.25
86.4375
91.875
94.375
93.5
89.9375
84.5625
78.3125
72.6875
69.5
68.625
68.5
68.4375
68.5625
68.5625
68.125
67.3125
66.375
65.5
64.75
63.9375
63.1875
62.625
62.125
61.6875
61.375
60.9375
60.5625
60.1875
59.8125
59.5
59.4375
59.625
60.9375
65.875
76.1875
88.4375
98.25
104.5625
107.0
106.125
102.6875
97.5625
91.4375
84.9375
79.375
76.5
75.875
75.625
75.125
74.75
74.3125
73.5
72.375
71.1875
70.125
69.1875
68.3125
67.5
66.75
66.0625
65.4375
64.875
64.3125
63.8125
63.25
62.6875
62.25
61.8125
61.25
60.6875
60.125
59.625
59.1875
58.75
58.4375
58.125
57.9375
57.8125
58.3125
60.9375
69.125
83.0
96.875
107.125
113.0625
115.125
113.875
110.3125
105.375
99.375
92.75
86.125
80.9375
78.9375
78.75
78.375
77.6875
77.125
76.375
75.25
73.9375
72.75
71.5625
70.5625
69.5625
68.625
67.8125
67.0625
66.4375
65.875
65.25
64.625
64.0625
63.5
62.9375
62.4375
61.9375
61.4375
60.9375
60.5
60.0625
59.5625
59.25
59.25
59.375
60.375
64.4375
73.1875
84.0
93.1875
99.25
101.75
101.0625
98.0
93.1875
87.3125
81.0
75.8125
73.0625
72.25
71.6875
71.0625
70.5
69.9375
69.25
68.4375
67.6875
67.125
66.5
65.6875
64.9375
65.25
68.0
73.5
79.3125
82.75
83.1875
80.625
75.5
69.6875
65.3125
63.1875
62.375
62.375
62.875
63.0625
62.8125
62.375
61.75
61.0
60.5
60.1875
60.0
59.8125
59.4375
58.75
57.875
57.0
56.9375
59.125
64.4375
71.625
77.3125
79.75
78.875
75.3125
69.875
64.375
60.625
59.375
59.25
59.4375
59.625
59.75
59.75
59.625
59.375
58.8125
58.0625
57.375
56.75
56.1875
55.875
55.625
55.25
54.875
54.375
53.875
53.625
53.25
53.0
53.0625
54.9375
63.1875
79.25
95.0
104.5625
108.3125
108.0625
105.3125
100.9375
95.3125
88.9375
81.9375
75.75
72.8125
72.6875
73.0625
73.375
73.25
72.125
70.6875
69.375
68.0625
67.125
66.5
65.75
65.0625
64.5625
64.0
63.3125
62.75
62.125
61.6875
61.4375
61.0625
60.75
62.3125
68.25
77.875
86.75
92.4375
94.5625
93.5
89.875
84.5625
78.5625
72.9375
69.8125
69.9375
69.6875
69.3125
68.8125
68.0
67.6875
67.375
67.0625
66.3125
65.1875
64.3125
64.125
63.8125
62.8125
64.0
72.0
80.375
88.125
93.0625
96.875
100.75
100.5
97.625
92.6875
85.5
78.6875
74.0
71.625
70.75
71.0625
72.0625
72.5625
72.375
71.5
70.125
68.625
67.5
66.5625
65.8125
65.3125
64.8125
64.5
64.0
63.5
62.9375
62.3125
62.0625
62.25
64.0625
70.8125
84.6875
100.1875
111.625
118.6875
121.25
120.125
116.375
111.125
105.1875
98.5625
91.5
85.5625
82.4375
81.9375
81.625
80.8125
80.0625
79.3125
78.1875
76.75
75.375
74.1875
73.125
72.0
70.9375
70.125
69.3125
68.5625
67.9375
67.1875
66.5
65.9375
65.4375
65.1875
65.25
65.875
69.0
77.125
88.1875
98.125
104.6875
107.5625
107.25
104.0
98.9375
92.6875
86.0
80.0
76.8125
76.0625
75.875
75.5625
75.1875
74.5625
73.8125
72.6875
71.625
70.5625
69.5
68.625
67.75
67.0
66.25
65.625
65.125
64.625
64.0625
63.4375
62.75
62.25
61.6875
61.1875
60.75
60.5
60.4375
60.625
62.25
68.625
81.5
96.3125
108.125
115.125
117.8125
116.875
113.4375
108.5
102.6875
96.0
88.9375
83.375
80.9375
80.625
80.25
79.25
78.1875
77.0625
75.6875
74.3125
73.0625
71.875
70.6875
69.5
68.5625
67.75
66.9375
66.125
65.375
64.75
64.0625
63.4375
62.8125
62.25
61.6875
61.125
60.5
59.875
59.3125
58.75
58.3125
57.8125
57.5
57.5
57.75
60.375
68.25
81.0
93.0
100.875
104.375
104.25
101.625
97.3125
91.875
85.5625
79.0625
74.125
72.3125
72.375
72.4375
72.125
71.5
70.8125
70.0
69.0
68.0
67.0
66.0625
65.25
64.5
64.0
63.375
62.875
62.125
61.5
61.1875
60.9375
60.5625
60.0625
59.375
59.4375
63.0625
70.875
77.25
82.0
85.25
85.125
82.375
77.875
71.9375
66.375
63.3125
62.625
62.625
62.8125
63.25
63.375
63.1875
62.75
61.9375
61.1875
60.625
60.3125
60.125
59.9375
60.6875
63.9375
71.125
79.3125
85.1875
88.0
87.1875
83.375
77.8125
71.5625
66.375
64.125
63.6875
63.8125
64.125
64.375
64.4375
64.25
63.875
63.375
62.9375
62.5625
62.1875
61.75
61.375
61.125
60.875
60.8125
60.75
60.625
60.4375
60.1875
60.25
61.875
68.375
81.4375
95.625
106.0
111.9375
113.6875
112.125
108.25
102.9375
96.625
89.75
83.5625
79.8125
78.625
78.5
78.25
77.8125
77.0625
76.125
74.9375
73.5625
72.3125
71.25
70.25
69.25
68.3125
67.5
66.8125
66.25
65.625
65.0
64.25
63.75
63.4375
63.0
62.5
62.125
62.0
62.0625
63.5
69.1875
80.75
94.0
104.0
110.125
112.4375
111.25
107.4375
102.375
96.5625
90.3125
84.125
79.75
78.1875
77.875
77.6875
77.4375
76.625
75.6875
74.375
72.8125
71.75
71.4375
70.8125
69.4375
68.25
67.3125
66.5625
66.0
65.5625
65.0625
64.375
63.9375
63.4375
63.0625
62.9375
63.0
63.3125
65.625
72.5625
83.4375
93.8125
100.9375
104.375
104.4375
101.3125
95.9375
89.8125
83.6875
78.375
76.5625
76.875
79.6875
79.4375
72.0625
69.75
70.4375
71.75
73.4375
73.4375
71.375
68.5625
65.125
63.125
63.5625
64.25
63.4375
63.3125
65.8125
65.1875
62.8125
61.5
60.3125
60.375
59.875
59.5
63.25
68.5
77.6875
89.875
99.5
105.0625
107.25
106.5625
103.1875
97.75
91.125
84.125
78.4375
76.0625
76.125
76.1875
75.4375
74.375
73.5
72.6875
71.875
70.8125
69.75
68.75
67.6875
66.8125
65.9375
65.125
64.5
63.9375
63.25
62.4375
61.625
60.9375
60.375
59.875
59.3125
58.75
58.1875
57.5625
57.0
56.5625
56.3125
56.1875
56.1875
57.0
61.625
72.6875
87.0
98.875
106.3125
109.375
109.0
106.0
101.4375
95.875
89.625
82.9375
77.1875
74.5
74.4375
74.5625
74.125
73.4375
72.6875
71.6875
70.4375
69.4375
68.5625
67.75
66.6875
65.625
64.5625
63.5625
62.75
61.75
60.9375
60.25
59.5
59.0
58.375
57.8125
57.25
56.6875
56.1875
55.6875
55.25
54.9375
54.625
54.4375
54.4375
54.3125
53.9375
53.5
53.0625
52.5625
52.3125
52.0625
51.9375
51.6875
51.375
50.9375
50.4375
50.0
49.6875
49.4375
49.1875
49.125
49.0
49.5
54.0
68.8125
90.75
107.6875
117.0
120.9375
120.8125
117.875
113.4375
108.0625
101.875
95.125
88.0
82.0625
79.4375
79.25
79.1875
78.6875
77.8125
76.5625
75.25
74.0625
72.8125
71.75
70.875
70.1875
69.625
69.0625
68.5625
68.0625
67.5625
67.0625
66.4375
65.75
65.0
64.3125
63.625
63.0
62.375
61.6875
61.1875
60.75
60.5
60.4375
60.5625
61.5625
66.125
75.8125
87.625
97.5
103.625
105.8125
104.75
101.25
96.125
90.0625
83.625
78.0
75.0
74.4375
74.5
74.1875
73.5625
72.9375
72.1875
71.1875
70.1875
69.25
68.375
67.5
66.6875
65.9375
65.3125
64.75
64.25
63.75
63.1875
62.6875
62.25
61.875
61.625
61.5625
61.625
62.5
66.5
74.875
84.8125
93.0
98.0625
99.625
98.0625
94.1875
88.8125
82.75
77.0625
73.5625
72.5625
72.375
72.0
71.75
71.5
70.875
70.0
69.0625
68.3125
67.5
66.5625
65.75
65.0
64.375
63.875
63.375
62.9375
62.5
62.0625
61.5625
61.1875
60.875
60.8125
61.0
62.0
66.3125
75.5
86.625
95.8125
101.6875
104.0
103.125
99.875
94.9375
89.0625
82.8125
77.625
75.25
74.8125
74.625
74.1875
73.6875
73.1875
72.4375
71.4375
70.4375
69.5
68.5625
67.75
66.9375
66.1875
65.625
65.125
64.625
64.0625
63.5
63.0
62.4375
61.9375
61.5
61.125
60.6875
60.375
60.125
60.125
60.625
63.25
70.875
83.0625
95.0625
103.75
108.5
109.5
107.625
103.625
98.375
92.3125
85.9375
80.5
77.75
77.125
76.6875
75.8125
74.8125
73.875
72.75
71.4375
70.1875
69.1875
68.3125
67.375
66.4375
65.4375
64.5625
63.875
63.25
62.6875
62.1875
61.6875
61.4375
61.25
61.0
60.8125
62.0
66.875
75.4375
84.375
90.8125
93.625
93.125
89.9375
84.9375
79.0
73.25
69.25
67.875
67.6875
67.5
67.125
66.875
66.5625
65.875
65.125
64.25
63.4375
62.6875
61.9375
61.25
60.75
60.5625
60.4375
60.125
60.0
61.5
66.9375
76.0
85.0625
91.0
92.9375
91.6875
87.875
82.5625
76.5
70.875
67.5625
66.75
66.8125
66.6875
66.375
66.1875
65.75
65.125
64.1875
63.375
62.8125
62.375
61.9375
61.5625
61.1875
60.875
61.0625
63.9375
71.4375
81.875
90.5
95.0
95.9375
93.625
89.1875
83.5
77.25
71.625
68.5625
68.0625
68.125
67.9375
67.75
67.5625
67.0625
66.4375
65.8125
65.125
64.75
64.625
64.125
64.6875
68.8125
77.625
87.875
94.875
97.875
97.125
93.125
87.1875
80.5
74.375
70.875
70.25
70.625
71.0625
71.3125
71.3125
70.8125
69.9375
68.9375
67.9375
67.0
66.25
65.5
64.75
64.0625
63.4375
62.9375
62.4375
62.0625
61.625
61.1875
60.9375
61.0625
62.4375
68.6875
83.3125
101.375
115.125
122.9375
126.3125
126.0
122.75
117.875
112.125
105.625
98.625
91.6875
86.6875
84.6875
84.375
83.75
82.75
81.8125
80.75
79.375
77.8125
76.375
75.1875
74.125
73.125
72.0625
71.125
70.1875
69.375
68.5625
67.875
67.1875
66.5625
66.0625
65.9375
66.125
67.5
72.625
82.4375
93.375
102.0
107.0
108.4375
106.75
102.625
97.0
90.5625
84.0
79.125
77.125
76.75
76.4375
76.0
75.625
75.0
74.0
72.9375
71.9375
70.9375
70.0
69.0
68.125
67.375
66.75
66.125
65.625
65.125
64.9375
64.9375
65.5625
68.75
76.6875
87.4375
96.9375
103.5
106.4375
105.875
102.625
97.375
91.0625
84.375
79.0
76.4375
75.9375
75.75
75.25
74.8125
74.25
73.3125
72.125
71.0625
70.125
69.25
68.3125
67.4375
66.75
66.1875
65.9375
65.9375
66.4375
69.375
76.4375
85.5
93.1875
98.125
99.8125
98.375
94.4375
88.6875
82.125
76.375
73.3125
72.5
72.4375
72.5
72.375
72.0625
71.375
70.4375
69.5
68.625
67.875
67.125
66.4375
65.8125
65.25
64.6875
64.1875
63.6875
63.25
62.8125
62.5
62.3125
62.5625
64.3125
70.9375
84.8125
100.5
112.5
119.5625
121.9375
120.6875
116.875
111.625
105.5
98.75
91.8125
86.3125
83.6875
82.75
82.0
80.875
79.6875
78.6875
77.4375
76.25
75.3125
74.6875
73.8125
72.6875
72.0
73.125
77.125
82.6875
87.0625
88.125
86.0625
81.125
74.8125
69.875
67.4375
66.4375
66.375
66.75
66.9375
66.625
65.9375
65.125
64.25
63.5625
62.9375
62.1875
61.5
61.0
60.5625
60.125
59.6875
59.25
58.8125
58.375
57.875
57.4375
57.0625
56.5625
56.3125
56.5
58.5625
67.125
84.1875
101.9375
113.3125
118.25
118.8125
116.125
111.4375
105.75
99.375
92.5
86.0
81.75
80.4375
80.0625
79.5625
78.6875
77.5625
76.5
75.375
74.1875
73.0625
72.0625
71.4375
71.0
70.375
69.9375
70.4375
73.4375
78.1875
82.25
84.0625
82.6875
78.375
72.4375
67.4375
64.9375
64.125
64.0625
64.375
64.625
64.5625
64.25
63.875
63.3125
62.8125
62.375
61.75
61.0625
60.375
59.875
59.4375
59.0
58.625
58.25
57.75
57.25
56.8125
56.4375
56.0625
55.75
55.5
55.375
55.4375
55.6875
56.0625
56.625
58.75
67.125
85.4375
105.75
119.4375
126.5
128.8125
127.25
123.25
117.875
111.6875
104.875
97.625
91.0
87.125
85.9375
85.625
85.0625
84.1875
83.0
81.625
80.125
78.5
76.9375
75.5
74.4375
73.5
72.625
71.875
71.4375
71.0
70.5
70.0625
70.0625
72.0
76.375
81.6875
85.75
87.375
86.125
82.125
76.625
71.5
68.5
67.4375
67.3125
67.5
67.6875
67.5625
67.0625
66.3125
65.625
65.0625
64.375
63.625
63.0625
62.5625
62.125
61.6875
61.375
60.9375
60.5625
60.1875
59.9375
60.0625
60.8125
64.3125
73.9375
88.1875
100.9375
109.625
113.9375
114.5
111.9375
107.375
101.5
94.875
87.9375
82.375
79.9375
79.6875
79.5625
79.0625
78.3125
77.5625
76.5625
75.3125
74.0625
73.0
72.0
71.0
70.0625
69.25
68.625
68.0625
67.5625
67.0
66.3125
65.625
65.0
64.4375
63.9375
63.6875
63.5625
63.875
65.5625
71.3125
81.9375
93.375
102.1875
107.375
108.8125
107.25
103.1875
97.75
91.3125
84.8125
79.9375
77.875
77.5
77.1875
76.625
76.1875
75.5625
74.625
73.5625
72.6875
72.0
71.5
70.875
70.75
72.625
77.9375
85.3125
91.3125
94.5
94.5
91.3125
85.625
79.0
73.75
71.375
70.625
70.625
71.0625
71.1875
70.75
70.0
68.875
67.9375
67.1875
66.4375
65.9375
65.3125
64.75
64.1875
63.6875
63.25
62.75
62.25
61.8125
61.4375
61.0
60.5625
60.0625
59.8125
60.0
61.5
68.0
82.375
99.625
113.0625
120.75
123.875
123.0
119.3125
113.9375
107.625
100.75
93.625
87.3125
83.625
82.5625
82.25
81.4375
80.25
79.1875
78.0
76.625
75.1875
73.875
72.625
71.5625
70.5
69.6875
69.3125
69.125
68.6875
68.1875
68.8125
72.1875
78.1875
84.5
88.75
89.8125
87.875
83.3125
77.1875
71.25
67.625
66.4375
66.3125
66.4375
66.375
66.125
65.6875
65.0
64.25
63.5625
62.875
62.125
61.5
60.9375
60.375
59.875
59.375
58.9375
58.5
58.0625
57.5625
57.125
56.5625
56.0
55.5625
55.125
54.875
54.6875
55.6875
61.3125
75.875
94.75
108.1875
115.125
117.25
115.75
112.0
106.9375
101.0
94.375
87.3125
81.25
78.4375
78.1875
78.1875
77.6875
76.8125
75.75
74.6875
73.5
72.1875
70.9375
69.9375
69.125
68.375
67.75
67.125
66.4375
65.75
65.0
64.3125
63.625
63.0625
62.4375
61.75
61.0625
60.4375
59.875
59.3125
58.875
58.5
59.625
64.5625
74.3125
84.75
91.625
94.1875
93.25
90.0
85.25
79.6875
74.0625
69.875
68.5
68.75
69.1875
69.25
69.125
68.9375
68.4375
67.5
66.5625
65.625
64.75
64.0
63.3125
62.8125
62.3125
61.75
61.3125
60.875
60.4375
60.125
59.9375
59.875
60.0625
61.1875
65.25
73.6875
83.5625
91.625
96.6875
98.25
96.5625
92.4375
86.8125
80.5
74.8125
71.625
70.875
70.75
70.6875
70.75
70.5625
70.0625
69.1875
68.3125
67.5
66.6875
65.875
65.125
64.4375
63.875
63.375
62.875
62.375
61.875
61.4375
61.0625
60.75
60.625
60.625
61.125
63.875
71.3125
82.375
92.625
99.8125
103.3125
103.375
100.625
95.9375
90.0625
83.625
78.0625
75.0625
74.3125
74.1875
73.875
73.625
73.3125
72.625
71.8125
71.0625
70.5
69.875
69.3125
69.1875
71.3125
76.5625
82.9375
87.75
89.75
88.4375
84.3125
78.3125
72.5625
69.1875
67.8125
67.625
68.125
68.5
68.3125
67.75
66.875
65.875
65.125
64.4375
63.8125
63.1875
62.5625
62.0625
61.625
61.25
60.8125
60.3125
59.875
59.5
59.0625
58.6875
58.25
57.8125
57.3125
56.875
56.5
56.125
55.75
55.4375
55.125
54.8125
54.5625
54.1875
53.9375
53.6875
53.4375
53.1875
52.9375
52.625
52.4375
52.1875
52.0
51.75
51.5625
51.5
51.6875
53.125
60.5
79.1875
102.1875
119.3125
129.875
135.125
135.6875
132.9375
128.625
123.5625
118.1875
112.375
105.875
98.8125
92.375
88.4375
86.5625
85.25
83.625
82.0
80.6875
79.25
77.625
75.9375
74.5
73.375
72.6875
72.125
71.25
70.3125
69.5625
69.4375
71.1875
74.9375
78.25
79.6875
78.5625
75.0625
70.1875
65.9375
63.625
62.4375
61.9375
61.8125
61.6875
61.5
61.125
60.6875
60.1875
59.8125
59.6875
59.625
59.4375
59.75
62.625
68.8125
76.25
82.0625
84.1875
83.0
78.875
72.75
66.4375
62.25
60.6875
60.625
60.9375
61.125
61.0625
60.6875
60.3125
59.8125
59.3125
58.8125
58.1875
57.5625
57.0
56.4375
55.9375
55.5
55.125
54.75
54.375
54.0
53.5625
53.0625
52.5625
52.125
51.6875
51.3125
50.875
50.625
50.375
50.125
49.8125
49.75
51.8125
61.375
81.125
101.0625
112.6875
117.6875
118.4375
116.3125
112.5
107.625
101.9375
95.5
88.5
82.1875
78.75
78.0625
77.875
77.3125
76.3125
75.1875
74.0625
72.875
71.625
70.4375
69.5
68.6875
67.9375
67.25
66.6875
66.125
65.5625
65.0625
64.6875
64.375
64.125
64.0
63.9375
63.75
63.3125
63.5625
66.375
72.9375
80.875
87.4375
91.0625
91.1875
88.5
83.6875
77.75
72.1875
68.8125
67.875
67.6875
67.5625
67.3125
67.1875
66.9375
66.3125
65.5
64.625
63.875
63.0625
62.3125
61.625
61.0625
60.5625
60.125
59.75
59.3125
58.875
58.5625
58.3125
58.25
58.5
59.8125
64.75
75.1875
87.3125
97.0
103.125
105.5625
104.75
101.5
96.625
90.625
84.125
78.25
74.9375
74.25
74.1875
73.75
73.3125
72.9375
72.1875
71.25
70.1875
69.1875
68.3125
67.375
66.5625
65.875
65.5
65.375
65.3125
65.75
68.375
74.5
82.3125
88.875
93.0625
94.375
92.8125
88.875
83.25
77.1875
72.4375
70.25
69.625
69.625
69.625
69.5
69.1875
68.5625
67.75
66.9375
66.1875
65.375
64.625
63.9375
63.4375
62.9375
62.5
62.0625
61.5
61.0
60.5
60.125
59.75
59.375
58.9375
58.4375
57.875
57.4375
57.0625
56.8125
56.5625
56.25
56.0
56.0
56.75
60.6875
72.75
91.5
108.1875
119.375
125.5
127.5
126.0625
122.4375
117.625
112.0
105.875
99.1875
92.625
87.75
85.5
84.5
83.5
82.3125
81.125
80.0
78.75
77.5
76.4375
75.5625
74.5625
73.4375
72.375
71.875
72.5
74.0
74.75
73.8125
71.125
67.75
65.125
63.9375
63.4375
63.1875
63.0625
62.875
62.4375
61.8125
61.1875
60.6875
60.25
59.8125
59.375
58.875
58.4375
57.9375
57.5625
57.1875
56.8125
56.375
56.0
55.625
55.125
54.5
53.875
53.375
53.375
55.0
61.6875
75.9375
92.0625
104.0625
111.3125
114.1875
113.5625
110.25
105.1875
99.125
92.375
85.5625
80.3125
77.875
77.3125
77.0
76.1875
75.0
73.9375
72.9375
71.8125
70.5625
69.5
68.5625
67.5625
66.625
65.6875
65.0
64.3125
63.625
63.0
62.3125
61.625
61.0625
60.5625
60.0625
59.5625
59.125
58.8125
58.625
60.1875
66.375
77.5625
88.8125
96.0625
99.25
99.0
96.0625
91.4375
85.6875
79.375
73.5
70.1875
69.4375
69.4375
69.25
68.625
68.125
67.6875
67.0
66.125
65.125
64.25
63.4375
62.6875
62.1875
61.5625
61.0625
60.5
59.9375
59.4375
59.0
58.5
57.9375
57.375
56.875
56.3125
55.9375
55.75
57.3125
63.75
75.25
86.875
94.4375
97.4375
96.9375
94.125
89.6875
84.25
78.0
71.875
68.125
67.375
67.6875
67.9375
67.9375
67.625
67.25
66.8125
66.25
65.6875
65.3125
65.125
65.0625
65.5
67.9375
73.5625
81.0
87.125
90.375
90.3125
87.1875
81.6875
75.3125
70.3125
67.8125
66.9375
66.9375
67.375
67.625
67.4375
66.875
66.0
65.125
64.3125
63.625
63.0
62.4375
61.8125
61.3125
60.875
60.4375
59.9375
59.4375
59.0625
58.6875
58.3125
57.9375
57.4375
57.0
56.5625
56.25
55.9375
55.625
55.4375
55.5625
56.5625
61.375
74.75
93.8125
109.8125
120.125
125.5625
127.0
125.125
121.3125
116.25
110.375
103.8125
96.9375
90.625
86.5
84.8125
84.0
83.0625
81.875
80.8125
79.625
78.1875
76.6875
75.3125
74.0625
72.9375
71.875
70.875
69.9375
69.0625
68.25
67.5625
66.9375
66.25
65.625
65.125
64.8125
64.8125
64.9375
66.1875
70.625
78.25
86.1875
92.375
95.4375
95.6875
93.1875
88.5625
82.6875
76.625
72.375
70.5
70.0
69.75
69.6875
69.5625
69.125
68.375
67.5625
66.8125
65.9375
65.0
64.125
63.375
62.875
62.375
62.0
61.6875
61.3125
61.0625
61.25
63.6875
70.375
79.6875
87.3125
91.3125
91.5625
88.375
83.3125
77.8125
72.6875
68.8125
67.0625
66.875
67.125
67.25
67.0
66.5
65.6875
64.8125
64.0625
63.25
62.375
61.6875
61.125
60.625
60.125
59.625
59.25
58.8125
58.3125
57.8125
57.3125
56.875
56.5
56.1875
55.875
55.5625
55.625
56.5625
61.0625
72.125
86.25
97.625
105.0625
108.75
109.1875
107.0625
102.9375
97.4375
91.0
84.125
78.0625
74.75
74.0625
74.0625
73.5
72.8125
72.0
71.0625
70.125
69.1875
68.375
67.875
67.5
66.875
66.5
67.625
72.0
79.0625
85.125
88.1875
88.125
84.75
78.9375
72.25
67.25
65.0
64.375
64.375
64.5625
64.4375
64.0625
63.6875
63.0
62.25
61.625
60.9375
60.3125
59.75
59.125
58.5625
58.0625
57.5625
57.125
56.6875
56.25
55.8125
55.4375
55.0625
54.75
55.0625
58.0625
68.1875
84.4375
98.0625
105.6875
108.5625
107.75
104.4375
99.6875
93.875
87.4375
80.625
75.25
73.0625
72.9375
72.9375
72.625
71.875
70.9375
70.125
69.25
68.25
67.3125
66.75
66.3125
65.75
65.5
66.6875
70.75
76.375
80.9375
82.75
81.3125
76.9375
71.0
65.75
62.9375
62.0625
62.125
62.625
63.125
63.375
63.3125
63.125
62.75
62.375
62.1875
61.8125
61.3125
60.875
60.25
59.6875
59.125
58.6875
58.3125
58.0
58.0
58.8125
62.3125
72.25
87.625
101.3125
110.0
114.25
114.9375
112.5625
108.0
102.125
95.5
88.4375
82.3125
78.875
78.125
78.25
77.875
77.0
75.9375
74.875
73.8125
72.75
71.625
70.375
69.3125
68.4375
67.8125
67.1875
66.3125
65.5
65.0
64.5
63.9375
63.25
62.5
61.9375
61.5
61.125
60.8125
60.625
61.0
63.8125
72.8125
87.5
101.4375
111.0625
116.1875
117.6875
116.0625
112.0
106.4375
100.0
92.9375
86.3125
81.8125
80.25
79.875
79.25
78.375
77.6875
76.875
75.6875
74.375
73.1875
72.1875
71.1875
70.1875
69.4375
69.0625
68.8125
68.625
69.375
73.0
79.75
87.0
92.25
94.8125
94.5
91.4375
86.375
80.1875
74.5625
71.125
70.0
69.8125
69.9375
70.0625
69.8125
69.25
68.375
67.375
66.625
65.8125
65.125
64.375
63.6875
63.1875
62.6875
62.1875
61.8125
61.1875
60.6875
60.3125
59.9375
59.5
59.0625
58.6875
58.6875
59.75
64.5625
76.875
93.5
107.6875
116.75
121.0625
121.5
118.875
114.25
108.5625
102.1875
95.1875
88.3125
83.375
81.5
81.25
80.75
79.8125
78.875
77.875
76.75
75.5625
74.625
73.875
73.0
72.0
71.8125
73.4375
77.125
81.1875
83.1875
82.3125
78.8125
73.8125
69.3125
66.75
65.5625
65.375
65.625
65.8125
65.5
64.875
64.0
63.1875
62.5
61.9375
61.3125
60.6875
59.875
59.0
58.25
57.5
56.9375
56.4375
56.0625
55.75
55.4375
54.9375
54.5
54.0
53.5
53.0625
52.6875
52.3125
51.875
51.5
51.25
50.875
50.5
50.1875
49.9375
49.5625
49.1875
48.875
48.625
48.4375
48.1875
48.0
48.0
48.4375
52.875
67.8125
91.3125
110.75
121.9375
127.4375
128.5
126.0625
121.875
116.875
111.3125
105.125
98.3125
91.0
84.875
82.1875
81.6875
81.1875
80.1875
79.0
77.8125
76.3125
74.75
73.25
71.9375
70.75
69.6875
68.6875
67.9375
67.125
66.3125
65.5
64.6875
64.0
63.25
62.625
62.0
61.375
60.6875
60.0
59.25
58.625
58.0
57.4375
56.9375
56.4375
56.0
55.5625
55.125
54.6875
54.4375
55.6875
60.9375
70.8125
81.1875
88.25
91.25
90.75
87.875
83.375
77.8125
71.8125
66.9375
64.6875
64.3125
64.4375
64.5625
64.4375
64.3125
64.0
63.375
62.5625
61.9375
61.5
61.0625
60.8125
60.6875
60.4375
60.375
60.4375
60.5
60.4375
60.6875
63.0
68.25
74.6875
79.6875
82.0
81.4375
78.1875
73.125
67.6875
63.8125
62.3125
62.125
62.125
62.4375
62.8125
62.8125
62.3125
61.625
60.9375
60.375
59.75
59.0625
58.5
58.0
57.625
57.375
57.0
56.6875
56.375
56.0
55.6875
55.5
55.375
55.5625
56.6875
61.25
71.75
84.75
95.4375
102.5625
106.0
106.25
103.9375
99.5625
94.0
87.625
81.25
76.875
75.125
74.875
74.6875
74.1875
73.75
73.25
72.3125
71.1875
70.125
69.125
68.3125
67.4375
66.5625
65.8125
65.1875
64.625
64.125
63.5
63.0
62.5625
62.25
62.25
62.4375
63.5625
67.75
75.8125
84.875
92.25
96.8125
98.1875
96.8125
93.0
87.625
81.5625
75.8125
72.5
71.5
71.125
70.875
70.75
70.5625
70.0
69.3125
68.625
68.1875
67.75
67.1875
67.3125
69.875
76.0
83.3125
88.6875
91.1875
90.5625
87.0
81.25
74.875
70.1875
68.0625
67.5
67.75
68.1875
68.3125
67.9375
67.125
66.1875
65.1875
64.4375
63.875
63.5625
63.75
64.375
66.875
74.0625
84.5625
93.8125
100.0
102.4375
101.625
98.4375
93.125
86.375
79.5625
74.875
72.875
72.5
72.5
72.4375
71.9375
71.125
70.0625
68.9375
67.875
66.875
65.9375
64.8125
63.8125
63.0
62.1875
61.4375
60.875
60.3125
59.875
59.625
59.9375
62.1875
70.4375
85.6875
101.1875
111.6875
117.375
118.875
116.875
112.5
106.75
100.0625
92.875
85.9375
81.0
79.125
78.8125
78.375
77.3125
76.1875
75.1875
74.0625
72.75
71.5
70.3125
69.125
68.0625
67.0625
66.25
65.5625
65.0
64.625
64.3125
64.0
64.125
66.6875
73.4375
82.375
89.875
94.0
94.4375
91.8125
86.875
80.625
74.0625
69.125
67.25
67.0625
66.9375
66.6875
66.4375
66.125
65.5625
64.75
64.0
63.25
62.5625
61.9375
61.1875
60.5625
59.9375
59.3125
58.8125
58.375
58.0625
57.6875
57.25
56.75
56.25
56.3125
58.8125
68.1875
84.625
99.5625
108.25
111.875
111.5625
108.5625
103.875
98.3125
91.75
84.8125
78.5
75.1875
74.6875
74.75
74.4375
73.875
73.125
72.3125
71.375
70.1875
69.0625
68.0625
67.25
66.5
65.875
65.25
64.75
64.375
64.0
63.5625
63.25
63.0
62.75
62.3125
61.8125
61.25
60.6875
60.1875
59.6875
59.4375
59.3125
60.1875
64.25
74.4375
88.1875
99.8125
107.1875
110.6875
110.6875
107.9375
103.375
97.625
91.125
84.4375
79.5
77.4375
77.0
76.6875
76.25
75.625
74.8125
73.875
72.6875
71.5
70.4375
69.5
68.5625
67.6875
66.875
66.125
65.5625
65.0
64.4375
63.8125
63.25
62.6875
62.25
61.75
61.25
60.8125
60.5
60.4375
60.625
62.375
68.25
78.375
89.0
97.1875
102.0625
103.4375
101.8125
97.8125
92.3125
86.0
79.8125
75.625
74.0
73.75
73.4375
73.125
72.9375
72.3125
71.375
70.3125
69.3125
68.4375
67.5
66.75
66.0
65.375
64.8125
64.25
63.6875
63.1875
62.625
62.125
61.6875
61.25
60.9375
60.6875
60.5625
60.8125
62.25
67.4375
76.9375
87.3125
95.4375
100.5
102.0625
100.625
97.0625
91.875
85.75
79.75
75.5625
73.9375
73.625
73.25
72.875
72.5625
72.0625
71.125
70.1875
69.25
68.4375
67.5
66.625
65.875
65.3125
64.75
64.3125
64.0625
63.8125
63.75
64.125
66.375
72.125
80.0625
87.25
92.1875
94.1875
93.1875
89.625
84.3125
78.25
72.9375
70.125
69.3125
69.0625
69.0625
69.1875
69.0
68.25
67.3125
66.25
65.3125
64.375
63.375
62.3125
61.3125
60.4375
59.75
59.125
58.5625
58.0625
57.625
57.125
56.75
56.3125
56.0625
56.0625
56.875
61.0625
71.6875
86.125
98.375
106.375
110.0625
110.0625
107.375
102.8125
97.0625
90.6875
84.0
78.3125
75.375
74.8125
74.8125
74.1875
73.3125
72.5
71.5625
70.4375
69.25
68.125
67.0625
66.0625
65.0625
64.25
63.625
63.0
62.4375
61.8125
61.1875
60.5
60.0
59.5
59.0
58.4375
57.9375
57.5
57.125
56.9375
58.3125
64.0625
74.9375
86.375
93.875
97.375
97.1875
94.375
90.0625
84.5625
78.4375
72.5625
68.9375
68.0
68.0625
67.9375
67.5625
67.125
66.625
65.9375
65.0625
64.125
63.25
62.5
61.75
61.1875
60.625
60.0625
59.5
59.0
58.5625
58.125
57.625
57.0
56.4375
55.8125
55.3125
54.875
54.4375
54.0
53.75
54.0625
57.4375
66.625
79.625
90.4375
96.375
97.9375
96.4375
93.0625
88.4375
82.875
76.9375
71.9375
69.625
69.4375
69.8125
69.9375
69.875
69.75
69.3125
68.5625
67.5625
66.5
65.5625
64.75
64.0
63.3125
62.625
62.0625
61.5
61.0625
60.625
60.125
59.625
59.25
58.875
58.5625
58.1875
57.875
57.625
57.625
58.125
60.875
68.25
79.1875
89.375
96.6875
100.625
101.25
99.1875
95.125
89.8125
83.75
77.9375
74.0
72.6875
72.4375
72.25
72.0
71.8125
71.3125
70.4375
69.375
68.3125
67.4375
66.5625
65.75
65.0
64.3125
63.75
63.25
62.75
62.3125
61.875
61.5625
61.5625
61.5625
62.125
64.75
71.25
80.1875
88.1875
93.8125
96.5
96.0
92.9375
88.0625
82.1875
76.375
72.3125
70.9375
70.625
70.375
70.375
70.3125
69.9375
69.125
68.1875
67.3125
66.4375
65.5625
64.75
64.0
63.5
63.0625
62.625
62.1875
61.75
61.5625
61.625
62.3125
65.375
72.875
82.9375
91.75
97.875
100.75
100.4375
97.5
92.75
86.8125
80.5
75.3125
73.0
72.6875
72.5
72.25
72.125
71.6875
70.875
69.875
68.9375
68.0625
67.1875
66.3125
65.5
64.875
64.3125
63.75
63.25
62.75
62.1875
61.75
61.25
60.8125
60.4375
60.0
59.5625
59.1875
59.0
59.125
60.3125
65.4375
77.3125
92.25
104.625
112.5625
116.3125
116.4375
114.0
109.8125
104.4375
98.25
91.4375
84.875
80.3125
78.625
78.125
77.375
76.3125
75.5
74.5625
73.375
72.0
70.75
69.5625
68.4375
67.25
66.25
65.3125
64.625
63.9375
63.4375
62.9375
62.625
62.4375
62.1875
62.625
66.0
72.9375
80.8125
87.0
90.1875
90.0
87.0
81.9375
75.8125
70.0625
66.4375
65.375
65.1875
65.1875
65.0625
64.9375
64.5
63.8125
63.0
62.1875
61.4375
60.75
60.0625
59.5625
59.0
58.5625
58.0
57.5
57.0625
56.625
56.3125
55.9375
55.5625
55.3125
55.625
58.9375
68.4375
82.5
94.1875
100.8125
103.1875
101.9375
98.6875
94.0625
88.5
82.1875
75.9375
71.75
70.625
70.75
70.8125
70.4375
69.75
69.0
68.25
67.25
66.25
65.4375
64.8125
64.5
64.1875
63.8125
64.625
68.375
75.75
83.375
88.4375
90.4375
88.875
84.375
78.1875
71.625
66.75
64.8125
64.5625
64.75
65.0625
65.125
65.0
64.75
64.1875
63.5625
63.0
62.5
62.0625
61.625
61.4375
61.625
62.375
65.8125
74.125
85.9375
96.1875
102.25
104.1875
102.8125
98.75
92.875
86.0625
79.375
74.75
73.1875
73.25
73.3125
73.0
72.75
72.4375
71.4375
70.25
69.125
68.1875
67.4375
66.5625
65.8125
65.125
64.5
63.8125
63.3125
62.75
62.125
61.625
61.1875
60.6875
60.3125
59.9375
59.5625
59.4375
60.3125
65.125
78.75
98.1875
114.25
124.125
129.3125
130.25
127.9375
123.6875
118.5
112.6875
106.3125
99.3125
92.6875
88.375
86.8125
86.1875
85.25
84.0625
82.9375
81.75
80.1875
78.5625
77.0625
75.8125
74.6875
73.6875
72.6875
71.6875
70.8125
70.0
69.1875
68.5
67.75
67.0
66.375
65.8125
65.25
64.75
64.1875
63.75
63.625
63.6875
64.5
68.5625
77.75
89.4375
99.375
105.75
108.6875
108.5
105.75
101.0625
95.25
88.75
82.625
78.875
77.75
77.5625
77.125
76.6875
76.25
75.4375
74.375
73.25
72.25
71.3125
70.3125
69.4375
68.6875
68.0
67.5
67.3125
67.1875
67.1875
68.0625
71.5
78.25
85.8125
91.8125
95.25
95.8125
93.4375
88.875
83.0
77.0625
73.0
71.5
71.3125
71.375
71.375
71.1875
70.625
69.8125
68.8125
67.875
66.9375
66.0
65.125
64.375
63.6875
63.1875
62.6875
62.25
61.75
61.25
61.0625
61.375
63.0625
68.8125
80.125
92.5625
102.125
107.875
109.875
108.5625
104.875
99.6875
93.5
86.8125
80.6875
77.125
76.25
76.3125
75.9375
75.125
74.375
73.4375
72.3125
71.0625
70.0
69.0625
68.0625
67.0625
66.1875
65.4375
64.875
64.3125
63.8125
63.25
62.75
62.375
62.1875
62.125
62.3125
64.9375
72.375
83.0
92.4375
98.3125
100.125
98.75
95.0
89.8125
83.6875
77.3125
72.625
71.0
71.0
71.0625
70.6875
70.125
69.6875
69.0
68.0625
67.0625
66.125
65.3125
64.5625
64.0
63.5
63.25
63.0625
62.75
63.3125
66.75
74.25
83.5
90.75
94.125
94.125
91.3125
86.25
80.125
74.0
69.8125
68.5
68.5
68.4375
68.125
67.9375
67.6875
67.125
66.25
65.5
64.8125
64.25
63.6875
63.125
62.625
62.125
61.5625
61.125
60.6875
60.25
60.0
59.625
59.375
59.3125
60.0
64.125
75.75
92.125
105.5
113.4375
116.4375
115.75
112.375
107.25
101.125
94.1875
87.25
82.0625
80.125
79.9375
79.9375
79.6875
78.9375
78.0625
77.0625
75.75
74.4375
73.4375
72.8125
72.3125
71.75
71.8125
74.3125
80.125
87.375
93.125
96.0
95.5
91.75
85.5625
78.8125
73.875
71.6875
71.0
71.25
71.8125
72.0
71.6875
70.9375
69.8125
68.75
67.9375
67.5625
67.0625
66.1875
65.3125
64.4375
63.4375
62.4375
61.625
61.125
60.8125
60.5
60.1875
59.875
59.4375
58.9375
58.5
58.0625
57.75
57.4375
57.125
56.875
56.625
56.4375
56.1875
55.9375
55.6875
55.375
55.125
54.875
54.75
54.625
54.4375
54.375
54.6875
57.9375
70.875
94.1875
115.1875
128.0
134.8125
137.0625
135.1875
130.9375
125.5625
119.75
113.375
106.4375
99.375
93.8125
91.0625
90.125
89.3125
87.9375
86.5625
85.25
83.75
81.9375
80.3125
78.9375
77.6875
76.625
75.5
74.5
73.625
72.75
72.0
71.3125
70.9375
70.75
70.6875
71.375
74.75
81.4375
88.9375
94.75
97.9375
97.875
94.75
89.4375
82.875
76.875
73.5
72.4375
72.375
72.4375
72.375
72.0625
71.375
70.4375
69.5
68.6875
67.8125
66.9375
66.125
65.4375
64.875
64.4375
63.9375
63.375
62.9375
62.5
62.3125
62.5625
63.75
68.5
79.5625
93.875
105.625
113.25
116.75
116.5
113.375
108.375
102.3125
95.4375
88.4375
83.0625
80.9375
80.875
80.8125
80.0
79.0
77.875
76.5625
75.0
73.5625
72.5625
71.9375
71.5625
71.125
71.1875
73.875
80.0
87.3125
93.0
95.5
94.8125
91.25
85.3125
78.5
73.125
70.4375
69.75
69.8125
69.9375
69.875
69.5625
68.9375
68.125
67.1875
66.3125
65.5625
64.8125
64.125
63.5625
63.0625
62.5625
62.0625
61.5625
61.0
60.5625
60.25
60.0
60.0
61.375
67.875
81.75
97.625
108.625
113.75
114.875
112.8125
108.5
102.9375
96.5
89.375
83.0625
79.625
78.8125
78.8125
78.4375
77.5
76.625
75.6875
74.5625
73.3125
72.125
71.125
70.125
69.3125
68.625
68.0
67.375
66.8125
66.25
65.625
65.25
64.8125
64.25
64.625
68.3125
76.0625
84.5
89.9375
92.0
90.8125
86.875
81.4375
75.375
70.3125
67.9375
67.5625
67.625
67.5625
67.625
67.625
67.3125
66.6875
66.0625
65.375
64.8125
64.375
63.9375
63.75
63.6875
63.625
63.6875
64.0
65.625
70.8125
79.875
89.3125
96.25
99.375
99.0625
95.9375
90.75
84.25
78.0
73.8125
72.4375
72.375
72.375
72.375
72.3125
71.8125
70.875
69.875
68.9375
68.1875
67.4375
66.8125
66.5
66.5
66.6875
68.625
74.5625
83.75
92.25
97.8125
100.25
99.625
96.25
90.75
84.125
78.0
74.5
73.375
73.375
73.5625
73.6875
73.4375
72.6875
71.6875
70.625
69.75
68.9375
68.125
67.375
66.75
66.1875
65.6875
65.125
64.625
64.125
63.625
63.1875
62.75
62.3125
61.8125
61.3125
60.8125
60.375
59.9375
59.5
59.125
58.8125
58.5
58.1875
57.875
57.5625
57.1875
56.8125
56.4375
56.125
55.875
55.625
55.375
55.125
54.875
54.875
55.625
60.3125
75.625
99.375
119.375
131.9375
139.0625
140.9375
138.6875
134.5625
129.625
124.375
118.75
112.3125
105.125
97.8125
92.75
90.625
89.5625
88.25
86.8125
85.5
84.0625
82.4375
80.6875
79.1875
77.75
76.5
75.25
74.125
73.125
72.1875
71.375
70.5625
69.75
68.875
68.125
67.375
66.6875
66.125
65.5625
65.0
64.375
63.875
63.5
63.3125
63.125
63.375
65.5625
71.375
79.875
87.8125
93.3125
95.8125
95.125
91.875
86.875
80.875
75.1875
71.625
70.5
70.125
69.8125
69.6875
69.4375
68.8125
67.9375
67.125
66.25
65.375
64.375
63.375
62.4375
61.625
60.875
60.25
59.6875
59.1875
58.625
58.125
57.6875
57.25
56.8125
56.375
56.0
55.8125
55.9375
57.0
61.4375
70.4375
80.875
89.3125
94.5
95.9375
94.4375
90.75
85.625
79.6875
73.75
69.75
68.5
68.5
68.375
67.9375
67.6875
67.3125
66.625
65.5625
64.5625
63.8125
63.4375
62.9375
61.9375
60.9375
59.9375
59.0625
58.1875
57.25
56.625
56.1875
55.75
55.3125
54.875
54.5
54.125
53.6875
53.25
52.875
52.5
52.1875
51.9375
51.8125
51.8125
51.6875
51.5
51.1875
50.8125
50.375
50.125
50.0
49.875
49.75
49.375
49.0
48.625
48.375
48.125
48.25
50.6875
60.4375
78.1875
95.0
105.3125
109.75
110.1875
107.9375
104.0
98.8125
92.8125
86.0625
79.6875
75.625
74.625
74.6875
74.625
74.125
73.1875
72.25
71.375
70.3125
69.3125
68.5
67.9375
67.375
66.8125
66.3125
65.875
65.4375
65.0625
64.4375
63.8125
63.0625
62.375
61.875
61.5
61.25
61.125
61.1875
62.3125
67.25
76.75
86.6875
94.25
98.625
99.3125
97.0625
92.625
87.0
80.6875
75.0625
72.0
71.375
71.4375
71.3125
70.9375
70.5
69.9375
69.125
68.0625
67.125
66.1875
65.375
64.625
64.0
63.4375
62.9375
62.5625
62.25
62.0625
62.0
62.5
64.9375
71.125
80.0625
88.25
94.0
96.625
96.125
93.0625
88.0625
81.875
75.875
71.9375
70.625
70.5
70.4375
70.375
70.25
69.75
68.9375
68.125
67.375
67.0
66.8125
66.625
67.4375
71.5625
79.5625
88.0
94.125
97.125
96.9375
93.6875
88.0625
81.3125
75.3125
72.0
71.0
71.0625
71.3125
71.3125
71.0625
70.3125
69.3125
68.25
67.3125
66.625
65.9375
65.3125
64.75
64.1875
63.625
63.125
62.625
62.125
61.625
61.125
60.625
60.1875
59.75
59.3125
58.875
58.5
58.25
58.25
59.125
63.4375
76.25
95.25
111.3125
121.625
126.9375
128.0625
126.125
122.125
117.125
111.375
105.0
98.125
91.5625
87.375
85.75
85.0625
84.0
82.5625
81.3125
80.0
78.4375
76.8125
75.3125
74.0
72.75
71.5
70.4375
69.75
69.25
68.625
68.125
68.625
71.8125
77.6875
83.8125
88.0625
89.4375
87.9375
84.0625
78.375
72.375
67.9375
65.9375
65.5
65.6875
65.6875
65.4375
65.0
64.4375
63.6875
62.9375
62.25
61.5
60.8125
60.1875
59.625
59.0625
58.5625
58.125
57.6875
57.1875
56.75
56.25
55.75
55.1875
54.6875
54.1875
53.75
53.375
53.0625
52.8125
52.6875
52.6875
54.5625
62.625
79.375
97.5625
109.375
115.1875
116.625
114.9375
111.25
106.5
100.875
94.5625
87.75
81.875
78.875
78.1875
77.9375
77.3125
76.3125
75.125
74.0
72.875
71.6875
70.625
69.75
69.3125
68.875
68.25
67.6875
67.625
69.625
73.8125
78.0
80.5625
80.25
76.875
71.625
66.3125
63.1875
61.9375
61.6875
61.8125
62.0625
62.0625
61.9375
61.625
61.1875
60.75
60.3125
59.8125
59.1875
58.625
58.125
57.75
57.4375
57.125
56.9375
56.9375
56.8125
56.75
56.8125
56.9375
57.25
58.375
62.9375
74.3125
89.3125
101.5
108.75
111.625
110.9375
107.75
102.9375
96.9375
90.375
83.9375
79.5
77.75
77.4375
77.3125
76.9375
76.1875
75.25
74.1875
73.0
71.75
70.625
69.625
68.6875
67.8125
67.0
66.25
65.5625
65.0
64.4375
63.8125
63.1875
62.6875
62.3125
62.125
62.1875
62.75
65.375
72.625
83.5
93.625
100.75
104.5625
105.1875
103.125
98.875
93.25
86.875
80.75
76.75
75.4375
75.1875
74.8125
74.3125
73.875
73.3125
72.375
71.375
70.375
69.4375
68.5
67.5
66.6875
65.9375
65.375
64.8125
64.25
63.75
63.1875
62.6875
62.1875
61.875
61.75
61.9375
63.0
67.375
76.9375
88.625
98.4375
104.8125
107.5
107.0
103.875
99.0625
93.125
86.5625
80.625
77.1875
76.3125
76.25
75.8125
75.3125
74.875
74.0625
72.9375
71.875
70.875
69.9375
69.0
68.0625
67.3125
66.5625
66.0
65.5
65.0625
64.6875
64.5
64.5
65.25
68.4375
75.5
84.0625
91.25
96.0
97.625
96.375
92.75
87.375
81.1875
75.6875
72.5625
71.5
71.25
71.25
71.125
70.8125
70.1875
69.3125
68.4375
67.5625
66.75
66.0625
65.8125
65.875
66.125
68.375
74.875
84.0625
92.375
97.75
99.9375
99.3125
96.1875
91.0
84.5625
78.125
73.75
72.125
71.9375
72.1875
72.1875
71.6875
70.8125
69.625
68.25
66.9375
65.75
64.75
63.875
63.0625
62.3125
61.6875
61.0625
60.5
59.9375
59.375
58.875
58.625
58.6875
59.4375
63.1875
74.1875
90.125
103.625
112.0625
115.9375
115.8125
112.9375
108.3125
102.5625
96.0625
89.0
82.375
78.25
77.3125
77.4375
77.0
75.9375
74.9375
73.8125
72.625
71.375
70.125
69.0
67.875
66.875
66.0625
65.4375
64.8125
64.25
63.75
63.4375
63.0625
62.875
64.25
69.25
77.25
84.9375
89.625
90.5
88.4375
83.875
77.9375
71.6875
67.0625
65.125
65.0
64.9375
64.8125
64.875
64.625
64.0625
63.3125
62.5
61.875
61.25
60.875
60.6875
60.5
60.9375
64.3125
71.875
81.5625
89.4375
93.5
93.9375
91.3125
86.375
80.0625
73.5
68.4375
66.4375
66.375
66.375
66.3125
66.3125
66.0625
65.5625
64.875
64.0625
63.4375
62.875
62.1875
61.5625
60.875
60.375
59.875
59.375
59.125
58.875
58.6875
58.625
58.8125
59.75
63.8125
75.3125
92.125
106.0625
114.25
117.625
117.1875
113.875
108.8125
102.5625
95.5625
88.3125
82.4375
79.9375
79.5625
79.4375
79.125
78.4375
77.5
76.4375
75.125
73.6875
72.4375
71.3125
70.3125
69.4375
68.5
67.6875
67.0
66.3125
65.625
65.0
64.25
63.6875
63.0625
62.5625
62.125
61.5625
61.0625
60.6875
60.4375
60.625
62.0625
67.6875
79.75
94.0625
105.125
112.125
115.1875
114.875
111.9375
107.0625
101.0625
94.4375
87.5
81.6875
79.0625
78.75
78.6875
78.125
77.625
76.9375
75.9375
74.5625
73.375
72.25
71.1875
70.1875
69.25
68.4375
67.75
67.0625
66.375
65.8125
65.1875
64.5625
64.0625
63.5625
63.1875
62.9375
62.75
62.75
63.625
67.4375
75.875
86.25
94.875
100.5
102.6875
101.8125
98.5625
93.5
87.4375
81.125
76.5
74.625
74.25
74.0
73.75
73.5
72.9375
72.0625
71.0
70.0625
69.125
68.1875
67.375
66.625
66.0
65.4375
65.0
64.8125
64.625
64.8125
66.5
71.3125
78.875
86.25
91.5625
94.125
93.75
90.6875
85.75
79.6875
74.25
71.0625
70.0625
69.9375
69.9375
69.9375
69.6875
69.0625
68.1875
67.25
66.375
65.5625
64.8125
64.125
63.4375
62.8125
62.25
61.75
61.125
60.5625
60.0
59.625
59.6875
61.4375
68.0
79.8125
92.0625
101.0625
106.0625
107.4375
105.625
101.3125
95.6875
89.0625
82.3125
77.0
74.625
74.3125
74.125
73.5
72.6875
71.9375
71.0625
69.9375
68.875
67.9375
66.9375
65.9375
65.0
64.25
63.6875
63.125
62.625
62.125
61.8125
61.625
61.4375
61.75
65.1875
72.9375
82.4375
90.0
93.9375
94.3125
91.6875
87.0
81.125
74.8125
69.8125
67.6875
67.4375
67.4375
67.125
66.8125
66.5
65.9375
65.0625
64.125
63.25
62.5
61.75
61.125
60.625
60.0625
59.5625
59.0625
58.5
58.0
57.6875
57.3125
56.9375
56.5
56.125
56.5
59.875
70.1875
85.1875
97.0625
103.6875
105.8125
104.4375
101.0
96.1875
90.25
83.6875
77.25
73.0625
72.0
72.0625
71.9375
71.6875
71.125
70.4375
69.5625
68.4375
67.375
66.375
65.4375
64.6875
64.0625
63.5625
63.0
62.4375
61.875
61.3125
60.75
60.1875
59.625
59.0625
58.5625
58.1875
58.0625
58.1875
58.3125
58.625
59.4375
62.75
71.5625
84.1875
95.3125
102.125
104.5625
103.625
100.375
95.3125
89.1875
82.625
76.875
73.6875
73.0625
73.125
73.25
73.0
72.5
71.8125
70.875
69.75
68.625
67.75
66.9375
66.125
65.375
64.5625
64.0
63.5
62.9375
62.375
61.875
61.3125
60.9375
60.6875
60.5
60.5625
61.125
64.0625
71.5
81.6875
90.75
97.0
99.8125
99.375
96.375
91.4375
85.375
79.1875
74.3125
72.1875
71.8125
71.625
71.5
71.5
71.0625
70.3125
69.4375
68.5625
67.6875
66.875
66.0
65.25
64.5625
64.0
63.4375
62.9375
62.4375
62.0
61.5625
61.125
60.625
60.1875
59.75
59.4375
59.3125
59.4375
60.0625
63.0625
71.125
83.125
94.1875
102.25
106.625
107.375
105.3125
101.125
95.6875
89.5
83.0
78.0
76.0
75.8125
75.6875
75.3125
74.9375
74.375
73.375
72.1875
71.0625
70.0625
69.125
68.25
67.5
66.6875
66.0625
65.5625
64.9375
64.4375
63.9375
63.375
63.0625
62.8125
62.6875
62.75
63.8125
68.0
76.0625
85.125
92.3125
96.6875
97.875
96.1875
92.25
86.875
80.75
75.1875
72.0625
71.125
70.8125
70.625
70.5
70.125
69.375
68.4375
67.4375
66.5
65.5625
64.625
63.625
62.625
61.6875
60.875
60.25
59.625
59.0625
58.5625
58.0625
57.625
57.125
56.5
55.9375
55.5
55.0625
54.8125
54.6875
55.125
58.0
66.8125
80.625
93.4375
102.3125
106.75
107.25
105.125
101.1875
96.0625
90.0
83.5
77.5
73.875
73.125
73.1875
72.8125
72.125
71.4375
70.5625
69.5
68.375
67.3125
66.4375
65.9375
65.6875
65.25
64.9375
65.9375
69.6875
76.5625
83.1875
87.125
88.25
86.1875
81.4375
75.0625
68.9375
65.25
63.9375
63.9375
64.25
64.375
64.1875
63.8125
63.25
62.625
61.875
61.25
60.625
59.9375
59.3125
58.8125
58.25
57.75
57.3125
56.8125
56.4375
55.9375
55.375
54.8125
54.3125
53.75
53.3125
52.9375
52.625
52.375
52.125
51.75
51.625
53.3125
61.125
77.6875
95.4375
106.6875
111.6875
112.4375
110.5625
107.0625
102.5
96.9375
90.5625
83.8125
78.375
76.0625
75.8125
75.75
75.3125
74.5625
73.75
72.9375
72.0625
71.0
70.0
69.3125
68.6875
68.125
67.5
66.8125
66.0
65.25
64.5
63.75
63.0
62.3125
61.6875
61.1875
60.75
60.25
59.8125
59.3125
58.9375
58.625
58.375
58.375
58.75
61.0625
67.875
78.875
89.75
97.8125
102.4375
103.5625
101.9375
98.25
93.125
87.1875
81.0
76.1875
74.0625
73.75
73.625
73.125
72.6875
72.125
71.4375
70.4375
69.4375
68.5625
67.6875
66.8125
66.0
65.25
64.5625
64.0
63.5
62.9375
62.4375
61.9375
61.5
61.0625
60.5625
60.1875
59.9375
59.6875
59.6875
59.9375
61.75
67.625
77.4375
87.4375
95.25
99.875
100.875
99.1875
95.4375
90.3125
84.375
78.5
74.5
73.125
73.0
72.6875
72.3125
71.9375
71.375
70.5
69.5
68.5625
67.6875
66.875
66.0625
65.3125
64.6875
64.125
63.625
63.1875
62.6875
62.1875
61.75
61.3125
61.0625
60.875
60.875
61.0625
62.5
67.6875
76.875
86.5625
94.1875
98.75
100.0
98.4375
94.75
89.625
83.75
77.9375
74.0625
72.75
72.625
72.375
71.9375
71.5625
70.9375
70.0
69.0
68.0625
67.25
66.625
66.4375
66.3125
66.25
67.6875
72.8125
81.125
89.0625
94.4375
96.9375
96.375
93.125
87.875
81.5
75.625
72.1875
71.0625
71.0625
71.3125
71.3125
71.0
70.375
69.5
68.5
67.5625
66.75
66.0
65.3125
64.8125
64.25
63.6875
63.1875
62.6875
62.3125
62.25
62.6875
64.9375
71.875
83.9375
95.9375
104.625
109.25
109.9375
107.6875
103.375
97.6875
91.3125
84.5
78.5625
75.5625
75.125
75.1875
74.625
73.75
72.8125
71.8125
70.6875
69.5625
68.5
67.5
66.4375
65.5
64.6875
63.9375
63.25
62.5625
61.9375
61.375
60.75
60.1875
59.6875
59.1875
58.75
58.3125
57.9375
57.75
58.375
62.75
74.0
89.0
101.125
107.9375
110.1875
109.125
105.875
101.3125
95.875
89.6875
83.0625
77.625
75.25
75.0
74.9375
74.5
73.5
72.5
71.5625
70.5
69.4375
68.4375
67.4375
66.5625
65.8125
65.25
65.375
66.6875
69.375
72.125
72.9375
71.5625
68.8125
65.1875
61.5625
59.5
58.875
58.8125
58.8125
58.75
58.4375
57.9375
57.5
57.0625
56.5
55.9375
55.4375
55.0625
54.8125
54.6875
54.625
54.5
54.125
53.75
53.3125
52.8125
52.5625
52.4375
52.3125
52.125
51.8125
51.5
52.1875
57.0
70.4375
88.8125
102.625
110.1875
113.25
113.25
111.125
107.5
102.5625
96.625
89.9375
83.4375
79.4375
78.5
78.625
78.375
77.8125
76.9375
75.875
74.75
73.375
72.125
71.0625
70.25
69.5625
69.1875
69.0
68.6875
69.0
71.5
77.375
85.0
91.5
95.6875
96.9375
95.0625
90.5625
84.25
77.75
73.0625
71.1875
70.8125
71.0
71.25
71.0625
70.5625
69.75
68.875
67.9375
67.1875
66.5
65.75
65.0625
64.5
64.0625
63.5
63.0
62.5625
62.0625
61.5
61.0
60.625
60.1875
59.8125
59.4375
59.0625
58.6875
58.4375
58.3125
58.6875
61.3125
70.6875
88.375
106.5625
119.25
126.6875
129.75
129.0
125.8125
121.375
116.125
110.1875
103.625
96.75
91.0625
88.0625
87.0625
86.375
85.25
84.125
83.0625
81.6875
80.0625
78.5625
77.1875
75.9375
74.9375
73.9375
73.0
72.125
71.3125
70.5625
69.875
69.25
68.75
68.5
68.25
68.4375
70.0625
74.9375
82.0
88.75
93.375
95.3125
94.4375
90.9375
85.625
79.625
74.625
72.0625
71.375
71.3125
71.375
71.3125
71.0
70.3125
69.4375
68.625
67.75
66.9375
66.125
65.5
65.1875
65.1875
65.3125
66.8125
71.8125
80.3125
89.0625
95.5625
99.125
99.6875
97.4375
93.0
86.9375
80.1875
74.5625
71.625
70.6875
70.5
70.5
70.1875
69.625
68.9375
68.0
67.0
66.0
65.125
64.1875
63.3125
62.625
61.9375
61.375
60.875
60.375
59.9375
59.625
59.4375
59.625
61.0625
66.8125
78.9375
92.625
103.0
108.8125
110.5
108.875
105.0625
99.6875
93.375
86.5625
80.25
76.5
75.5625
75.625
75.3125
74.4375
73.4375
72.5625
71.5625
70.4375
69.3125
68.3125
67.375
66.5
65.75
65.125
64.5625
64.0625
63.8125
63.5
63.25
63.8125
67.5
75.0
83.5
89.5625
91.875
90.9375
87.3125
81.9375
75.6875
70.0
67.0
66.3125
66.375
66.1875
65.9375
65.875
65.5625
64.8125
64.0625
63.3125
62.6875
62.0625
61.5
60.9375
60.4375
59.875
59.3125
58.875
58.625
58.25
57.8125
57.625
58.5625
64.0625
76.375
90.3125
99.75
104.1875
104.625
102.3125
98.25
93.0625
87.0625
80.5
75.125
72.75
72.75
73.125
73.25
73.0625
72.6875
72.1875
71.375
70.5
69.6875
69.125
68.6875
68.4375
69.375
73.6875
81.25
88.875
94.0625
96.25
95.3125
91.3125
85.25
78.5625
73.5
71.25
70.5625
70.6875
71.0625
71.1875
70.875
70.125
69.1875
68.3125
67.75
67.6875
68.1875
70.875
78.1875
88.125
95.4375
98.375
97.25
92.5625
85.8125
78.8125
73.5
71.0
70.625
71.0625
71.5
71.375
70.875
70.0625
69.1875
68.3125
67.4375
66.6875
65.9375
65.375
64.8125
64.25
63.75
63.3125
62.875
62.4375
62.0625
61.6875
61.1875
60.75
60.3125
59.875
59.625
59.6875
60.8125
66.375
81.625
102.5625
119.0
128.8125
133.4375
133.625
130.5625
125.8125
120.25
114.1875
107.375
100.125
93.4375
89.5
88.3125
87.875
86.9375
85.5625
84.25
82.8125
81.1875
79.5
78.0
76.75
75.5625
74.5
73.5625
72.6875
71.8125
71.0625
70.25
69.5
68.6875
68.0
67.625
67.5625
67.625
68.5
72.25
80.125
89.25
96.6875
101.375
102.8125
101.4375
97.5625
91.875
85.3125
79.3125
75.75
74.625
74.4375
74.5
74.375
74.0
73.25
72.3125
71.375
70.5
69.875
69.5
69.375
70.3125
74.5
81.75
88.9375
93.5
94.875
93.125
88.5625
82.3125
75.9375
71.6875
69.9375
69.375
69.3125
69.25
68.8125
68.0625
67.0
65.8125
64.75
64.0
63.25
62.5
61.8125
61.0625
60.4375
59.875
59.3125
58.875
58.375
57.875
57.4375
57.0
56.625
56.375
56.1875
57.125
62.0625
75.4375
93.5
107.8125
116.125
119.4375
118.6875
115.3125
110.3125
104.375
97.75
90.75
84.4375
80.8125
79.9375
79.75
79.25
78.125
76.8125
75.625
74.3125
73.0
71.75
70.5625
69.5625
68.5625
67.8125
67.0625
66.375
65.6875
64.9375
64.25
63.5
62.9375
62.4375
61.9375
61.4375
61.0625
60.625
60.8125
64.0625
72.25
82.75
90.5625
94.5
94.875
92.25
87.6875
81.9375
75.625
70.4375
68.0
67.625
67.75
67.625
67.25
66.875
66.5
65.8125
64.9375
64.125
63.375
62.75
62.125
61.5625
61.0625
60.5
60.0
59.5
59.125
58.625
58.0625
57.5625
57.125
56.75
56.375
56.125
56.125
57.1875
62.3125
73.6875
87.625
98.1875
103.6875
105.0
103.0625
99.0625
93.4375
86.9375
80.3125
75.6875
73.9375
73.8125
73.875
73.75
73.375
72.8125
72.0625
70.9375
69.75
68.75
67.875
67.125
66.375
65.625
65.125
64.625
64.1875
63.625
63.0
62.375
61.875
61.4375
61.1875
61.0
61.0
61.5625
64.25
71.1875
81.125
90.0
96.3125
99.3125
99.1875
96.4375
91.75
85.75
79.5625
74.875
73.0
72.625
72.25
72.125
72.0
71.5
70.6875
69.8125
69.0
68.1875
67.375
66.5
65.6875
65.0625
64.625
64.125
63.6875
63.25
62.75
62.25
61.75
61.375
61.0625
60.8125
60.8125
61.3125
63.9375
71.0
81.8125
92.0625
99.5
103.375
103.8125
101.375
96.9375
91.1875
84.75
79.0625
75.8125
74.9375
74.8125
74.5
74.25
73.875
73.125
72.125
71.125
70.1875
69.375
68.625
68.25
68.125
67.875
68.375
71.125
77.375
85.1875
91.3125
94.875
95.625
93.5625
89.1875
83.3125
77.25
73.25
71.6875
71.4375
71.6875
71.9375
71.8125
71.375
70.625
69.6875
68.8125
68.0
67.25
66.4375
65.75
65.1875
64.625
64.125
63.6875
63.1875
62.6875
62.1875
61.6875
61.3125
60.875
60.4375
60.0
59.625
59.1875
58.875
58.4375
58.0625
57.75
57.5
57.25
56.9375
56.625
56.375
56.25
56.375
58.1875
65.9375
83.125
102.8125
117.25
125.9375
129.875
129.6875
126.5625
121.9375
116.5
110.6875
104.375
97.5625
90.875
86.3125
84.5
83.8125
82.875
81.5
80.25
78.875
77.25
75.6875
74.1875
72.8125
71.5625
70.4375
69.4375
68.6875
68.25
67.8125
67.1875
66.5
65.9375
66.4375
69.3125
74.25
78.625
80.375
79.5625
76.25
71.0
65.8125
62.5625
61.375
61.1875
61.25
61.3125
61.125
60.8125
60.375
59.875
59.375
58.8125
58.25
57.6875
57.1875
56.6875
56.25
55.8125
55.375
54.9375
54.5625
54.125
53.6875
53.125
52.625
52.25
51.9375
51.625
51.3125
51.0625
51.125
53.25
61.4375
76.6875
91.6875
101.0625
105.1875
105.4375
103.125
99.25
94.3125
88.375
81.875
76.125
72.875
72.1875
72.1875
72.0
71.5
70.75
70.0
69.0625
67.9375
66.875
66.0
65.25
64.6875
64.125
63.5
62.8125
62.1875
61.5
61.0
60.5625
60.125
59.625
59.1875
58.6875
58.3125
58.125
58.1875
58.5
60.0625
65.125
74.4375
84.5625
91.6875
94.8125
94.25
90.9375
85.875
79.9375
74.0
69.875
68.3125
68.1875
68.4375
68.625
68.5
68.1875
67.5625
66.625
65.6875
65.0
64.4375
63.8125
63.0
62.125
61.3125
60.5625
59.8125
59.1875
58.75
58.375
58.0
57.625
57.1875
56.75
56.4375
56.125
55.8125
55.4375
55.125
54.9375
54.75
54.5
54.25
54.0
53.75
53.5
53.25
53.0625
52.8125
52.5625
52.375
52.1875
52.0625
51.9375
51.875
52.0625
53.6875
61.0
77.75
96.875
110.625
119.0625
123.1875
123.75
121.4375
117.125
111.625
105.375
98.625
91.8125
86.625
84.1875
83.3125
82.5625
81.375
80.3125
79.25
78.0
76.5625
75.1875
73.9375
72.8125
71.8125
70.8125
69.9375
69.1875
68.4375
67.625
66.9375
66.3125
65.6875
65.25
65.1875
65.25
65.6875
68.0
74.1875
83.125
91.5625
97.5
100.1875
99.625
96.375
91.375
85.1875
78.9375
74.5625
73.0
72.8125
72.75
72.5
72.25
71.8125
70.9375
69.9375
69.1875
68.625
67.9375
67.0
66.0
65.1875
64.5
63.5
62.875
62.375
61.875
61.4375
61.0
60.625
60.1875
59.8125
59.375
58.9375
58.4375
58.0
57.625
57.25
56.8125
56.5
56.25
55.875
55.4375
55.0
54.625
54.25
53.8125
53.5
53.1875
52.875
52.625
52.5625
54.1875
62.5625
80.875
100.625
113.875
121.4375
124.8125
124.75
121.625
116.6875
110.8125
104.125
96.875
89.625
84.0
81.5625
81.1875
80.75
79.625
78.25
77.0
75.625
74.125
72.8125
71.625
70.4375
69.375
68.375
67.5
66.6875
65.875
65.125
64.375
63.625
62.9375
62.4375
62.1875
62.0
61.5625
61.6875
64.8125
72.5
82.25
90.0
93.75
93.9375
91.1875
86.375
80.4375
74.1875
69.1875
66.9375
66.75
66.875
66.5625
65.9375
65.4375
64.9375
64.25
63.375
62.5625
61.8125
61.0625
60.4375
59.875
59.3125
58.8125
58.25
57.8125
57.4375
57.0
56.5625
56.0625
55.5625
55.25
55.4375
58.3125
67.25
80.75
91.9375
98.375
100.375
99.1875
95.875
91.25
85.5625
79.25
73.4375
70.125
69.4375
69.5
69.375
69.0
68.375
67.8125
67.125
66.125
65.125
64.375
63.625
62.9375
62.375
61.75
61.0625
60.5
59.9375
59.4375
59.0625
58.625
58.125
57.625
57.125
56.75
56.625
57.5
61.9375
71.8125
83.875
93.1875
98.0
98.9375
96.75
92.5625
87.0
80.6875
74.75
71.125
70.125
70.125
70.125
70.0
69.8125
69.3125
68.5625
67.5625
66.5625
65.625
64.8125
64.0625
63.375
62.875
62.4375
61.9375
61.5
61.0625
60.5625
60.0625
59.625
59.25
58.9375
58.6875
58.75
59.375
62.5
70.6875
82.625
93.5625
101.25
105.3125
106.0625
103.9375
99.8125
94.1875
87.875
81.6875
77.3125
75.6875
75.375
75.0625
74.625
74.25
73.5625
72.5625
71.5
70.5
69.5625
68.6875
67.8125
67.0625
66.375
65.75
65.25
64.75
64.25
63.6875
63.0625
62.5
62.0625
61.75
61.625
61.6875
62.0
63.625
69.125
78.875
89.125
97.0
101.6875
103.0625
101.5625
98.0
92.875
86.75
80.6875
76.4375
74.875
74.625
74.3125
74.0625
73.875
73.3125
72.375
71.375
70.4375
69.5625
68.6875
67.875
67.125
66.4375
65.875
65.4375
64.9375
64.5
64.0
63.5
62.9375
62.4375
62.0
61.5625
61.1875
60.8125
60.4375
60.0625
59.75
59.4375
59.1875
59.125
59.375
60.8125
66.1875
77.8125
91.625
103.125
110.875
114.5625
115.0
112.8125
108.6875
103.4375
97.3125
90.6875
84.5
80.9375
80.125
79.8125
79.0625
78.25
77.4375
76.3125
75.0
73.625
72.375
71.3125
70.1875
69.125
68.125
67.375
66.625
65.9375
65.25
64.625
63.9375
63.25
62.625
62.125
61.625
61.25
61.3125
63.5
69.3125
77.375
84.5625
89.375
91.1875
90.0
86.4375
81.3125
75.375
69.875
66.75
65.9375
65.9375
65.875
65.75
65.5
65.0
64.3125
63.625
62.9375
62.5
62.0625
61.625
62.1875
65.3125
71.4375
78.375
82.875
84.1875
82.4375
77.8125
71.625
65.875
62.5
61.5
61.5625
61.9375
62.1875
62.1875
61.8125
61.25
60.5
59.75
59.1875
58.6875
58.1875
57.6875
57.125
56.625
56.125
55.75
55.375
55.0
54.625
54.25
53.75
53.25
52.8125
52.5
52.25
52.0
52.4375
56.0625
67.9375
85.9375
100.5
108.5625
111.4375
110.8125
108.0
103.75
98.5
92.4375
85.6875
79.25
75.375
74.625
74.8125
74.6875
74.0625
73.1875
72.1875
71.0625
69.875
68.5625
67.625
66.9375
66.25
65.625
65.0
64.3125
63.5625
62.875
62.1875
61.6875
61.1875
60.625
60.0
59.3125
58.75
58.4375
58.25
58.25
58.4375
58.6875
59.6875
63.75
73.0625
85.125
94.75
100.0625
101.4375
99.75
95.9375
90.6875
84.4375
78.125
73.4375
71.625
71.6875
71.9375
71.9375
71.625
71.0
70.25
69.375
68.3125
67.3125
66.5
65.75
65.0
64.3125
63.625
63.0625
62.625
62.25
61.75
61.25
60.75
60.4375
60.4375
60.5625
61.1875
64.375
71.9375
82.1875
91.4375
97.875
100.9375
100.875
98.1875
93.6875
88.0625
81.8125
76.5
73.8125
73.3125
73.25
72.9375
72.6875
72.375
71.75
70.9375
70.25
69.75
69.3125
68.8125
68.75
70.6875
76.0
83.0625
88.875
92.0625
92.0625
89.0
83.5625
77.25
72.4375
70.125
69.4375
69.6875
70.25
70.5625
70.25
69.4375
68.5
67.4375
66.625
66.125
65.5625
65.0625
64.5625
64.0625
63.5625
63.1875
62.8125
62.5
62.0625
61.625
61.25
60.875
60.625
60.4375
60.5
61.375
65.25
76.375
93.1875
108.0
117.875
123.1875
124.75
123.3125
119.6875
114.75
108.875
102.3125
95.4375
89.8125
87.0625
86.375
85.875
84.8125
83.5625
82.5
81.25
79.75
78.3125
77.0625
76.0
75.0
73.9375
73.25
73.0
72.8125
72.375
72.5
74.6875
80.375
87.875
94.1875
97.875
98.8125
97.0
92.8125
87.125
81.125
76.625
74.625
74.1875
74.4375
74.5
74.1875
73.625
72.75
71.75
70.75
69.875
69.125
68.3125
67.5
66.875
66.3125
65.75
65.25
64.75
64.25
63.75
63.25
62.875
62.4375
62.1875
62.25
63.375
68.4375
80.8125
97.0
110.375
118.5625
122.375
122.4375
119.375
114.5
108.6875
102.1875
95.1875
88.3125
83.4375
81.875
81.8125
81.3125
80.125
78.6875
77.4375
76.1875
74.875
73.625
72.4375
71.4375
70.625
70.25
69.8125
69.3125
69.6875
72.6875
78.625
85.4375
90.3125
92.125
91.0
87.0625
81.125
74.5625
69.5
67.1875
66.9375
67.375
67.5625
67.375
66.8125
66.125
65.375
64.625
63.875
63.25
62.5625
61.8125
61.1875
60.5
60.0
59.5625
59.125
58.75
58.375
57.875
57.3125
56.75
56.3125
56.0625
55.75
56.0
58.75
68.625
85.8125
101.5
110.5
114.25
114.25
111.5
107.25
102.0
95.875
89.125
82.75
78.875
78.0
78.0
77.75
77.0
75.875
74.75
73.6875
72.5625
71.3125
70.375
69.5625
68.875
68.1875
67.4375
66.75
66.125
65.5
64.875
64.375
63.875
63.5
63.125
62.75
64.0
69.0625
77.75
86.3125
91.9375
93.875
92.3125
88.0625
82.375
76.1875
71.3125
69.1875
68.875
68.9375
68.9375
68.9375
68.8125
68.3125
67.5
66.5625
65.6875
64.9375
64.1875
63.625
63.0625
62.5625
62.125
61.75
61.3125
60.875
60.4375
60.0
59.6875
59.25
59.0
58.9375
59.5
62.375
71.0
84.8125
98.0
107.1875
112.3125
114.0
112.625
108.875
103.625
97.5
90.8125
84.875
81.5625
80.625
80.3125
79.8125
79.0625
78.4375
77.4375
76.25
75.0
73.8125
72.8125
71.9375
71.0
70.1875
69.4375
68.75
68.125
67.5
66.875
66.1875
65.6875
65.3125
65.125
65.125
65.4375
67.375
73.3125
82.4375
91.25
97.5625
100.6875
100.875
98.3125
93.625
87.8125
81.625
76.8125
74.6875
74.25
74.0
73.8125
73.6875
73.3125
72.5
71.5625
70.625
69.75
68.875
68.0
67.25
66.75
66.3125
65.8125
65.5625
65.4375
65.4375
66.0
68.75
75.4375
84.375
92.3125
97.6875
100.0
99.25
96.0
90.8125
84.5625
78.625
74.9375
73.875
73.6875
73.5625
73.5625
73.3125
72.5625
71.625
70.6875
69.875
69.0625
68.25
67.75
67.625
67.6875
68.375
71.8125
79.4375
88.8125
96.1875
100.5625
101.8125
100.3125
96.5
90.875
84.3125
78.5625
75.4375
74.625
74.8125
75.0
74.875
74.375
73.5
72.4375
71.375
70.4375
69.6875
68.8125
68.0625
67.3125
66.6875
66.125
65.5
64.9375
64.4375
64.0
63.5
63.0
62.5625
62.25
62.5625
64.5625
72.3125
87.625
103.75
115.125
121.5625
123.8125
122.75
119.375
114.4375
108.625
102.125
95.0
88.6875
85.1875
84.1875
83.875
83.0
81.5625
80.3125
79.125
77.6875
76.3125
75.0
73.75
72.625
71.4375
70.3125
69.5
68.8125
68.1875
67.5
66.75
65.9375
65.25
64.5625
63.9375
63.4375
62.9375
62.4375
62.0625
61.6875
62.0
65.5625
74.5625
86.4375
96.1875
101.375
102.8125
101.1875
97.375
92.25
86.25
80.0
75.125
73.125
72.9375
72.875
72.3125
71.6875
71.125
70.4375
69.5
68.5
67.5625
66.75
66.0
65.5
65.125
64.875
64.5
64.25
65.625
70.1875
77.625
84.5
88.1875
88.8125
86.5
81.6875
75.6875
70.0
66.75
65.875
65.8125
65.8125
66.0
66.0625
65.8125
65.3125
64.625
64.0625
63.5625
63.0
62.5
61.9375
61.5
61.0625
60.6875
60.375
60.1875
60.0
59.875
59.625
59.3125
59.0625
58.75
58.5
58.3125
58.625
60.6875
68.8125
84.5
100.875
112.4375
118.75
120.9375
119.8125
116.375
111.5
105.625
99.0
92.0
85.9375
83.0
82.6875
82.625
82.125
81.25
80.25
79.0625
77.6875
76.25
74.9375
73.8125
72.8125
71.875
71.0
70.1875
69.5
68.875
68.3125
67.8125
67.5
67.25
67.125
67.875
71.375
77.9375
85.1875
90.625
93.1875
92.8125
89.75
84.5625
78.5
73.125
70.3125
69.5
69.5625
69.875
70.125
69.9375
69.375
68.5
67.6875
66.9375
66.25
65.5
65.125
65.125
65.25
66.5
71.1875
79.875
89.0
95.6875
99.25
99.8125
97.8125
93.5
87.625
81.1875
76.0625
73.8125
73.375
73.4375
73.5625
73.375
72.875
72.0
71.0
69.9375
69.0625
68.375
67.625
66.9375
66.3125
65.8125
65.3125
64.8125
64.25
63.75
63.25
62.875
62.5
62.1875
62.0625
62.5
65.0
73.625
89.1875
104.9375
116.0625
122.0
123.9375
122.4375
118.625
113.5
107.5
100.75
93.6875
87.875
85.0625
84.625
84.25
83.375
82.375
81.3125
80.0
78.5625
77.125
75.8125
74.6875
73.6875
72.625
71.6875
70.8125
70.0625
69.3125
68.5625
67.875
67.125
66.4375
65.875
65.3125
64.75
64.1875
63.75
63.5
63.5
63.9375
66.375
73.6875
85.0
95.875
103.6875
107.875
108.5
106.375
102.125
96.5625
90.125
83.5625
78.875
77.0625
76.625
76.0625
75.25
74.5625
73.75
72.75
71.6875
70.625
69.5625
68.5
67.5
66.5625
65.75
65.0625
64.5
63.9375
63.3125
62.6875
62.0625
61.5
61.0625
60.6875
60.3125
60.0
59.75
60.25
64.0
72.875
84.0625
93.3125
98.4375
99.6875
97.8125
93.875
88.625
82.5
76.4375
72.3125
71.0625
71.0625
70.875
70.4375
70.0
69.4375
68.6875
67.6875
66.625
65.6875
64.875
64.125
63.5
63.0
62.5625
62.0625
61.5
61.0
60.5625
60.125
59.75
59.3125
58.875
58.375
58.5625
61.6875
69.875
80.375
88.5
93.0
93.5625
91.125
86.75
81.25
75.3125
70.0625
67.375
67.125
67.3125
67.375
67.25
67.0
66.5625
65.875
65.0
64.1875
63.4375
62.875
62.375
61.9375
61.5
61.125
60.6875
60.3125
60.0625
59.875
59.875
60.0
60.25
62.3125
68.9375
79.25
88.6875
94.875
96.9375
95.375
91.375
85.8125
79.5625
73.8125
70.5
69.6875
69.875
70.0625
70.0625
69.875
69.4375
68.625
67.625
66.5625
65.8125
65.0625
64.375
63.6875
63.0625
62.5625
62.0625
61.625
61.125
60.625
60.25
59.8125
59.375
59.0
58.6875
58.4375
58.3125
58.625
60.6875
67.8125
81.0625
94.875
104.9375
110.75
112.75
111.6875
108.375
103.5625
97.625
91.0625
84.75
80.6875
79.3125
79.0
78.5
78.0
77.5
76.625
75.3125
74.0625
72.875
71.8125
70.875
70.0
69.1875
68.375
67.6875
67.0625
66.4375
65.8125
65.1875
64.625
64.0625
63.5625
63.125
62.875
62.8125
62.9375
64.125
68.6875
77.375
87.25
95.1875
100.0
101.5
100.0625
96.3125
91.125
85.0625
79.1875
75.375
74.125
73.875
73.5625
73.3125
73.0625
72.4375
71.4375
70.375
69.4375
68.625
67.8125
66.9375
66.1875
65.5625
65.0
64.5
64.0
63.4375
62.9375
62.5
62.125
61.8125
61.625
61.625
62.125
64.6875
71.9375
82.75
92.9375
100.25
104.0
104.375
102.0
97.625
92.0625
85.8125
80.125
76.75
75.6875
75.375
74.875
74.375
73.8125
73.0
71.9375
70.9375
70.0
69.3125
68.875
68.4375
68.1875
69.6875
75.0
83.125
90.25
94.375
95.4375
93.5
89.0625
82.75
76.125
71.375
69.3125
68.875
68.875
69.0
68.875
68.25
67.375
66.3125
65.3125
64.4375
63.6875
62.9375
62.3125
61.6875
61.0625
60.4375
59.875
59.4375
58.9375
58.5
58.0625
57.5625
57.0625
56.5625
56.0
55.5
55.0
54.5625
54.3125
54.0625
53.9375
54.625
59.375
73.0625
92.75
108.625
117.1875
120.625
120.25
117.375
113.1875
108.125
102.3125
95.8125
88.8125
83.0625
80.5
80.0625
79.8125
79.0
77.8125
76.625
75.375
74.0
72.5625
71.3125
70.1875
69.25
68.5
67.75
67.0625
66.4375
65.875
65.3125
64.75
64.125
63.5
64.375
68.3125
74.375
79.4375
81.9375
81.3125
77.875
72.75
67.125
63.1875
61.8125
61.5
61.4375
61.6875
61.9375
61.9375
61.5
60.9375
60.4375
60.0
59.625
59.4375
59.25
59.75
63.0
70.5
80.4375
88.4375
92.875
93.9375
92.0625
88.0
82.4375
76.375
71.5
69.375
69.125
69.1875
69.375
69.375
68.875
68.0625
67.0625
66.0625
65.125
64.375
63.6875
63.1875
62.5625
62.0625
61.5625
61.0625
60.625
60.25
59.8125
59.4375
59.0
58.625
58.25
58.0
58.0625
59.25
65.3125
80.0625
98.625
112.875
121.125
125.0625
125.3125
122.625
118.375
113.0625
107.0625
100.3125
93.3125
87.875
85.4375
84.875
84.3125
83.25
82.1875
81.125
79.75
78.1875
76.6875
75.3125
74.25
73.1875
72.1875
71.3125
70.5
69.6875
68.9375
68.1875
67.625
67.1875
67.0
67.0
67.6875
70.75
77.5625
85.9375
92.875
97.125
98.3125
96.625
92.625
87.0
80.6875
75.4375
72.875
72.25
72.0625
72.0625
71.9375
71.5
70.75
69.8125
68.9375
68.0625
67.125
66.3125
65.5625
64.875
64.375
63.9375
63.4375
62.875
62.3125
61.8125
61.4375
61.0
60.5625
60.125
59.6875
59.25
58.8125
58.5625
58.75
59.6875
64.0
75.4375
91.4375
105.25
114.375
119.0
119.9375
117.9375
113.875
108.6875
102.5625
95.875
89.25
84.5
82.625
82.375
81.8125
80.8125
79.8125
78.75
77.4375
76.0625
74.8125
73.5625
72.5625
71.5625
70.5625
69.6875
68.9375
68.1875
67.5
66.875
66.125
65.375
64.6875
64.0625
63.5625
63.0625
62.5
62.0
61.625
61.4375
61.5625
62.375
66.25
74.75
85.3125
94.4375
100.3125
102.8125
102.3125
99.375
94.6875
88.9375
82.6875
77.3125
74.75
74.125
73.75
73.0
72.25
71.4375
70.5
69.6875
68.875
67.8125
66.75
65.8125
65.375
65.25
65.5625
66.6875
67.75
67.375
65.375
62.3125
59.5625
58.375
58.0
57.8125
57.6875
57.4375
56.9375
56.5
56.0625
55.6875
55.125
54.5
54.0
53.6875
53.4375
53.1875
53.0625
52.875
52.5625
52.1875
51.75
51.4375
51.25
51.1875
51.25
51.4375
53.1875
60.125
74.3125
90.0625
101.125
106.375
107.625
105.6875
101.75
96.625
90.6875
84.125
78.125
74.625
73.75
73.875
73.6875
72.8125
71.8125
70.8125
69.875
68.875
67.75
66.8125
66.0
65.3125
64.625
63.9375
63.3125
62.6875
62.125
61.5625
61.0
60.4375
59.9375
59.375
58.9375
59.4375
63.5
72.625
82.75
89.75
92.6875
91.9375
88.625
83.8125
77.9375
71.875
67.25
65.5625
65.625
65.875
66.0
65.75
65.375
64.875
64.1875
63.375
62.6875
62.1875
61.6875
61.3125
61.0625
60.875
60.625
60.4375
60.1875
59.9375
59.5625
59.125
58.75
58.25
57.75
57.1875
56.6875
56.25
55.75
55.4375
55.125
54.75
54.4375
54.125
53.8125
53.5
53.25
52.9375
52.6875
52.375
52.125
52.0
51.75
51.5625
51.3125
51.3125
51.6875
54.375
64.375
83.125
102.0
115.4375
123.5625
127.1875
127.1875
124.625
120.6875
115.8125
110.1875
103.9375
97.0
90.3125
86.0625
84.4375
83.8125
82.9375
81.8125
80.6875
79.375
77.875
76.375
74.9375
73.6875
72.625
71.625
70.6875
69.8125
68.9375
68.1875
67.5
66.8125
66.3125
65.875
65.5
65.1875
64.875
65.25
68.0
73.25
78.9375
83.125
85.0
84.0625
80.5625
75.375
70.0625
66.5
65.125
64.75
64.8125
65.0625
65.1875
64.9375
64.3125
63.625
63.0
62.375
61.75
61.5625
61.5625
62.0625
64.4375
70.625
79.3125
86.9375
92.0
94.1875
93.5625
90.5
85.5625
79.5
73.6875
70.0
68.75
68.8125
69.0625
69.0625
68.8125
68.3125
67.5
66.5
65.5625
64.8125
64.125
63.4375
62.8125
62.3125
61.875
61.3125
60.8125
60.3125
59.9375
59.4375
59.125
59.125
59.6875
62.375
70.5
84.125
97.5625
107.3125
112.5
114.0
112.625
109.0625
104.0625
98.0625
91.4375
84.6875
79.6875
77.875
77.8125
77.5625
76.75
75.875
74.9375
73.625
72.1875
70.6875
69.375
68.125
67.0
66.0
65.0
64.1875
63.5625
62.9375
62.3125
61.8125
61.375
61.125
61.25
62.625
67.3125
76.0625
85.25
92.0
95.6875
96.25
93.9375
89.5625
83.8125
77.375
71.75
68.75
68.1875
68.125
67.9375
67.625
67.1875
66.5
65.6875
64.8125
64.0625
63.3125
62.625
62.5
62.4375
62.4375
64.5
70.625
79.625
87.8125
93.1875
94.875
93.5
89.5625
83.75
77.125
71.125
67.6875
66.8125
66.875
67.0
66.8125
66.3125
65.625
64.875
64.125
63.3125
62.625
61.9375
61.1875
60.5
59.9375
59.5
58.9375
58.5
58.0
57.5
57.0625
56.4375
55.875
55.4375
55.0625
54.6875
54.5
55.3125
60.8125
75.5625
94.0625
107.1875
113.8125
115.75
114.5625
111.3125
106.875
101.375
95.0625
88.125
81.5
77.5
76.75
76.8125
76.5625
75.8125
74.75
73.75
72.625
71.375
70.3125
69.4375
68.6875
68.125
67.5625
67.0625
66.5625
66.0625
65.4375
64.875
64.1875
63.5625
63.0625
62.75
62.5625
62.5625
64.0625
69.4375
78.5625
87.9375
94.625
98.0
98.375
95.9375
91.4375
85.6875
79.4375
74.0625
71.5
70.9375
70.8125
70.5625
70.375
70.0
69.3125
68.375
67.375
66.5625
65.625
64.6875
63.9375
63.1875
62.625
62.1875
61.75
61.375
60.9375
60.625
60.4375
60.5625
61.5
65.4375
74.4375
85.8125
95.3125
101.5
104.1875
103.875
101.0625
96.3125
90.5
84.0625
78.3125
75.25
74.5
74.25
73.8125
73.4375
73.0
72.25
71.25
70.1875
69.1875
68.3125
67.4375
66.625
65.875
65.1875
64.8125
64.625
64.5625
64.75
66.6875
72.125
80.5
88.5
94.125
96.875
96.625
93.8125
89.0
83.0
77.0
73.0
71.4375
71.0
70.875
70.9375
70.75
70.1875
69.375
68.4375
67.5625
66.8125
66.0
65.1875
64.4375
63.875
63.375
62.8125
62.25
61.8125
61.375
60.9375
60.5625
60.1875
59.875
59.9375
61.0625
65.6875
77.3125
92.9375
106.1875
114.5625
118.5625
119.0625
116.6875
112.5
107.0625
100.875
94.0625
87.5625
83.25
81.75
81.25
80.5
79.4375
78.375
77.3125
76.0
74.5625
73.1875
71.9375
71.0625
70.5
69.75
69.125
70.1875
74.6875
82.1875
89.5625
94.1875
95.5625
93.9375
89.75
83.625
76.6875
71.3125
68.75
68.125
68.25
68.375
68.1875
67.625
66.875
65.9375
64.9375
64.1875
63.4375
62.6875
62.0
61.3125
60.6875
60.125
59.5625
59.0625
58.625
58.1875
57.75
57.25
56.75
56.3125
56.125
56.75
61.0625
73.0625
90.0625
104.1875
112.0625
115.0625
114.5625
111.5
106.875
101.375
95.125
88.125
81.6875
77.9375
77.0625
76.9375
76.4375
75.4375
74.5
73.4375
72.3125
71.0
69.6875
68.625
67.625
66.75
66.0
65.25
64.625
63.9375
63.3125
62.6875
61.9375
61.3125
60.8125
60.375
59.8125
59.25
58.75
58.5625
60.1875
66.75
78.0
88.4375
95.0
97.625
96.75
93.5
88.8125
83.125
76.9375
71.6875
69.125
68.75
68.625
68.4375
68.125
67.75
67.3125
66.5625
65.5625
64.6875
64.0
63.5
63.0625
62.6875
62.3125
62.0625
61.8125
61.5
61.1875
61.0
60.75
60.5
60.375
60.5625
62.75
69.625
80.5
90.625
97.5
100.9375
100.75
97.9375
93.3125
87.4375
81.0
75.5
72.75
72.1875
72.1875
72.0625
71.8125
71.4375
70.75
69.75
68.6875
67.6875
66.75
65.9375
65.125
64.5
63.9375
63.375
62.875
62.375
61.875
61.375
60.8125
60.375
59.9375
59.5625
59.1875
58.875
58.75
58.8125
59.8125
64.25
74.875
88.5
99.75
107.125
110.6875
110.875
108.5625
104.3125
98.75
92.375
85.75
80.4375
78.125
77.625
77.25
76.8125
76.375
75.625
74.5625
73.375
72.375
71.8125
71.1875
70.5
70.375
72.375
77.5625
83.9375
88.6875
90.625
89.5
85.5
79.5625
73.625
69.8125
68.125
67.875
68.3125
68.6875
68.625
68.125
67.3125
66.25
65.25
64.5625
64.0
63.4375
62.9375
62.4375
61.9375
61.4375
61.0
60.625
60.125
59.625
59.1875
58.8125
58.4375
57.9375
57.625
57.375
57.4375
58.5625
63.875
77.0
94.375
108.375
117.0
121.125
121.625
119.25
114.9375
109.4375
103.1875
96.4375
89.75
84.8125
82.8125
82.3125
81.6875
80.5625
79.5
78.375
77.0625
75.625
74.25
73.0625
72.0625
71.0
70.0
69.0625
68.3125
67.5
66.8125
66.125
65.4375
64.75
64.3125
64.125
64.125
64.5
66.625
72.5
81.375
89.75
95.8125
98.75
98.4375
95.5625
90.75
84.75
78.375
73.6875
71.625
71.0
70.625
70.0625
69.5
68.75
67.75
66.75
65.8125
64.875
64.0
63.0625
62.125
61.375
60.75
60.25
59.75
59.3125
58.8125
58.375
58.125
58.0625
58.25
60.0625
66.3125
77.4375
88.9375
97.25
101.5625
102.0625
99.75
95.375
89.875
83.5625
77.125
72.625
71.0
70.9375
70.75
70.1875
69.4375
68.8125
68.0
67.0
65.9375
64.875
63.9375
63.0625
62.25
61.6875
61.125
60.625
60.0625
59.4375
58.8125
58.25
57.8125
57.3125
56.8125
56.3125
55.6875
55.0625
54.5625
54.0625
53.5625
53.125
52.6875
52.3125
51.9375
51.625
51.25
50.875
50.5
50.125
49.8125
49.625
49.4375
49.125
49.6875
54.25
67.625
86.8125
102.0625
110.625
114.125
114.125
111.9375
108.3125
103.5625
98.0
91.5
84.5
78.6875
76.1875
75.875
75.8125
75.25
74.4375
73.5625
72.5
71.25
70.0
68.8125
67.875
67.125
66.5
65.9375
65.375
64.8125
64.3125
63.8125
63.375
62.875
62.375
61.875
61.375
60.9375
60.4375
60.125
59.75
59.375
59.6875
62.875
69.8125
78.0
84.9375
89.0
89.6875
87.4375
83.0625
77.5
71.8125
67.5625
66.0
65.8125
65.8125
65.75
65.75
65.5625
65.0
64.125
63.375
62.625
61.8125
61.0625
60.3125
59.8125
59.375
59.0
58.75
58.375
58.0
57.75
57.5625
57.5625
57.9375
59.9375
65.6875
74.75
83.625
90.1875
93.8125
94.5
92.4375
88.375
83.0
77.125
72.1875
69.8125
69.25
69.0625
68.875
68.8125
68.5625
67.875
67.0
66.0625
65.25
64.5
63.6875
62.9375
62.375
61.875
61.3125
60.875
60.4375
59.9375
59.4375
59.0
58.625
58.3125
58.0625
57.9375
58.125
59.4375
64.375
74.4375
85.875
95.125
101.0625
103.5
103.0
100.1875
95.75
90.25
84.0625
78.25
74.75
73.875
73.75
73.375
72.875
72.3125
71.5625
70.375
69.3125
68.375
67.5625
67.125
66.875
66.5625
67.25
71.0625
78.5625
86.875
92.9375
96.0
96.0625
93.375
88.375
81.9375
75.6875
71.625
70.0625
69.8125
70.0625
70.1875
69.9375
69.375
68.4375
67.3125
66.25
65.5
64.75
64.125
63.5
62.9375
62.3125
61.8125
61.3125
60.8125
60.375
60.0
59.6875
59.6875
60.25
62.9375
71.4375
85.5
98.875
108.3125
113.25
114.5
112.9375
109.1875
104.0
98.0
91.1875
84.375
79.5625
77.6875
77.375
76.8125
75.75
74.8125
73.8125
72.5
71.1875
69.9375
68.8125
67.8125
66.75
65.6875
64.75
64.0
63.3125
62.875
62.6875
62.5
62.625
64.25
69.625
78.0625
86.1875
91.75
94.3125
93.5625
90.125
84.875
78.5
72.25
68.1875
67.0
66.9375
66.875
66.75
66.4375
65.875
65.0625
64.1875
63.3125
62.5
61.75
61.0625
60.5625
60.125
59.9375
59.75
60.1875
63.625
72.0625
83.0
92.0625
97.625
99.1875
97.4375
93.5
88.0625
81.625
75.125
70.5
68.9375
69.0625
69.0625
68.5625
68.0
67.4375
66.6875
65.75
64.75
63.9375
63.25
62.6875
62.1875
61.9375
61.625
61.75
64.625
72.125
82.5
91.375
96.375
97.4375
95.5625
91.3125
85.625
79.125
72.875
68.875
67.875
68.0625
68.0
67.75
67.5625
67.0625
66.3125
65.4375
64.625
64.0
63.375
62.75
62.1875
61.625
61.125
60.625
60.375
60.375
60.375
60.6875
61.8125
66.25
77.9375
93.9375
106.6875
113.75
116.3125
115.5
112.25
107.375
101.4375
94.6875
87.6875
82.0625
79.625
79.25
79.125
78.75
78.0
77.0
75.8125
74.4375
73.125
72.125
71.1875
70.1875
69.0
67.875
67.0
66.0
65.0
64.125
63.3125
62.75
62.1875
61.5625
61.125
60.625
60.1875
59.6875
59.25
58.8125
58.3125
58.0
57.6875
57.3125
57.0
56.625
56.25
55.875
55.5
55.125
54.875
54.625
54.375
54.25
54.0
53.8125
53.5625
53.3125
53.0625
52.8125
52.5
52.25
52.1875
52.875
57.75
74.4375
99.75
119.25
130.4375
136.5625
138.0625
135.8125
131.625
126.625
121.125
115.125
108.4375
101.0625
93.875
89.125
87.5
86.8125
85.8125
84.625
83.5
82.0625
80.375
78.625
77.0625
75.75
74.5
73.4375
72.4375
71.5
70.625
69.6875
68.8125
68.0625
67.25
66.5
65.875
65.25
64.75
64.5
64.375
64.6875
66.9375
73.25
82.875
91.9375
98.5
101.875
101.9375
99.375
94.75
88.8125
82.375
76.875
74.0
73.1875
73.0
72.5
72.0625
71.625
70.875
69.8125
68.875
68.0
67.0625
66.125
65.1875
64.4375
63.8125
63.25
62.75
62.25
61.6875
61.125
60.625
60.125
59.8125
59.75
59.9375
61.125
65.8125
75.625
87.3125
97.0
103.25
105.6875
105.0625
101.9375
97.125
91.1875
84.75
79.125
75.8125
74.75
74.1875
73.4375
72.5
71.6875
70.75
69.625
68.5
67.5625
66.6875
66.0
65.6875
65.25
65.0
66.625
71.6875
79.25
86.125
90.375
91.375
89.5625
85.3125
79.3125
72.9375
68.375
66.3125
65.875
66.0625
66.1875
65.9375
65.4375
64.8125
64.0
63.125
62.375
61.6875
61.0
60.3125
59.6875
59.125
58.625
58.1875
57.875
57.625
57.5
57.875
60.1875
68.0
80.9375
93.1875
101.0625
104.1875
103.6875
100.6875
95.875
90.0625
83.4375
76.8125
72.1875
70.875
71.0625
71.125
70.5625
69.8125
69.125
68.25
67.1875
66.125
65.125
64.3125
63.5625
62.8125
62.25
61.6875
61.0625
60.4375
59.875
59.375
58.875
58.375
57.8125
57.1875
56.5
55.9375
55.5
55.125
54.8125
54.9375
56.9375
65.0625
80.0
94.25
103.0625
106.6875
106.625
104.1875
100.1875
95.0625
89.0
82.3125
76.3125
73.25
72.75
72.8125
72.625
72.125
71.4375
70.75
69.8125
68.875
67.875
67.0625
66.4375
65.875
65.375
64.9375
64.375
63.6875
63.0
62.375
61.625
61.0
60.5
60.0625
59.625
59.1875
58.9375
58.75
58.75
59.625
63.5
72.25
83.4375
92.625
98.4375
100.75
99.8125
96.5625
91.625
85.6875
79.4375
74.3125
72.0
71.5
71.375
71.125
70.9375
70.4375
69.6875
68.75
67.875
67.3125
66.875
66.375
66.1875
67.4375
71.9375
78.9375
85.125
88.9375
89.875
87.625
82.8125
76.5625
71.0
67.875
66.75
66.625
67.0625
67.5
67.375
66.875
65.9375
64.9375
64.125
63.375
62.6875
62.1875
61.625
61.125
60.75
60.25
59.8125
59.3125
58.875
58.625
58.375
58.375
59.0
62.1875
71.4375
86.0625
99.4375
108.375
113.0625
114.1875
112.4375
108.625
103.3125
97.0
90.1875
83.75
79.75
78.6875
78.5625
78.0
77.25
76.5
75.5
74.3125
73.0
71.75
70.75
69.8125
68.8125
68.0
67.1875
66.4375
65.75
65.1875
64.5625
63.9375
63.5
63.375
63.5625
64.375
68.0625
76.0625
85.75
93.8125
99.0625
100.9375
99.9375
96.5625
91.375
85.25
78.9375
74.375
72.625
72.3125
72.1875
71.9375
71.6875
71.0625
70.1875
69.1875
68.25
67.3125
66.375
66.0
65.875
66.0
67.6875
73.125
81.6875
89.9375
95.5625
97.9375
97.5
94.375
89.1875
82.8125
76.5625
72.4375
70.8125
70.5625
70.75
70.75
70.375
69.75
68.9375
68.125
67.5625
67.25
67.3125
69.25
74.625
81.4375
86.375
87.875
85.75
80.6875
74.0
68.25
65.5625
64.8125
64.5
64.4375
64.5
64.3125
63.6875
62.8125
61.9375
61.25
60.5625
59.75
59.0625
58.5625
58.25
58.125
57.9375
57.6875
57.3125
56.625
56.3125
59.0625
68.1875
82.0
93.0625
98.1875
98.8125
95.9375
90.8125
84.375
77.5
71.3125
67.625
67.0
67.5
67.75
67.5625
67.0625
66.25
65.5
64.6875
63.75
62.8125
62.0
61.25
60.5625
59.8125
59.3125
58.8125
58.375
57.875
57.25
56.6875
56.125
55.5
55.0
54.5
54.0625
53.75
53.5
53.125
52.875
53.375
57.75
71.5
90.875
105.25
112.0625
113.625
112.0
108.4375
103.625
97.9375
91.4375
84.4375
78.6875
76.0625
75.6875
75.5625
75.125
74.25
73.0625
71.875
70.6875
69.25
68.0
67.0
66.25
65.5
64.75
64.0625
63.4375
62.75
62.1875
61.5625
60.9375
60.5
60.25
59.875
59.4375
60.125
64.3125
72.5625
81.4375
87.75
90.4375
89.625
86.0625
80.75
74.625
69.3125
66.5625
66.0
66.0
65.9375
65.9375
65.8125
65.375
64.625
63.8125
63.0
62.1875
61.4375
60.8125
60.1875
59.75
59.3125
58.875
58.5
58.125
57.6875
57.3125
56.9375
56.5
56.125
55.75
55.375
55.1875
55.25
56.1875
60.5
71.375
86.25
98.875
107.1875
111.3125
111.875
109.625
105.4375
100.0625
93.8125
87.125
81.0625
77.6875
76.9375
76.875
76.375
75.75
75.125
74.125
72.875
71.5625
70.5
69.5
68.625
67.8125
67.125
66.6875
66.4375
66.125
66.0625
67.125
71.0625
77.4375
83.6875
87.9375
89.5
88.375
84.8125
79.625
73.8125
69.4375
67.5
67.1875
67.3125
67.5
67.5
67.125
66.4375
65.5
64.6875
64.0
63.3125
62.625
62.0
61.5625
61.0625
60.6875
60.5625
60.6875
61.8125
65.9375
75.125
86.25
95.1875
100.75
103.0
102.125
98.6875
93.4375
87.125
80.625
75.75
73.8125
73.5625
73.375
72.8125
72.3125
71.75
70.8125
69.6875
68.6875
67.75
66.8125
65.8125
64.9375
64.1875
63.4375
62.875
62.4375
61.9375
61.8125
61.9375
63.0
67.125
76.0
86.5
94.875
100.125
102.0
100.6875
97.0625
91.75
85.375
78.9375
74.25
72.4375
72.25
72.0
71.5625
71.0625
70.3125
69.125
67.8125
66.5625
65.5625
64.6875
63.75
63.25
63.125
63.0625
63.875
67.9375
76.0
85.0
91.75
95.4375
96.0
93.5625
89.0625
82.9375
76.25
70.75
68.0625
67.5
67.625
67.875
67.875
67.3125
66.375
65.25
64.1875
63.5625
63.25
62.75
61.625
60.375
59.375
58.3125
57.5
56.625
55.9375
55.5625
55.0625
54.5
54.0625
53.625
53.25
52.75
52.25
51.8125
51.5
51.1875
50.9375
50.875
50.8125
50.5
50.125
49.75
49.375
49.0625
48.875
48.8125
48.6875
48.5625
48.1875
47.75
47.3125
46.875
46.625
46.4375
46.375
46.3125
46.5
50.125
65.1875
91.1875
111.625
121.875
126.1875
126.0625
123.0
118.5
113.4375
107.8125
101.4375
94.4375
87.375
82.3125
80.4375
80.0
79.5625
78.6875
77.375
75.875
74.4375
73.125
71.8125
70.8125
69.9375
69.1875
68.4375
67.875
67.25
66.6875
66.125
65.5625
65.0625
64.625
64.25
63.9375
64.625
68.0
73.9375
80.125
84.1875
85.3125
83.5
79.0
73.125
67.8125
64.9375
64.1875
63.9375
63.9375
64.1875
64.1875
63.75
62.9375
62.1875
61.5
60.8125
60.0625
59.375
58.8125
58.4375
58.3125
58.4375
59.0625
62.0625
69.875
80.75
90.0
96.0
98.75
98.5625
95.8125
91.0625
85.0
78.4375
73.3125
71.0
70.625
70.5625
70.3125
70.125
69.6875
68.875
67.9375
67.0
66.1875
65.4375
64.5625
63.8125
63.125
62.625
62.0625
61.5625
61.0625
60.5
59.9375
59.4375
59.0
58.625
58.1875
57.8125
57.375
56.9375
56.5
56.1875
55.8125
55.5
55.25
55.125
55.6875
58.9375
69.6875
87.5
104.1875
115.4375
121.8125
124.25
123.375
120.25
115.8125
110.4375
104.25
97.4375
90.375
84.6875
82.3125
81.9375
81.375
80.4375
79.5625
78.5625
77.1875
75.625
74.125
72.875
71.75
70.6875
69.8125
69.1875
68.8125
68.4375
68.0
68.0
69.9375
74.6875
80.6875
85.4375
87.8125
87.4375
84.5
79.75
74.125
69.5625
67.4375
66.875
66.6875
66.6875
66.75
66.625
66.0625
65.25
64.5
63.8125
63.0
62.25
61.625
61.0625
60.625
60.1875
59.75
59.3125
58.875
58.4375
58.0
57.625
57.1875
56.75
56.375
56.0
55.5625
55.125
54.8125
54.4375
54.0625
53.8125
53.75
54.0
55.875
63.0625
77.6875
94.125
106.4375
113.9375
117.375
117.375
114.8125
110.5
105.125
98.9375
92.1875
85.3125
80.0625
78.0625
77.875
77.625
76.625
75.625
74.625
73.3125
71.9375
70.6875
69.4375
68.3125
67.25
66.25
65.375
64.625
63.875
63.1875
62.5625
61.9375
61.3125
60.625
60.125
59.6875
59.4375
59.1875
58.8125
58.75
61.0
67.0625
75.4375
82.8125
87.3125
88.5
86.8125
82.9375
77.6875
71.875
66.8125
64.1875
63.8125
63.875
63.75
63.6875
63.5625
63.0625
62.1875
61.25
60.625
60.125
59.4375
58.5
57.5625
56.75
55.9375
55.3125
54.5625
54.0
53.5
53.0625
52.6875
52.375
52.0
51.625
51.1875
50.8125
50.5
50.125
49.875
49.6875
49.625
49.5625
49.4375
49.125
48.8125
48.375
48.0625
47.9375
47.875
47.75
47.5
47.125
46.75
46.4375
46.125
45.9375
45.75
45.5
45.375
45.1875
45.875
50.875
66.0625
87.375
103.3125
111.5
114.625
114.5
112.3125
108.625
104.0
98.4375
92.0625
85.3125
79.4375
76.5
76.3125
76.625
76.4375
75.875
75.1875
74.25
73.125
71.8125
70.5
69.375
68.3125
67.375
66.5
65.75
65.0
64.3125
63.75
63.3125
63.0
62.75
62.6875
63.4375
66.8125
73.0
79.8125
85.25
88.125
87.875
85.0
80.0
74.0625
69.0
66.3125
65.4375
65.125
65.0625
65.125
65.125
64.75
64.125
63.375
62.625
61.875
61.0625
60.375
59.8125
59.375
58.9375
58.5625
58.1875
57.8125
57.4375
57.0625
56.875
57.0
58.0625
62.375
72.375
85.125
95.8125
102.8125
106.0
106.1875
103.8125
99.625
94.1875
87.9375
81.75
77.1875
75.1875
74.8125
74.5
73.875
73.3125
72.6875
71.75
70.625
69.5
68.5
67.5625
66.6875
65.875
65.125
64.375
63.8125
63.1875
62.625
62.0625
61.5625
61.0
60.625
60.375
60.375
60.875
63.3125
70.25
80.625
90.375
97.3125
100.9375
101.5625
99.75
95.75
90.4375
84.3125
78.25
74.0625
72.625
72.375
72.0625
71.75
71.375
70.8125
69.9375
69.0
68.0625
67.125
66.125
65.25
64.5
63.8125
63.1875
62.6875
62.1875
61.75
61.3125
60.8125
60.3125
60.0625
60.0625
60.1875
61.6875
66.9375
76.8125
87.5625
96.125
101.4375
103.25
102.25
98.875
94.0
88.125
81.8125
76.6875
74.125
73.5
73.25
72.625
72.0625
71.4375
70.5
69.3125
68.0
66.75
65.5625
64.5625
63.5625
62.75
62.0
61.4375
60.8125
60.25
59.625
59.0
58.4375
58.0
57.625
57.4375
57.5
58.25
61.9375
70.5625
81.4375
90.375
96.1875
98.4375
97.75
94.75
90.1875
84.5625
78.25
72.5
69.3125
68.75
68.9375
68.6875
68.25
67.75
67.1875
66.375
65.5
64.8125
64.3125
63.875
63.4375
64.1875
67.75
74.375
81.1875
85.1875
86.25
84.3125
79.5
73.1875
67.3125
63.875
62.75
62.75
63.0625
63.3125
63.25
62.9375
62.3125
61.5625
60.75
60.0625
59.5
58.875
58.3125
57.8125
57.3125
56.875
56.5
56.125
55.625
55.125
54.625
54.1875
53.8125
53.4375
53.125
53.3125
56.0625
65.9375
82.6875
97.3125
105.625
109.0625
108.8125
106.3125
102.375
97.375
91.5
84.875
78.6875
75.0625
74.125
74.0625
73.875
73.375
72.5625
71.6875
70.6875
69.625
68.5625
67.75
67.0625
66.5
66.0
65.625
65.125
64.625
64.1875
63.625
63.0
62.375
61.875
61.5625
61.3125
61.375
62.6875
67.75
77.0
86.8125
94.125
98.125
98.9375
97.0
93.0
87.625
81.375
75.5625
71.9375
70.9375
70.875
70.75
70.5625
70.25
69.625
68.75
67.75
66.75
65.875
64.9375
64.125
63.375
62.8125
62.375
61.9375
61.4375
61.0
60.5625
60.125
59.8125
59.6875
59.75
61.0625
65.9375
76.0
87.625
96.875
102.625
105.0
104.4375
101.5625
97.0
91.25
84.8125
79.1875
75.9375
75.0
74.8125
74.4375
74.0
73.5625
72.75
71.6875
70.5625
69.5
68.5
67.625
66.875
66.125
65.4375
64.875
64.375
63.8125
63.25
62.6875
62.1875
61.6875
61.1875
60.6875
60.125
59.625
59.25
58.8125
58.4375
58.0
57.625
57.3125
57.0625
57.125
57.75
61.0625
70.5625
85.0625
98.4375
107.9375
113.25
115.0625
114.0625
110.875
106.25
100.625
94.375
87.8125
82.3125
79.875
79.375
79.0625
78.4375
77.75
77.0
75.9375
74.5625
73.4375
72.625
72.0
71.375
70.6875
70.625
72.875
78.0625
84.0625
88.25
89.5
87.9375
83.8125
78.0625
72.6875
69.375
68.0
67.8125
68.125
68.4375
68.375
67.875
67.0
65.9375
65.0
64.3125
63.75
63.1875
62.6875
62.1875
61.6875
61.25
60.75
60.25
59.8125
59.375
59.125
58.9375
59.0625
59.875
63.375
72.75
86.0625
97.875
105.875
109.875
110.4375
108.125
103.875
98.375
92.0625
85.5
80.125
77.5625
77.0
76.625
75.75
74.6875
73.8125
72.8125
71.625
70.3125
69.3125
68.75
68.3125
67.8125
67.3125
68.25
72.4375
79.375
86.3125
90.9375
92.1875
90.5625
86.3125
80.1875
73.625
69.1875
67.3125
66.875
67.125
67.4375
67.375
66.9375
66.25
65.25
64.25
63.625
63.5
63.1875
62.125
60.9375
60.0
58.9375
58.0625
57.25
56.625
56.1875
55.8125
55.3125
54.8125
54.4375
54.0625
53.625
53.25
52.8125
52.4375
52.1875
51.9375
51.75
51.6875
51.5625
51.3125
51.0
50.625
50.1875
50.0
49.875
49.75
49.625
49.375
49.0
48.5625
48.25
48.0
47.9375
48.0625
50.5
61.875
85.0
106.6875
118.6875
124.375
125.5
123.1875
119.25
114.375
108.75
102.4375
95.4375
88.6875
84.1875
82.5
82.0625
81.5625
80.625
79.1875
77.6875
76.3125
74.9375
73.5625
72.3125
71.375
70.5
69.6875
68.9375
68.1875
67.375
66.5625
65.875
65.3125
64.75
64.5
64.5
64.3125
64.3125
65.6875
70.625
78.625
86.125
90.625
91.875
89.8125
85.3125
79.25
73.1875
69.0
67.5
67.4375
67.5625
67.5625
67.5625
67.3125
66.75
65.9375
65.125
64.3125
63.5625
62.8125
62.0625
61.4375
61.0
60.625
60.25
59.875
59.4375
59.0
58.5
58.0625
57.6875
57.3125
56.875
56.625
56.5625
57.125
60.0625
69.0
83.8125
98.0625
107.9375
113.5
115.5
114.4375
111.125
106.3125
100.5
93.9375
87.25
82.125
80.0
79.625
79.375
78.75
78.125
77.3125
76.1875
74.875
73.5625
72.4375
71.4375
70.5
69.5625
68.75
68.0
67.3125
66.625
66.0625
65.4375
64.8125
64.1875
63.625
63.125
62.625
62.1875
61.6875
61.1875
60.6875
60.1875
59.6875
59.25
58.8125
58.5625
58.25
58.0
58.0
58.5625
61.5
69.8125
82.375
94.125
102.75
107.625
109.0625
107.75
104.3125
99.4375
93.625
87.1875
81.0
77.125
76.3125
76.375
76.125
75.625
75.125
74.4375
73.5
72.3125
71.1875
70.25
69.5625
68.9375
68.1875
67.25
66.375
65.5
64.5
63.5
62.625
61.9375
61.375
60.875
60.5
60.125
59.75
59.3125
58.75
58.3125
57.9375
57.5625
57.1875
56.875
56.5625
56.3125
56.0625
55.8125
55.5
55.125
54.75
54.4375
54.1875
54.0
53.8125
53.625
53.5
53.4375
54.125
57.8125
68.1875
83.75
97.5
106.875
111.6875
113.25
111.9375
108.375
103.3125
97.25
90.5625
84.1875
79.8125
78.0625
77.5
76.875
75.9375
74.9375
74.0625
72.875
71.5625
70.3125
69.25
68.25
67.25
66.25
65.3125
64.5625
63.875
63.25
62.6875
62.1875
61.9375
61.75
61.5625
62.375
66.375
73.875
81.875
87.9375
90.8125
90.125
86.75
81.5625
75.4375
69.6875
66.25
65.5
65.625
65.625
65.375
65.1875
64.75
63.9375
63.0
62.25
61.8125
61.3125
60.375
59.375
58.4375
57.625
56.875
56.125
55.5625
55.1875
54.6875
54.1875
53.6875
53.25
52.875
52.4375
52.0625
51.625
51.25
50.9375
50.6875
50.5625
50.5
50.375
50.125
49.75
49.375
48.9375
48.6875
48.625
48.625
48.5625
48.375
48.125
48.3125
51.875
64.625
85.5625
103.125
112.5
116.4375
116.5
113.8125
109.5625
104.3125
98.3125
91.5625
84.8125
79.75
77.6875
77.3125
77.125
76.5
75.4375
74.25
73.0625
71.9375
70.6875
69.625
68.6875
67.9375
67.25
66.5625
65.875
65.3125
64.6875
64.1875
63.8125
63.5
63.1875
62.8125
62.375
61.875
61.25
60.625
60.0625
59.5625
59.25
59.125
59.4375
61.75
69.0
81.5
94.3125
103.5
108.3125
109.25
107.3125
103.375
98.1875
92.0625
85.5625
79.8125
76.6875
75.9375
75.875
75.5625
74.875
74.0
73.0625
71.9375
70.75
69.625
68.625
67.6875
66.8125
66.0625
65.375
64.75
64.1875
63.6875
63.1875
62.5625
62.0625
61.75
61.6875
61.8125
62.625
65.9375
73.3125
82.25
89.8125
94.75
96.625
95.6875
92.375
87.3125
81.375
75.5625
71.6875
70.5
70.25
70.125
70.125
69.9375
69.375
68.5625
67.6875
66.875
66.0
65.0625
64.25
63.5625
63.0
62.5
62.0625
61.625
61.125
60.625
60.1875
59.75
59.3125
58.9375
58.6875
58.6875
59.375
62.4375
70.625
82.6875
93.625
101.4375
105.6875
106.4375
104.375
100.4375
95.1875
89.0625
82.75
77.8125
75.625
75.25
75.0
74.4375
73.9375
73.3125
72.3125
71.125
70.0
69.0
68.0625
67.125
66.3125
65.5625
64.9375
64.3125
63.75
63.1875
62.625
62.0625
61.5625
61.0625
60.625
60.3125
60.0625
60.0
60.375
62.6875
69.3125
79.3125
88.9375
96.0
99.875
100.4375
98.4375
94.5
89.1875
83.1875
77.3125
73.5625
72.375
72.1875
71.875
71.5
71.1875
70.5
69.5
68.375
67.375
66.375
65.4375
64.375
63.4375
62.5625
61.8125
61.1875
60.875
60.625
60.625
61.6875
65.4375
72.5625
80.4375
86.3125
89.625
90.0625
87.6875
83.25
77.4375
71.4375
67.25
65.5625
65.25
65.3125
65.375
65.3125
64.8125
64.125
63.3125
62.375
61.625
60.875
60.125
59.625
59.3125
59.3125
59.3125
59.9375
63.4375
71.3125
80.9375
88.75
93.5
94.6875
92.6875
88.625
83.0
76.625
70.75
