0
58.0625
57.8125
57.4375
57.125
56.75
56.375
56.0625
55.625
55.25
54.8125
54.4375
54.125
53.8125
53.375
53.125
52.75
52.375
52.125
51.875
51.625
51.375
51.0625
50.75
50.5625
50.375
50.125
49.875
49.625
49.4375
49.25
49.0
48.75
48.5625
48.4375
48.25
48.125
48.0625
47.9375
47.8125
47.6875
47.5
47.25
47.0
46.75
46.5
46.25
45.9375
45.6875
45.4375
45.5
47.8125
55.5625
67.5625
80.6875
94.5625
106.4375
113.4375
116.1875
116.9375
117.3125
117.5625
117.5625
117.0
115.9375
114.625
113.1875
111.625
109.75
107.5625
105.125
102.5
99.6875
96.6875
93.75
90.6875
87.9375
85.75
84.25
83.3125
82.6875
82.1875
81.75
81.1875
80.375
79.5625
78.6875
77.75
76.8125
75.875
75.0
74.1875
73.3125
72.4375
71.6875
70.9375
70.25
69.5625
68.9375
68.3125
67.75
67.1875
66.6875
66.0625
65.5625
65.125
64.625
64.0625
63.5625
63.125
62.625
62.1875
61.75
61.3125
60.8125
60.5625
60.1875
59.75
59.4375
59.25
59.0
58.75
58.625
58.375
58.25
58.0625
57.75
57.4375
57.0625
56.5625
56.0
55.5
55.0
54.5625
54.25
55.25
59.6875
68.5625
80.1875
93.125
105.0
113.25
117.3125
118.75
119.25
119.6875
119.9375
120.0
119.75
119.3125
119.0
118.625
118.0625
117.1875
116.0
114.5
112.75
110.5
107.875
104.5625
100.625
96.25
92.25
89.0625
86.875
85.5
84.5625
83.9375
83.3125
82.5625
81.625
80.5625
79.4375
78.3125
77.375
76.375
75.4375
74.625
73.8125
73.0
72.3125
71.5625
70.75
70.0625
69.4375
68.75
68.0625
67.5
66.875
66.25
65.6875
65.1875
64.5625
64.0625
63.625
63.125
62.6875
62.25
61.8125
61.375
61.0
60.5625
60.1875
59.75
59.4375
59.0625
58.75
58.375
58.0625
57.6875
57.375
57.0
56.6875
56.4375
56.0625
55.8125
55.5
55.25
55.0
54.6875
54.375
54.125
53.8125
53.4375
53.125
52.75
52.4375
52.0625
51.8125
51.5
51.125
50.75
50.5
50.375
50.125
50.0
49.875
49.8125
49.6875
49.5625
49.375
49.125
48.8125
48.5625
48.25
47.875
47.625
47.375
47.125
47.375
50.375
59.0
71.375
85.0625
99.375
110.6875
116.8125
119.125
119.75
120.125
120.3125
120.125
119.4375
118.5
117.25
115.9375
114.3125
112.4375
110.3125
107.9375
105.1875
102.1875
99.0
95.625
92.3125
89.1875
86.75
85.0
83.875
83.0625
82.375
81.75
81.0
80.125
79.0625
78.125
77.125
76.1875
75.1875
74.4375
73.6875
72.875
72.1875
71.625
71.0
70.375
69.8125
69.25
68.75
68.25
67.8125
67.4375
67.0625
66.625
66.1875
65.75
65.25
64.75
64.25
63.6875
63.1875
62.6875
62.3125
61.9375
61.5
61.125
60.6875
60.375
60.0
59.625
59.1875
58.875
58.625
58.3125
58.125
57.875
57.75
57.5625
57.4375
57.0625
56.6875
56.3125
55.9375
55.4375
54.9375
54.4375
53.9375
53.8125
55.3125
61.0
70.9375
83.1875
96.4375
108.0625
115.25
118.5
119.625
119.9375
120.3125
120.5
120.4375
120.0625
119.625
119.0
118.3125
117.5625
116.5
115.1875
113.5
111.4375
108.875
105.8125
102.1875
98.125
93.9375
90.4375
87.8125
86.125
85.0
84.25
83.5625
82.8125
81.9375
80.875
79.8125
78.6875
77.625
76.625
75.6875
74.875
74.125
73.3125
72.5625
71.8125
71.0625
70.3125
69.5625
68.9375
68.25
67.625
66.9375
66.375
65.75
65.25
64.6875
64.1875
63.625
63.125
62.6875
62.25
61.8125
61.375
60.9375
60.5
60.125
59.75
59.375
59.0
58.6875
58.3125
57.9375
57.625
57.25
56.9375
56.5625
56.3125
56.0
55.75
55.375
55.125
54.8125
54.5625
54.3125
54.0625
53.875
53.625
53.5625
53.4375
53.375
53.25
53.1875
52.9375
52.6875
52.3125
51.9375
51.5625
51.0625
50.625
50.25
49.9375
50.3125
53.75
62.5625
74.8125
88.375
102.0625
112.375
117.8125
119.9375
120.5625
120.9375
121.0625
120.875
120.3125
119.5
118.5625
117.5
116.1875
114.5625
112.6875
110.4375
107.875
104.9375
101.75
98.1875
94.5
90.9375
88.125
86.125
84.75
83.75
82.9375
82.125
81.25
80.375
79.25
78.1875
77.1875
76.25
75.3125
74.375
73.5625
72.75
72.0
71.3125
70.5625
69.8125
69.125
68.375
67.6875
67.0
66.375
65.75
65.1875
64.5625
64.0
63.4375
62.875
62.5
62.0
61.5
61.0625
60.6875
60.3125
59.875
59.5
59.125
58.75
58.4375
58.125
57.875
57.5625
57.3125
57.0625
56.875
56.625
56.5
56.5
56.4375
56.4375
56.4375
56.5
56.5625
56.5625
56.5625
56.4375
56.3125
56.125
55.75
55.375
54.875
54.3125
53.875
53.375
52.875
52.5
52.125
52.25
54.6875
62.125
73.4375
86.4375
99.9375
110.8125
116.875
119.125
119.625
119.6875
119.8125
119.75
119.375
118.625
117.75
116.875
115.75
114.375
112.875
111.0
108.6875
106.0
103.0
99.5625
95.75
92.0625
89.0
86.6875
85.1875
84.1875
83.4375
82.75
82.0
81.1875
80.1875
79.0625
77.9375
76.875
75.875
74.875
74.125
73.3125
72.5625
71.75
71.0625
70.3125
69.625
69.0
68.375
67.6875
67.0
66.4375
65.75
65.25
64.6875
64.1875
63.625
63.125
62.6875
62.25
61.8125
61.3125
60.9375
60.5
60.125
59.6875
59.3125
58.9375
58.625
58.25
57.9375
57.5625
57.25
56.9375
56.5625
56.25
56.0
55.75
55.4375
55.3125
55.25
55.125
55.0
54.875
54.6875
54.375
54.0625
53.6875
53.1875
52.625
52.1875
51.75
51.375
51.5
53.6875
60.6875
72.0
85.1875
98.9375
110.375
117.0
119.625
120.375
120.75
120.9375
120.9375
120.5625
119.875
119.0
118.0625
117.0
115.875
114.4375
112.625
110.5
107.875
104.75
101.125
97.125
93.0625
89.625
87.0625
85.3125
84.125
83.25
82.5625
81.8125
80.9375
79.875
78.875
77.75
76.625
75.6875
74.75
73.8125
73.0625
72.25
71.5
70.75
70.0
69.3125
68.5625
68.0
67.3125
66.5625
65.9375
65.3125
64.625
64.125
63.5625
62.9375
62.4375
61.9375
61.5
61.0
60.625
60.1875
59.75
59.375
58.9375
58.625
58.1875
57.875
57.5625
57.25
56.875
56.5625
56.1875
55.9375
55.5625
55.3125
55.0
54.6875
54.4375
54.125
53.8125
53.5625
53.3125
53.125
52.9375
52.6875
52.5625
52.4375
52.4375
52.5
52.625
52.8125
53.0625
53.3125
53.4375
53.5625
53.5
53.3125
52.9375
52.625
52.1875
51.6875
51.1875
50.6875
50.375
50.875
54.8125
64.0
76.3125
90.0
103.375
112.8125
117.5
119.0
119.1875
119.125
119.0
118.6875
118.0625
117.125
116.0
114.8125
113.375
111.6875
109.5625
107.125
104.375
101.25
98.0
94.5625
91.25
88.3125
86.1875
84.6875
83.75
83.0
82.375
81.6875
80.8125
79.875
78.8125
77.75
76.6875
75.6875
74.75
73.8125
72.9375
72.125
71.375
70.6875
69.9375
69.1875
68.5625
67.875
67.3125
66.75
66.25
65.8125
65.4375
65.125
64.8125
64.4375
63.9375
63.5
62.9375
62.3125
61.625
61.0
60.3125
59.75
59.1875
58.6875
58.5625
59.8125
64.5
73.5625
85.625
98.875
110.5625
118.0
121.25
122.125
122.375
122.3125
122.25
121.9375
121.5
121.0
120.5625
120.0625
119.5
118.6875
117.5
115.875
113.8125
111.25
107.875
103.75
99.125
94.625
90.875
88.125
86.375
85.1875
84.4375
83.75
83.0
82.0
81.0
79.8125
78.6875
77.6875
76.6875
75.75
74.875
74.0625
73.3125
72.5
71.75
71.0
70.1875
69.4375
68.625
67.875
67.0625
66.375
65.6875
65.0625
64.4375
63.8125
63.25
62.6875
62.125
61.625
61.1875
60.6875
60.25
59.875
59.4375
59.0625
58.6875
58.25
57.8125
57.4375
57.0625
56.6875
56.375
56.0625
55.6875
55.375
55.0625
54.75
54.4375
54.125
53.875
53.5625
53.3125
53.0
52.75
52.4375
52.25
51.9375
51.6875
51.375
51.1875
51.0
50.8125
50.625
50.375
50.125
49.875
49.75
49.5
49.3125
49.1875
49.0
48.8125
48.5625
48.4375
48.1875
48.0
47.9375
47.875
47.75
47.6875
47.5625
47.5
47.375
47.1875
47.0
46.75
46.5625
46.3125
46.1875
46.0625
46.0
46.125
47.6875
54.5
67.4375
82.3125
97.9375
112.0
120.1875
123.125
123.3125
122.9375
122.3125
121.5625
120.3125
118.5625
116.5625
114.4375
112.1875
109.6875
106.875
104.0
101.0625
98.125
95.375
92.6875
90.1875
88.0
86.25
85.0
84.0625
83.3125
82.4375
81.5625
80.625
79.6875
78.625
77.5625
76.5625
75.5625
74.625
73.625
72.75
72.0
71.25
70.5
69.875
69.1875
68.625
68.0
67.4375
67.0
66.625
66.25
65.875
65.5625
65.1875
64.75
64.25
63.625
62.9375
62.25
61.5625
60.9375
60.25
59.8125
59.3125
59.3125
60.875
66.1875
75.8125
88.0625
101.0
111.9375
118.5
121.1875
121.9375
122.0625
122.1875
122.0625
121.8125
121.375
120.8125
120.375
119.9375
119.4375
118.5625
117.4375
115.875
113.75
111.0625
107.625
103.3125
98.5625
94.0625
90.4375
87.875
86.25
85.3125
84.5625
83.9375
83.25
82.3125
81.125
80.0
78.8125
77.8125
76.8125
75.9375
75.0625
74.3125
73.5625
72.6875
72.0
71.25
70.5
69.8125
69.125
68.375
67.625
67.0625
66.4375
65.8125
65.25
64.75
64.1875
63.6875
63.25
62.75
62.25
61.8125
61.375
60.875
60.4375
59.9375
59.4375
59.0
58.625
58.1875
57.75
57.3125
56.875
56.4375
56.125
55.75
55.4375
55.125
54.875
54.625
54.3125
54.0
53.75
53.4375
53.125
52.875
52.5625
52.25
52.0625
51.75
51.5625
51.3125
51.0625
50.8125
50.625
50.4375
50.3125
50.1875
50.0625
49.9375
49.875
49.6875
49.4375
49.25
48.9375
48.6875
48.4375
48.0625
47.6875
47.4375
47.25
48.0
53.1875
65.3125
80.3125
96.25
111.5625
121.4375
125.4375
126.3125
126.5
126.5
126.125
125.1875
123.8125
122.25
120.4375
118.5
116.1875
113.5625
110.6875
107.75
104.625
101.625
98.5
95.4375
92.5625
90.1875
88.4375
87.25
86.3125
85.4375
84.625
83.6875
82.75
81.5625
80.4375
79.3125
78.25
77.1875
76.1875
75.25
74.4375
73.6875
72.8125
72.0625
71.3125
70.625
69.9375
69.3125
68.625
68.0
67.4375
66.875
66.3125
65.8125
65.375
64.8125
64.375
63.875
63.4375
62.9375
62.5
62.0625
61.625
61.1875
60.8125
60.375
60.0
59.625
59.25
58.9375
58.625
58.4375
58.25
58.0
57.875
57.6875
57.5
57.3125
57.0
56.5625
56.1875
55.75
55.1875
54.625
54.1875
53.875
54.125
57.0625
65.1875
77.1875
90.9375
104.625
114.9375
120.1875
122.125
122.8125
123.1875
123.4375
123.5
123.1875
122.625
121.9375
121.25
120.375
119.3125
117.9375
116.25
114.1875
111.625
108.4375
104.625
100.25
95.6875
91.875
89.0625
87.1875
86.0
85.3125
84.75
84.0625
83.1875
82.125
80.9375
79.8125
78.6875
77.625
76.625
75.8125
74.9375
74.125
73.375
72.5625
71.875
71.125
70.4375
69.6875
68.9375
68.3125
67.625
67.0
66.4375
65.875
65.3125
64.75
64.25
63.8125
63.3125
62.8125
62.375
61.9375
61.5625
61.0625
60.625
60.3125
59.9375
59.5
59.125
58.8125
58.4375
58.125
57.8125
57.4375
57.125
56.8125
56.5
56.125
55.75
55.375
54.9375
54.625
54.25
53.875
53.5
53.1875
52.875
52.5
52.1875
51.9375
51.625
51.375
51.125
50.875
50.625
50.375
50.1875
49.9375
49.6875
49.5
49.3125
49.0625
48.8125
48.6875
48.4375
48.25
48.0625
47.9375
47.6875
47.5
47.375
47.1875
46.9375
46.8125
46.6875
46.5
46.3125
46.1875
46.0
45.8125
45.6875
45.625
45.5625
45.5
45.5
45.375
45.1875
45.125
45.0
44.8125
44.5625
44.4375
44.125
43.875
43.6875
43.5625
43.8125
47.0625
56.375
69.25
82.8125
97.125
108.5
114.5
116.625
117.0625
117.1875
117.0625
116.625
115.5625
113.875
111.8125
109.5
107.125
104.5625
101.9375
99.3125
96.625
94.0625
91.5625
89.0625
86.6875
84.75
83.375
82.375
81.625
81.0
80.375
79.75
78.8125
77.875
76.9375
75.875
74.875
73.875
72.9375
72.0625
71.25
70.4375
69.75
69.0625
68.4375
67.75
67.1875
66.5625
66.0
65.4375
64.9375
64.4375
64.0
63.5625
63.125
62.625
62.125
61.6875
61.1875
60.9375
60.5625
60.3125
60.0
59.75
59.5625
59.3125
59.0625
58.6875
58.25
57.8125
57.3125
56.6875
56.1875
55.6875
55.25
55.125
56.5625
61.75
70.875
82.4375
94.875
105.75
112.75
115.9375
116.9375
117.3125
117.5625
117.75
117.6875
117.4375
117.0625
116.5625
116.0625
115.4375
114.5625
113.3125
111.75
109.6875
107.25
104.125
100.3125
96.0
91.9375
88.5625
86.0625
84.5
83.5625
82.9375
82.375
81.75
80.875
79.875
78.75
77.8125
76.75
75.8125
74.875
74.125
73.375
72.625
71.9375
71.125
70.4375
69.6875
69.0
68.375
67.6875
67.0
66.375
65.75
65.125
64.625
64.125
63.625
63.125
62.6875
62.25
61.75
61.375
61.0
60.625
60.25
59.875
59.5
59.125
58.8125
58.4375
58.125
57.75
57.375
57.0625
56.625
56.3125
55.9375
55.5
55.1875
54.8125
54.4375
54.0625
53.75
53.375
53.0625
52.75
52.4375
52.125
51.875
51.6875
51.5
51.375
51.3125
51.1875
51.0
50.875
50.625
50.3125
50.0625
49.75
49.375
49.0
48.75
48.5
48.375
49.8125
56.3125
68.125
82.0
96.875
110.125
118.3125
121.75
122.75
123.125
123.3125
123.25
122.6875
121.6875
120.5
119.125
117.6875
115.9375
113.9375
111.5
108.75
105.75
102.4375
98.875
95.1875
91.75
88.9375
87.0
85.75
84.9375
84.25
83.6875
82.9375
82.0625
81.0
79.9375
79.0
78.0
77.1875
76.5
75.8125
75.1875
74.625
74.0625
73.4375
72.75
72.125
71.5
70.8125
70.1875
69.4375
68.875
68.1875
67.6875
67.0625
66.4375
65.9375
65.5
65.0625
64.5625
64.0625
63.6875
63.3125
62.875
62.5
62.0625
61.8125
61.375
60.875
60.5625
60.1875
59.8125
59.5
59.25
59.0
58.8125
58.5625
58.4375
58.25
58.125
57.875
57.5
57.0625
56.6875
56.1875
55.625
55.125
54.625
54.5
55.75
61.3125
71.625
84.5
98.5
110.875
118.5
121.875
123.0625
123.5625
123.9375
124.25
124.25
123.9375
123.5
123.0
122.375
121.5
120.375
118.875
116.9375
114.6875
111.8125
108.375
104.25
99.8125
95.625
92.3125
89.9375
88.4375
87.4375
86.6875
86.0
85.125
84.125
83.0
81.9375
80.75
79.6875
78.6875
77.75
76.875
76.0625
75.3125
74.5
73.6875
72.9375
72.25
71.4375
70.75
70.0
69.375
68.6875
68.125
67.5
66.9375
66.3125
65.8125
65.3125
64.8125
64.375
63.875
63.4375
63.0
62.5625
62.125
61.75
61.375
61.0
60.625
60.3125
59.9375
59.5625
59.1875
58.8125
58.5
58.125
57.8125
57.5
57.25
56.875
56.5625
56.25
56.0
55.625
55.3125
54.9375
54.5625
54.1875
53.8125
53.5625
53.1875
52.875
52.5625
52.25
51.9375
51.6875
51.4375
51.1875
50.9375
50.75
50.5625
50.375
50.3125
50.25
50.125
50.0
49.8125
49.6875
49.375
49.125
48.875
48.625
48.3125
48.0625
47.8125
47.5
47.375
48.6875
54.5
65.875
79.4375
94.0
107.5625
116.25
120.125
121.375
121.875
122.25
122.375
122.0
121.1875
120.0
118.6875
117.1875
115.375
113.1875
110.625
107.8125
104.8125
101.5
98.0
94.5
91.25
88.625
86.75
85.5625
84.8125
84.0625
83.4375
82.625
81.6875
80.6875
79.6875
78.625
77.625
76.8125
76.0625
75.3125
74.6875
74.125
73.5625
72.9375
72.3125
71.6875
70.9375
70.25
69.625
69.0
68.375
67.6875
67.0625
66.5
66.0
65.5
65.0
64.5
64.0
63.625
63.1875
62.6875
62.25
61.875
61.5
61.125
60.75
60.375
60.125
59.875
59.625
59.4375
59.25
59.125
58.875
58.5625
58.1875
57.8125
57.3125
56.75
56.1875
55.6875
55.25
54.8125
54.875
56.875
63.25
73.9375
86.6875
100.0
111.0625
117.5625
120.25
121.0625
121.4375
121.8125
121.875
121.8125
121.5
121.0
120.625
120.125
119.375
118.3125
117.0
115.25
112.9375
110.0625
106.625
102.4375
98.0
93.9375
90.75
88.5
87.0
86.125
85.375
84.6875
83.8125
82.875
81.75
80.625
79.4375
78.4375
77.5625
76.625
75.8125
75.0
74.25
73.4375
72.6875
71.9375
71.1875
70.4375
69.75
69.0625
68.375
67.75
67.125
66.5625
66.0
65.4375
64.875
64.4375
63.9375
63.4375
63.0625
62.625
62.125
61.75
61.375
60.9375
60.5625
60.25
59.875
59.5
59.1875
58.8125
58.375
58.125
57.8125
57.4375
57.1875
56.875
56.5
56.25
55.9375
55.6875
55.3125
55.0625
54.875
54.5625
54.3125
54.1875
53.8125
53.5625
53.3125
52.9375
52.6875
52.375
52.0
51.6875
51.4375
51.1875
51.0
50.8125
50.6875
50.5625
50.375
50.25
49.9375
49.625
49.375
49.0
48.6875
48.4375
48.125
47.8125
47.5625
48.0625
51.8125
61.375
74.25
88.3125
102.5625
113.25
118.8125
120.8125
121.5625
122.0
122.3125
122.0
121.375
120.3125
119.0
117.625
116.0625
114.3125
112.0625
109.5625
106.75
103.5
100.0625
96.5
92.9375
89.875
87.625
86.0625
85.0625
84.3125
83.625
82.9375
82.0625
81.0625
80.0625
78.9375
77.9375
76.9375
76.0625
75.25
74.4375
73.75
73.0
72.25
71.5
70.875
70.125
69.5
68.9375
68.3125
67.75
67.25
66.75
66.1875
65.8125
65.5
65.1875
64.875
64.6875
64.375
64.125
63.875
63.5625
63.125
62.75
62.375
61.875
61.375
60.875
60.4375
60.125
59.75
59.375
59.125
58.8125
58.5625
58.3125
58.0625
58.0
57.875
57.75
57.4375
57.125
56.8125
56.3125
55.875
55.375
54.875
54.375
53.9375
53.6875
54.4375
58.375
67.3125
79.3125
92.75
105.5
114.5
118.9375
120.4375
121.0
121.4375
121.8125
121.9375
121.8125
121.4375
121.0625
120.4375
119.625
118.4375
117.0
115.25
113.1875
110.5625
107.4375
103.625
99.375
95.1875
91.6875
89.125
87.4375
86.5
85.75
85.125
84.375
83.5
82.375
81.1875
80.0625
78.9375
77.9375
76.9375
76.1875
75.3125
74.4375
73.6875
72.9375
72.25
71.5
70.8125
70.0625
69.4375
68.6875
68.0625
67.5
66.875
66.3125
65.8125
65.25
64.8125
64.3125
63.8125
63.3125
62.875
62.5
62.0625
61.625
61.25
60.875
60.4375
60.125
59.75
59.375
59.0625
58.75
58.3125
58.0
57.6875
57.3125
57.0625
56.6875
56.4375
56.125
55.875
55.625
55.3125
54.9375
54.75
54.4375
54.1875
53.9375
53.6875
53.5625
53.4375
53.375
53.25
53.1875
53.125
53.0
52.8125
52.4375
52.125
51.6875
51.25
50.8125
50.3125
49.8125
49.4375
50.1875
54.75
64.75
77.5
91.5
105.0
114.5
119.1875
120.9375
121.625
122.0
122.25
122.1875
121.6875
120.9375
119.9375
118.75
117.3125
115.6875
113.75
111.3125
108.5625
105.375
101.875
98.0
94.125
90.8125
88.1875
86.4375
85.3125
84.5
83.8125
83.125
82.25
81.25
80.125
79.0625
77.9375
77.0
76.125
75.25
74.4375
73.6875
72.8125
72.0625
71.3125
70.5
69.75
69.0625
68.4375
67.8125
67.1875
66.5625
66.0
65.4375
64.875
64.375
63.8125
63.3125
62.8125
62.375
61.9375
61.5625
61.125
60.875
60.5
60.1875
60.0
59.8125
59.625
59.4375
59.375
59.25
59.25
59.125
58.9375
58.8125
58.5625
58.3125
57.9375
57.625
57.25
56.8125
56.375
56.0625
55.75
55.5625
55.375
55.3125
55.1875
55.1875
55.125
54.875
54.625
54.3125
53.9375
53.5
53.0
52.5625
52.125
51.625
51.375
51.625
54.1875
61.75
73.25
86.5625
100.0625
110.8125
116.8125
119.1875
119.8125
120.125
120.375
120.5
120.25
119.75
119.125
118.3125
117.25
115.9375
114.375
112.4375
110.1875
107.4375
104.25
100.5625
96.6875
92.9375
89.875
87.6875
86.25
85.3125
84.625
84.0
83.1875
82.3125
81.1875
80.0625
78.9375
77.875
76.875
76.0
75.125
74.3125
73.625
72.8125
72.0625
71.3125
70.625
69.9375
69.1875
68.5625
67.9375
67.3125
66.6875
66.125
65.5625
65.0625
64.5
64.0625
63.5
63.0625
62.6875
62.25
61.75
61.375
61.0
60.5625
60.1875
59.8125
59.4375
59.0625
58.75
58.375
58.0
57.6875
57.375
57.0
56.6875
56.375
56.0625
55.8125
55.5
55.25
55.0
54.6875
54.375
54.125
53.9375
53.625
53.375
53.125
52.9375
52.75
52.5625
52.4375
52.3125
52.125
52.0
51.75
51.3125
50.9375
50.5
50.0625
49.5625
49.125
48.6875
48.3125
48.3125
50.375
57.3125
68.5625
81.5
95.25
107.0625
114.3125
117.4375
118.4375
119.0
119.375
119.5625
119.3125
118.6875
117.8125
116.6875
115.5
114.125
112.4375
110.4375
108.1875
105.4375
102.3125
98.75
94.9375
91.25
88.125
85.875
84.4375
83.375
82.625
82.0
81.375
80.5625
79.625
78.6875
77.625
76.625
75.75
74.875
74.0
73.25
72.5625
71.8125
71.0
70.25
69.625
68.875
68.1875
67.5625
66.9375
66.25
65.6875
65.0625
64.5625
64.0
63.5
63.125
62.75
62.4375
62.125
61.875
61.625
61.5
61.375
61.1875
61.0
60.8125
60.625
60.25
59.875
59.5
59.125
58.6875
58.1875
57.6875
57.3125
57.125
56.875
56.6875
56.625
56.5625
56.4375
56.3125
56.0625
55.8125
55.375
54.9375
54.4375
53.9375
53.375
52.9375
52.5625
52.6875
55.375
62.8125
74.1875
87.1875
100.5625
111.0625
116.8125
118.9375
119.5625
119.875
120.125
120.125
119.9375
119.4375
118.75
118.0
117.125
116.125
114.75
113.0625
110.875
108.375
105.375
101.8125
97.75
93.8125
90.375
87.75
86.125
85.0
84.3125
83.625
82.9375
82.0625
80.9375
79.875
78.8125
77.625
76.625
75.75
74.875
74.0
73.25
72.5
71.6875
71.0
70.25
69.5625
68.875
68.25
67.625
67.0
66.375
65.8125
65.3125
64.6875
64.1875
63.6875
63.1875
62.6875
62.25
61.875
61.4375
61.0
60.5625
60.1875
59.75
59.375
59.0
58.6875
58.3125
58.0
57.625
57.3125
57.0
56.6875
56.375
56.0625
55.75
55.375
55.1875
54.8125
54.5625
54.3125
54.125
53.875
53.75
53.6875
53.5625
53.5
53.375
53.25
53.0
52.6875
52.3125
51.9375
51.5
51.0625
50.625
50.3125
50.25
51.875
58.125
69.0625
82.125
96.125
108.3125
115.8125
119.125
120.1875
120.625
120.9375
120.9375
120.5
119.8125
118.9375
117.9375
116.8125
115.4375
113.875
111.875
109.5625
106.8125
103.625
100.0625
96.125
92.3125
89.125
86.6875
85.0625
84.0
83.25
82.625
81.8125
80.9375
79.875
78.75
77.625
76.625
75.6875
74.8125
73.9375
73.1875
72.4375
71.6875
71.0
70.25
69.5
68.8125
68.125
67.375
66.625
66.0625
65.375
64.8125
64.25
63.75
63.1875
62.6875
62.1875
61.6875
61.25
60.8125
60.4375
59.9375
59.5625
59.1875
58.875
58.5
58.125
57.8125
57.5
57.125
56.8125
56.5
56.125
55.8125
55.5
55.25
54.9375
54.625
54.3125
54.125
53.8125
53.625
53.375
53.1875
53.0625
53.0
53.0
53.125
53.3125
53.5625
53.875
54.0
54.125
54.0
53.9375
53.6875
53.25
52.9375
52.4375
51.875
51.375
51.0
51.3125
54.625
63.25
75.3125
88.75
102.0625
111.875
116.75
118.375
118.75
118.875
119.0
118.9375
118.4375
117.625
116.5625
115.4375
114.125
112.625
110.8125
108.5625
105.8125
102.875
99.5625
95.9375
92.3125
89.25
86.8125
85.125
84.1875
83.5625
82.875
82.25
81.4375
80.5
79.4375
78.375
77.3125
76.3125
75.375
74.4375
73.625
72.8125
72.0625
71.3125
70.6875
70.125
69.5625
69.0625
68.6875
68.25
67.75
67.1875
66.625
65.875
65.1875
64.375
63.625
62.9375
62.25
61.625
61.125
61.1875
62.9375
68.625
78.5625
91.125
104.375
115.0625
121.125
123.4375
124.0625
124.0625
123.9375
123.6875
123.375
123.0
122.625
122.25
121.875
121.3125
120.5
119.25
117.5
115.3125
112.4375
108.6875
104.25
99.3125
94.625
91.0
88.5
86.875
85.8125
85.125
84.5
83.625
82.625
81.5625
80.375
79.1875
78.125
77.125
76.25
75.3125
74.5
73.6875
72.9375
72.0625
71.25
70.5
69.6875
68.875
68.125
67.4375
66.6875
65.9375
65.25
64.625
64.0
63.375
62.875
62.375
61.875
61.4375
61.0
60.5625
60.1875
59.75
59.3125
58.9375
58.4375
58.0625
57.75
57.375
57.0
56.625
56.25
55.9375
55.5625
55.25
54.9375
54.6875
54.375
54.0625
53.75
53.5
53.25
52.9375
52.6875
52.4375
52.1875
51.9375
51.6875
51.4375
51.25
50.9375
50.6875
50.5
50.3125
50.125
50.0625
49.9375
49.875
49.75
49.625
49.4375
49.125
48.875
48.6875
48.375
48.0625
47.75
47.5
47.25
47.875
52.8125
64.9375
80.3125
96.6875
112.4375
122.625
126.6875
127.625
127.75
127.6875
127.1875
126.0
124.4375
122.625
120.5625
118.25
115.75
113.0625
110.0
106.875
103.625
100.4375
97.25
94.25
91.4375
89.3125
87.8125
86.75
85.9375
85.125
84.3125
83.3125
82.1875
81.0
79.8125
78.625
77.5625
76.4375
75.4375
74.5625
73.75
72.9375
72.1875
71.4375
70.75
70.125
69.4375
68.8125
68.125
67.625
67.0625
66.625
66.25
66.0
65.625
65.25
64.875
64.5
63.9375
63.3125
62.625
61.9375
61.3125
60.6875
60.125
59.5625
59.4375
60.6875
65.75
75.5625
88.4375
102.25
114.0625
121.25
124.1875
125.0
125.125
125.1875
125.0625
124.75
124.3125
123.875
123.5
122.9375
122.3125
121.5
120.1875
118.4375
116.25
113.375
109.625
105.125
100.1875
95.4375
91.625
89.0
87.3125
86.25
85.5
84.9375
84.125
83.1875
82.0625
80.9375
79.75
78.6875
77.6875
76.75
75.875
75.0625
74.25
73.5
72.75
71.9375
71.1875
70.4375
69.6875
68.9375
68.1875
67.5625
66.9375
66.3125
65.75
65.1875
64.6875
64.1875
63.6875
63.1875
62.6875
62.25
61.875
61.4375
61.0625
60.625
60.25
59.875
59.5625
59.125
58.75
58.375
58.125
57.75
57.375
56.9375
56.5
56.1875
55.8125
55.4375
55.0625
54.6875
54.3125
53.9375
53.5625
53.25
52.875
52.625
52.25
52.0
51.75
51.5
51.25
51.0
50.875
50.625
50.375
50.125
49.875
49.6875
49.5
49.25
49.0
48.875
48.6875
48.5
48.3125
48.125
47.9375
47.75
47.5625
47.375
47.25
47.125
46.9375
46.75
46.5625
46.3125
46.25
46.0625
45.9375
45.75
45.6875
45.5625
45.4375
45.25
45.25
45.1875
45.1875
45.0625
44.875
44.6875
44.5625
44.375
44.125
43.875
43.6875
43.5
43.3125
43.8125
48.0
59.25
73.75
88.8125
104.1875
115.375
120.625
122.0
122.1875
122.125
121.6875
120.5
118.6875
116.4375
113.6875
110.75
107.5
104.1875
100.9375
97.9375
95.25
92.8125
90.4375
88.1875
86.1875
84.6875
83.5625
82.6875
82.0625
81.4375
80.75
79.875
78.875
77.75
76.6875
75.5625
74.4375
73.4375
72.5625
71.75
70.8125
70.125
69.5
68.875
68.125
67.625
67.0
66.5
65.9375
65.5
64.9375
64.4375
64.0
63.4375
62.9375
62.4375
62.0625
61.5625
61.125
60.75
60.3125
59.9375
59.5625
59.25
59.0
58.75
58.5
58.375
58.125
57.9375
57.625
57.1875
56.8125
56.3125
55.75
55.1875
54.75
54.3125
54.0625
54.8125
58.9375
67.5625
79.125
92.125
104.3125
112.75
116.8125
118.1875
118.5625
118.75
118.9375
118.875
118.4375
117.875
117.3125
116.6875
116.0
115.1875
114.0
112.5
110.5
107.9375
104.8125
100.9375
96.5625
92.375
88.9375
86.375
84.8125
83.75
83.0625
82.5
81.875
81.0
79.9375
78.875
77.75
76.6875
75.75
74.875
74.0
73.25
72.5
71.75
71.0
70.25
69.625
68.875
68.25
67.5
66.875
66.1875
65.625
65.0
64.4375
63.875
63.375
62.875
62.3125
61.8125
61.3125
60.8125
60.3125
59.8125
59.375
58.9375
58.5
58.0625
57.625
57.1875
56.8125
56.4375
56.0625
55.75
55.375
55.0
54.75
54.4375
54.125
53.8125
53.5625
53.3125
53.0
52.6875
52.375
52.125
51.875
51.625
51.375
51.125
50.875
50.625
50.4375
50.1875
50.0
49.75
49.5625
49.3125
49.1875
49.0625
49.0
48.8125
48.6875
48.5625
48.375
48.125
47.875
47.625
47.3125
47.0625
46.8125
46.5625
46.375
47.375
52.875
64.5
78.375
93.25
107.25
116.3125
120.125
121.0625
121.3125
121.625
121.5625
121.0
119.9375
118.5
116.875
115.0625
113.1875
111.0
108.625
106.0
103.1875
100.125
96.9375
93.6875
90.5625
88.125
86.375
85.125
84.3125
83.5625
82.75
82.0
81.1875
80.25
79.1875
78.0625
77.0
76.0
75.0
74.125
73.3125
72.5
71.75
71.0
70.1875
69.4375
68.875
68.25
67.625
67.0625
66.5
66.0
65.4375
64.875
64.4375
64.0
63.6875
63.375
63.0625
62.75
62.4375
62.0625
61.75
61.3125
60.8125
60.25
59.6875
59.125
58.625
58.0625
57.5
57.5
59.125
64.875
75.0
87.6875
101.0
112.1875
118.9375
121.6875
122.4375
122.5625
122.6875
122.5625
122.3125
121.9375
121.5625
121.125
120.6875
120.125
119.1875
117.875
116.25
114.125
111.3125
107.75
103.4375
98.8125
94.375
90.875
88.375
86.75
85.6875
84.9375
84.3125
83.5625
82.5625
81.4375
80.3125
79.1875
78.1875
77.1875
76.25
75.4375
74.6875
73.8125
73.0
72.25
71.5
70.75
69.9375
69.25
68.5
67.8125
67.1875
66.625
65.9375
65.4375
64.875
64.375
63.875
63.375
62.9375
62.4375
62.0
61.625
61.1875
60.75
60.375
60.0
59.625
59.25
58.875
58.5
58.1875
57.8125
57.5
57.1875
56.875
56.5625
56.1875
55.875
55.5625
55.3125
55.0
54.75
54.5625
54.25
53.9375
53.625
53.375
53.0
52.6875
52.3125
52.0
51.625
51.375
51.0625
50.75
50.4375
50.1875
49.9375
49.6875
49.4375
49.25
49.0
48.8125
48.625
48.375
48.1875
48.0
47.75
47.5625
47.4375
47.25
47.0625
46.9375
46.75
46.625
46.4375
46.3125
46.125
45.9375
45.8125
45.6875
45.5
45.3125
45.125
45.0
44.9375
44.75
44.5625
44.4375
44.25
44.125
44.0625
44.0
43.875
43.75
43.625
43.5625
43.375
43.25
43.125
43.0
42.9375
42.8125
42.75
42.5625
42.5
42.375
42.3125
42.1875
42.1875
42.0625
42.0625
42.0
42.0
41.9375
41.8125
41.6875
41.5625
41.4375
41.3125
41.1875
41.125
41.125
41.125
41.3125
41.625
43.375
50.25
62.625
76.0625
89.75
102.5
110.6875
114.0
114.5
114.0625
113.375
112.4375
110.9375
108.8125
106.1875
103.0625
99.8125
96.5625
93.5625
90.8125
88.5
86.4375
84.6875
82.9375
81.3125
79.9375
79.0
78.25
77.6875
77.25
76.6875
76.0625
75.25
74.375
73.5
72.625
71.75
70.8125
70.0
69.25
68.5
67.75
67.0625
66.4375
65.875
65.3125
64.8125
64.25
63.8125
63.375
62.9375
62.5
62.125
61.75
61.4375
61.1875
61.0
60.75
60.375
60.0625
59.625
59.125
58.5
57.9375
57.375
56.875
56.375
55.875
55.625
56.0
58.6875
65.1875
74.9375
86.375
97.875
106.8125
111.9375
114.0625
114.6875
115.0
115.25
115.3125
115.0625
114.6875
114.1875
113.75
113.1875
112.5625
111.75
110.625
109.125
107.125
104.625
101.25
97.4375
93.125
89.125
86.0625
84.0
82.6875
81.8125
81.3125
80.6875
80.0
79.125
78.125
77.0625
76.125
75.1875
74.3125
73.5
72.75
72.0625
71.3125
70.625
69.9375
69.25
68.5
67.875
67.1875
66.5
65.875
65.3125
64.6875
64.1875
63.625
63.125
62.6875
62.1875
61.6875
61.25
60.875
60.4375
60.0625
59.6875
59.3125
58.9375
58.625
58.25
57.9375
57.5625
57.3125
56.9375
56.625
56.25
55.9375
55.6875
55.375
55.0
54.625
54.25
53.875
53.5625
53.25
52.875
52.5
52.1875
51.875
51.5625
51.25
51.0
50.75
50.5
50.25
50.0625
49.8125
49.625
49.4375
49.25
49.0
48.8125
48.5625
48.375
48.125
47.9375
47.75
47.5625
47.375
47.1875
47.0
46.8125
46.6875
46.5
46.375
46.1875
46.0
45.9375
45.875
45.75
45.6875
45.625
45.5625
45.4375
45.3125
45.1875
44.9375
44.75
44.5625
44.3125
44.125
43.9375
43.75
44.3125
48.8125
59.625
73.125
87.375
101.75
112.125
117.1875
118.8125
119.25
119.375
119.1875
118.625
117.375
115.6875
113.6875
111.4375
108.75
105.9375
103.0625
100.1875
97.5
95.0
92.625
90.3125
88.0
85.9375
84.4375
83.4375
82.8125
82.3125
81.6875
81.0625
80.3125
79.25
78.1875
77.125
76.125
75.0625
74.125
73.3125
72.5
71.75
71.0625
70.375
69.6875
69.1875
68.5625
67.875
67.3125
66.8125
66.25
65.6875
65.25
64.75
64.25
63.8125
63.4375
62.9375
62.5625
62.1875
61.9375
61.625
61.375
61.1875
60.875
60.625
60.3125
59.9375
59.4375
59.0
58.4375
57.875
57.3125
56.875
56.375
56.4375
58.4375
64.5625
74.6875
87.0625
99.875
110.375
116.625
119.25
120.1875
120.6875
121.0625
121.1875
121.0625
120.75
120.5
120.25
119.8125
119.3125
118.5
117.375
115.875
113.875
111.3125
108.125
104.25
99.8125
95.4375
91.8125
89.1875
87.375
86.3125
85.5
84.9375
84.125
83.1875
82.125
81.0625
79.9375
78.8125
77.875
77.0
76.1875
75.375
74.625
73.875
73.125
72.3125
71.625
70.8125
70.0625
69.4375
68.75
68.125
67.4375
66.8125
66.25
65.75
65.1875
64.6875
64.1875
63.8125
63.3125
62.875
62.5
62.0625
61.6875
61.1875
60.875
60.5
60.1875
59.8125
59.375
59.0
58.6875
58.3125
57.875
57.5
57.125
56.75
56.3125
55.9375
55.5
55.25
54.875
54.5625
54.25
54.0
53.625
53.3125
53.125
52.8125
52.5625
52.3125
52.125
51.9375
51.6875
51.5625
51.5
51.375
51.25
51.0625
50.8125
50.5625
50.25
49.875
49.625
49.375
49.0
48.75
48.8125
51.375
59.75
72.875
87.375
102.625
114.9375
121.625
124.125
124.8125
125.25
125.5
125.375
124.6875
123.6875
122.4375
121.0625
119.5
117.5625
115.375
112.8125
110.0625
107.0
103.625
100.0
96.375
93.0
90.3125
88.375
87.125
86.1875
85.375
84.6875
83.8125
82.9375
82.0
80.9375
79.9375
79.0625
78.25
77.5
76.8125
76.0625
75.3125
74.5625
73.9375
73.125
72.3125
71.5
70.8125
70.0625
69.4375
68.875
68.25
67.75
67.1875
66.6875
66.125
65.6875
65.1875
64.6875
64.25
63.8125
63.3125
62.9375
62.625
62.375
62.1875
62.0
61.875
61.625
61.3125
60.875
60.4375
59.875
59.3125
58.6875
58.125
57.625
57.1875
57.8125
61.625
70.375
82.5625
96.4375
109.5
118.5625
122.9375
124.5
125.0
125.375
125.625
125.6875
125.4375
125.0625
124.6875
124.1875
123.625
122.875
121.6875
120.125
118.1875
115.6875
112.5
108.625
104.0625
99.3125
95.125
92.0
89.8125
88.375
87.5
86.8125
86.0625
85.1875
84.1875
83.0625
81.875
80.6875
79.6875
78.6875
77.75
76.9375
76.125
75.375
74.625
73.75
73.0
72.3125
71.5625
70.8125
70.0625
69.4375
68.75
68.125
67.4375
66.875
66.3125
65.75
65.1875
64.75
64.3125
63.875
63.5
63.0
62.5625
62.125
61.8125
61.375
61.0
60.625
60.3125
59.9375
59.625
59.3125
58.875
58.5
58.25
57.9375
57.5625
57.25
57.0
56.75
56.375
56.125
55.8125
55.5625
55.25
54.9375
54.6875
54.4375
54.125
53.8125
53.5
53.1875
52.9375
52.625
52.4375
52.3125
52.0625
51.9375
51.75
51.625
51.25
51.0
50.625
50.375
50.0
49.625
49.25
49.0
48.75
49.5625
54.5625
65.625
79.5625
94.6875
109.25
119.0
123.5
124.875
125.375
125.6875
125.75
125.3125
124.5
123.3125
121.9375
120.3125
118.375
116.25
113.75
110.875
107.8125
104.4375
100.9375
97.25
93.625
90.625
88.375
86.875
85.875
85.0625
84.375
83.4375
82.5625
81.5
80.375
79.25
78.25
77.375
76.5
75.625
74.875
74.1875
73.375
72.625
71.875
71.1875
70.375
69.6875
69.0625
68.375
67.75
67.125
66.625
66.0625
65.625
65.25
64.875
64.5
64.3125
64.125
63.875
63.6875
63.4375
63.1875
62.8125
62.5
62.125
61.75
61.25
60.75
60.25
59.875
59.5625
59.25
58.9375
58.6875
58.5625
58.375
58.1875
58.0
57.875
57.5625
57.125
56.6875
56.125
55.5625
55.0625
54.5625
54.125
53.9375
55.0
59.9375
69.8125
82.625
96.5
109.0
117.0
120.625
121.8125
122.1875
122.5
122.625
122.5
122.0625
121.5
120.875
120.25
119.25
118.0625
116.5
114.5625
112.1875
109.3125
105.875
101.8125
97.625
93.5625
90.4375
88.25
86.8125
85.75
85.0625
84.375
83.5625
82.5
81.375
80.25
79.0625
78.0625
77.125
76.1875
75.3125
74.5625
73.75
73.0
72.25
71.5
70.75
70.0
69.375
68.6875
68.0
67.375
66.8125
66.1875
65.625
65.0625
64.5625
64.0625
63.5625
63.125
62.5625
62.125
61.75
61.375
60.9375
60.5625
60.1875
59.8125
59.4375
59.0625
58.75
58.375
58.0
57.6875
57.3125
56.9375
56.6875
56.375
56.125
55.8125
55.75
55.625
55.375
55.3125
55.25
55.125
54.875
54.5625
54.1875
53.6875
53.1875
52.6875
52.25
51.875
51.875
54.0625
61.4375
73.25
86.9375
101.125
112.6875
119.3125
121.9375
122.8125
123.25
123.5
123.375
122.9375
122.25
121.375
120.5
119.4375
118.125
116.4375
114.3125
111.8125
108.8125
105.5
101.6875
97.625
93.6875
90.375
87.9375
86.1875
85.0625
84.1875
83.4375
82.5625
81.5625
80.5
79.375
78.25
77.1875
76.25
75.375
74.4375
73.6875
73.0
72.1875
71.4375
70.625
69.875
69.125
68.375
67.6875
67.0625
66.375
65.75
65.125
64.5
64.0
63.375
62.875
62.375
61.9375
61.5
61.0
60.625
60.1875
59.8125
59.4375
59.0625
58.6875
58.375
58.0
57.75
57.375
57.0
56.6875
56.375
56.0625
55.75
55.5
55.1875
55.0
54.75
54.6875
54.625
54.6875
54.8125
55.0625
55.25
55.375
55.4375
55.3125
55.1875
54.9375
54.5625
54.125
53.6875
53.125
52.625
52.9375
56.625
65.6875
78.125
92.0625
105.5625
115.0
119.5625
120.875
121.0625
121.1875
121.25
120.9375
120.3125
119.4375
118.5
117.375
116.0625
114.375
112.4375
110.0625
107.3125
104.1875
100.6875
96.875
93.125
89.9375
87.5625
85.875
84.8125
84.0
83.25
82.5
81.625
80.5625
79.375
78.25
77.1875
76.1875
75.25
74.375
73.5
72.75
72.0
71.25
70.5
69.8125
69.125
68.4375
67.75
67.125
66.5
65.875
65.3125
64.75
64.25
63.75
63.25
62.75
62.375
62.0625
61.6875
61.4375
61.1875
60.9375
60.6875
60.375
59.9375
59.375
58.8125
58.25
57.6875
57.125
56.625
56.125
56.25
58.625
65.8125
77.3125
90.875
104.625
115.1875
120.9375
122.9375
123.5
123.625
123.625
123.375
122.9375
122.3125
121.625
121.0625
120.3125
119.3125
118.0625
116.4375
114.375
111.8125
108.6875
104.875
100.375
95.8125
91.6875
88.625
86.5
85.1875
84.3125
83.5625
82.875
81.9375
80.875
79.6875
78.625
77.5
76.4375
75.4375
74.5625
73.6875
72.875
72.0625
71.25
70.5
69.75
69.0
68.25
67.5
66.6875
65.9375
65.25
64.5
63.9375
63.4375
62.875
62.25
61.75
61.25
60.8125
60.3125
59.875
59.4375
59.0625
58.625
58.1875
57.8125
57.5
57.0625
56.6875
56.375
56.0
55.5625
55.25
54.9375
54.5625
54.25
53.9375
53.625
53.375
53.125
52.8125
52.5625
52.3125
52.0
51.75
51.5
51.25
51.0
50.75
50.5
50.25
50.0625
49.8125
49.625
49.375
49.1875
49.0
48.875
48.625
48.5
48.375
48.125
47.9375
47.8125
47.6875
47.5
47.4375
47.4375
47.3125
47.1875
47.125
47.0
46.75
46.625
46.4375
46.375
46.3125
46.4375
46.5
46.6875
47.5
51.6875
61.9375
75.5625
89.9375
104.125
114.3125
119.0
120.125
120.0625
119.6875
119.1875
118.3125
116.875
115.0
112.875
110.4375
107.75
104.875
101.8125
98.8125
95.875
93.0625
90.375
87.8125
85.625
83.875
82.625
81.6875
81.0
80.375
79.625
78.75
77.8125
76.8125
75.8125
74.75
73.6875
72.6875
71.8125
71.0
70.1875
69.5
68.8125
68.125
67.5
66.9375
66.375
65.75
65.25
64.75
64.3125
63.9375
63.625
63.3125
62.875
62.5625
62.125
61.6875
61.125
60.5
59.875
59.25
58.5625
58.0625
57.5625
57.125
57.3125
59.6875
66.125
76.375
88.75
101.3125
111.125
116.5625
118.6875
119.125
119.1875
119.125
118.9375
118.4375
117.875
117.25
116.625
116.0
115.1875
114.1875
112.75
111.0
108.625
105.6875
101.9375
97.5625
93.0625
89.125
86.1875
84.125
82.875
82.0
81.375
80.75
79.875
78.9375
77.9375
76.8125
75.8125
74.875
73.9375
73.125
72.375
71.6875
70.9375
70.1875
69.4375
68.75
68.0625
67.3125
66.625
65.9375
65.25
64.625
64.0625
63.5
62.9375
62.4375
61.9375
61.4375
61.0
60.4375
59.9375
59.5
59.0625
58.5625
58.0625
57.6875
57.1875
56.75
56.375
55.9375
55.5
55.125
54.75
54.375
54.0625
53.75
53.4375
53.1875
52.9375
52.5625
52.3125
52.0
51.75
51.5
51.25
51.0
50.75
50.5
50.25
50.0
49.75
49.5
49.1875
49.0
48.8125
48.625
48.375
48.1875
48.0
47.9375
47.8125
47.6875
47.5625
47.4375
47.3125
47.0625
46.8125
46.5625
46.3125
46.0
45.75
45.5
45.25
45.875
50.5
61.9375
76.25
91.4375
106.4375
116.625
121.0
122.0625
122.125
122.0625
121.625
120.6875
119.1875
117.3125
115.1875
112.875
110.3125
107.4375
104.5
101.5
98.6875
95.875
93.125
90.4375
87.875
85.8125
84.3125
83.3125
82.5625
81.875
81.1875
80.375
79.3125
78.25
77.125
76.125
75.125
74.125
73.125
72.25
71.5
70.75
70.0625
69.375
68.6875
68.0
67.375
66.75
66.125
65.5625
65.0
64.5
64.0625
63.8125
63.4375
63.125
62.8125
62.5625
62.1875
61.8125
61.1875
60.5
59.875
59.3125
58.6875
58.125
57.6875
57.375
58.0
61.5625
69.9375
81.625
94.875
107.25
115.9375
120.0
121.1875
121.3125
121.25
121.1875
120.875
120.4375
119.875
119.3125
118.625
117.9375
117.0625
115.8125
114.1875
112.0
109.375
106.0625
102.0625
97.4375
93.0625
89.4375
86.8125
85.0
83.9375
83.1875
82.5
81.75
80.875
79.8125
78.625
77.5625
76.5
75.5
74.5625
73.8125
73.0
72.1875
71.4375
70.75
70.0
69.25
68.5625
67.875
67.1875
66.5
65.8125
65.1875
64.625
64.0625
63.5625
63.0
62.5
62.0625
61.5625
61.0625
60.625
60.25
59.8125
59.4375
59.0625
58.625
58.25
57.875
57.5625
57.1875
56.875
56.5
56.25
55.875
55.5625
55.25
55.0
54.6875
54.375
54.0625
53.8125
53.5625
53.25
52.9375
52.6875
52.4375
52.1875
52.0
51.6875
51.4375
51.25
51.0
50.75
50.4375
50.1875
49.875
49.625
49.3125
49.125
48.9375
48.75
48.5625
48.4375
48.25
48.0
47.75
47.4375
47.1875
46.875
46.5
46.1875
45.875
45.5625
45.5625
48.3125
57.4375
71.125
85.6875
101.0625
113.4375
120.0625
122.375
122.8125
122.6875
122.1875
121.3125
119.875
118.125
116.25
114.0625
111.6875
108.875
105.75
102.5
99.25
96.125
93.0625
90.0625
87.3125
85.0625
83.4375
82.3125
81.375
80.625
79.9375
79.125
78.25
77.25
76.1875
75.1875
74.25
73.3125
72.4375
71.6875
70.9375
70.3125
69.5625
68.9375
68.25
67.5625
66.9375
66.3125
65.6875
65.125
64.5625
64.0625
63.5
63.0625
62.625
62.1875
61.9375
61.6875
61.4375
61.25
61.0625
60.9375
60.6875
60.375
60.125
59.75
59.4375
59.0625
58.625
58.125
57.6875
57.3125
56.9375
56.625
56.1875
55.9375
55.75
55.5625
55.375
55.25
55.1875
55.0625
54.75
54.375
54.0
53.625
53.1875
52.625
52.125
51.75
51.375
51.5
53.9375
61.3125
72.6875
85.75
99.125
109.9375
115.875
118.125
118.5625
118.625
118.625
118.5
118.0
117.3125
116.4375
115.4375
114.3125
113.0625
111.5625
109.5
107.0625
104.1875
100.875
97.25
93.3125
89.6875
86.875
84.875
83.5625
82.625
81.875
81.25
80.5
79.625
78.5625
77.5
76.4375
75.4375
74.4375
73.5625
72.75
72.0
71.25
70.4375
69.6875
69.0
68.3125
67.625
66.9375
66.3125
65.75
65.125
64.5
64.0
63.4375
62.9375
62.375
61.9375
61.4375
61.0
60.5625
60.125
59.6875
59.3125
58.9375
58.5625
58.1875
57.75
57.4375
57.125
56.8125
56.4375
56.0625
55.75
55.4375
55.125
54.875
54.5625
54.25
53.9375
53.6875
53.4375
53.125
52.875
52.5625
52.4375
52.25
52.125
52.0625
51.9375
51.875
51.8125
51.625
51.375
51.0625
50.6875
50.25
49.75
49.25
48.8125
48.4375
48.75
52.5625
61.875
74.25
87.9375
101.625
111.6875
116.875
118.75
119.1875
119.375
119.375
119.0625
118.3125
117.3125
116.1875
114.75
113.125
111.125
108.9375
106.375
103.5625
100.3125
96.8125
93.1875
89.625
86.6875
84.5625
83.125
82.125
81.4375
80.75
80.0
79.125
78.1875
77.125
76.125
75.125
74.1875
73.25
72.4375
71.75
70.9375
70.25
69.4375
68.75
68.0625
67.3125
66.6875
66.0
65.375
64.6875
64.125
63.5625
63.0
62.4375
61.9375
61.5
61.0
60.625
60.125
59.6875
59.3125
58.9375
58.5625
58.25
57.875
57.625
57.3125
57.0625
56.875
56.625
56.5
56.375
56.25
56.25
56.3125
56.25
56.125
56.0
55.9375
55.75
55.5625
55.4375
55.25
55.0625
54.8125
54.5625
54.1875
53.875
53.4375
53.0625
52.5625
52.125
51.6875
51.25
51.3125
53.5
60.4375
71.75
84.8125
98.375
109.5
115.8125
118.25
118.75
118.875
119.0
118.8125
118.25
117.5
116.5
115.3125
114.1875
112.75
111.0625
108.9375
106.4375
103.5
100.25
96.6875
92.9375
89.5
86.875
85.0625
83.875
83.0625
82.3125
81.625
80.8125
79.875
78.8125
77.75
76.625
75.625
74.625
73.8125
72.875
72.0625
71.375
70.625
69.875
69.125
68.5625
67.875
67.1875
66.5625
66.0625
65.4375
64.875
64.3125
63.6875
63.25
62.75
62.25
61.6875
61.3125
60.875
60.375
60.0
59.5625
59.1875
58.8125
58.5
58.125
57.75
57.375
57.0
56.625
56.375
56.0
55.75
55.375
55.125
54.8125
54.5
54.1875
53.875
53.6875
53.375
53.125
52.9375
52.75
52.625
52.5
52.4375
52.375
52.25
52.125
51.9375
51.5625
51.1875
50.8125
50.4375
50.0
49.5625
49.125
49.4375
52.75
61.3125
73.25
86.625
100.0625
110.25
115.9375
118.0625
118.625
118.875
119.0625
118.8125
118.125
117.1875
116.0625
114.8125
113.4375
111.75
109.75
107.5
104.8125
101.8125
98.4375
94.75
91.0
87.75
85.375
83.6875
82.625
81.75
81.125
80.375
79.5
78.5625
77.5625
76.5
75.4375
74.4375
73.5
72.625
71.875
71.125
70.3125
69.6875
68.9375
68.3125
67.5625
66.875
66.25
65.625
65.0
64.375
63.8125
63.1875
62.6875
62.1875
61.625
61.125
60.625
60.25
59.875
59.4375
58.9375
58.5625
58.1875
57.8125
57.375
57.0625
56.75
56.4375
56.0625
55.8125
55.4375
55.125
54.8125
54.5625
54.1875
53.875
53.625
53.3125
53.0
52.75
52.5625
52.3125
52.0625
51.9375
51.9375
51.9375
52.0625
52.1875
52.375
52.5
52.625
52.75
52.6875
52.5625
52.4375
52.125
51.75
51.375
51.0625
51.9375
56.8125
66.6875
79.125
92.5
104.9375
113.0
116.625
117.5
117.5
117.4375
117.375
117.0625
116.375
115.375
114.25
112.875
111.1875
109.3125
107.25
104.8125
102.0625
98.9375
95.5
92.0
88.8125
86.25
84.5
83.3125
82.625
81.9375
81.3125
80.5
79.625
78.5625
77.5625
76.4375
75.4375
74.4375
73.5
72.625
71.875
71.125
70.375
69.75
69.0625
68.375
67.75
67.125
66.5
65.875
65.3125
64.75
64.1875
63.6875
63.25
62.6875
62.25
61.75
61.3125
60.875
60.4375
60.0625
59.625
59.1875
58.875
58.5
58.125
57.75
57.4375
57.0625
56.75
56.4375
56.0625
55.8125
55.4375
55.1875
54.875
54.625
54.375
54.1875
54.125
54.0
53.9375
53.875
53.6875
53.4375
53.125
52.75
52.3125
51.9375
51.4375
51.0
50.625
51.4375
55.6875
64.9375
77.125
90.5625
103.375
112.4375
117.0
118.5625
119.1875
119.5
119.625
119.3125
118.8125
118.0
117.125
116.1875
115.125
113.8125
112.1875
110.1875
107.75
104.875
101.375
97.625
93.5625
90.0625
87.25
85.375
84.0625
83.1875
82.4375
81.6875
80.8125
79.75
78.6875
77.625
76.5625
75.5625
74.625
73.6875
72.875
72.0625
71.3125
70.5625
69.8125
69.125
68.375
67.6875
67.0
66.375
65.75
65.125
64.5
63.875
63.3125
62.8125
62.25
61.75
61.3125
60.8125
60.375
59.9375
59.5
59.0
58.6875
58.3125
57.9375
57.5625
57.25
56.875
56.5625
56.25
55.9375
55.6875
55.3125
55.0
54.625
54.375
54.125
53.8125
53.5
53.1875
52.9375
52.6875
52.5
52.25
52.0625
51.9375
51.8125
51.75
51.625
51.4375
51.1875
50.9375
50.75
50.5
50.25
50.0625
50.0
50.0
50.125
51.1875
55.75
65.8125
78.8125
92.875
106.125
115.0
118.8125
119.625
119.5625
119.3125
119.125
118.8125
118.125
117.0
115.875
114.75
113.375
111.625
109.5
106.9375
104.0
100.8125
97.375
93.75
90.4375
87.8125
85.8125
84.5625
83.75
83.125
82.4375
81.6875
80.8125
79.75
78.6875
77.625
76.5625
75.5
74.5625
73.75
72.9375
72.125
71.375
70.75
70.25
69.75
69.25
68.8125
68.3125
67.8125
67.1875
66.5625
65.75
64.9375
64.1875
63.4375
62.6875
62.125
61.625
61.375
62.5625
67.0625
76.125
88.3125
101.625
113.125
120.3125
123.375
124.125
124.1875
124.0625
123.8125
123.375
122.9375
122.4375
122.0625
121.75
121.1875
120.375
119.1875
117.5625
115.375
112.5625
109.0625
104.75
99.75
95.0625
91.3125
88.5625
86.8125
85.75
85.0
84.375
83.625
82.6875
81.5625
80.375
79.25
78.125
77.1875
76.25
75.375
74.5
73.8125
73.0
72.1875
71.375
70.5625
69.875
69.0625
68.4375
67.6875
67.0
66.4375
65.9375
65.3125
64.75
64.25
63.75
63.25
62.75
62.25
61.875
61.5
61.0625
60.6875
60.25
59.875
59.5
59.125
58.75
58.375
58.0
57.625
57.3125
57.0
56.6875
56.3125
56.0625
55.75
55.5
55.1875
54.9375
54.6875
54.375
54.0625
53.875
53.625
53.3125
53.0625
52.8125
52.5625
52.3125
52.125
51.8125
51.5
51.25
50.9375
50.625
50.3125
50.0
49.75
49.4375
49.0625
48.875
48.6875
48.4375
48.25
48.0
47.875
47.6875
47.5
47.3125
47.1875
46.9375
46.8125
46.625
46.5
46.3125
46.125
45.9375
45.8125
45.6875
45.5
45.375
45.1875
45.0625
44.9375
44.875
44.6875
44.5
44.3125
44.1875
44.0625
44.0
43.875
43.6875
43.5625
43.5
43.375
43.25
43.125
43.0
42.875
42.75
42.6875
42.5625
42.4375
42.375
42.3125
42.1875
42.0625
42.0
41.8125
41.75
41.625
41.5625
41.4375
41.3125
41.25
41.1875
41.125
41.0625
41.0
41.0
41.0
40.9375
40.875
40.8125
40.6875
40.5625
40.4375
40.375
40.25
40.25
40.3125
40.5
40.625
40.9375
41.25
41.75
42.1875
42.5625
42.8125
42.9375
43.0625
43.125
42.9375
42.625
42.375
42.125
41.875
41.625
41.375
41.1875
41.125
41.0625
40.9375
40.875
40.875
40.75
40.625
40.5
40.375
40.25
40.125
40.0625
39.9375
39.8125
39.6875
39.625
39.5
39.4375
39.4375
39.3125
39.3125
39.25
39.25
39.125
39.125
39.0
38.9375
38.875
38.75
38.6875
38.625
38.5625
38.5625
39.0625
42.4375
51.5
62.75
73.5
84.5
93.3125
98.0625
99.0
97.875
95.3125
92.0625
88.3125
84.4375
80.6875
77.4375
74.75
72.75
71.25
70.125
69.3125
68.5625
67.9375
67.1875
66.4375
65.8125
65.3125
65.0
64.9375
64.875
64.8125
64.6875
64.5
64.25
63.8125
63.3125
62.75
62.125
61.5
60.875
60.25
59.75
59.3125
58.9375
58.5625
58.1875
57.875
57.5
57.1875
56.8125
56.5625
56.25
56.0625
55.75
55.5
55.25
55.0
54.75
54.4375
54.1875
53.875
53.625
53.3125
53.0625
52.75
52.5625
52.3125
52.125
51.875
51.6875
51.4375
51.1875
51.0625
50.8125
50.5625
50.3125
50.125
49.9375
49.6875
49.5625
49.375
49.1875
49.0
48.8125
48.5
48.375
48.125
47.8125
47.5625
47.375
47.0625
46.75
46.5
46.25
46.0
45.75
45.4375
45.25
45.25
44.9375
44.8125
44.625
44.5
44.3125
44.25
44.0625
43.875
43.75
43.625
43.5
43.5
43.4375
43.3125
43.25
43.0625
42.9375
42.75
42.625
42.4375
42.1875
42.0625
41.8125
42.25
45.125
52.3125
61.875
72.25
83.0
92.1875
98.125
101.1875
102.375
102.875
103.375
103.75
103.8125
103.5
102.75
101.8125
100.625
99.1875
97.625
95.875
93.9375
91.8125
89.375
86.6875
83.8125
81.1875
79.1875
77.875
77.0625
76.5625
76.1875
76.0
75.5
74.9375
74.3125
73.625
72.875
72.25
71.75
71.1875
70.6875
70.25
69.875
69.3125
68.8125
68.25
67.625
66.9375
66.3125
65.75
65.0625
64.4375
63.9375
63.4375
62.9375
62.5
62.125
61.6875
61.25
60.8125
60.4375
60.0625
59.75
59.375
59.0625
58.6875
58.3125
58.0
57.8125
57.625
57.4375
57.3125
57.125
57.0
56.75
56.5
56.125
55.6875
55.1875
54.75
54.25
53.75
53.6875
55.625
61.5625
71.1875
82.75
94.6875
104.5625
110.625
113.375
114.375
114.9375
115.5
115.875
115.875
115.6875
115.375
114.9375
114.4375
113.8125
113.0625
112.0
110.6875
108.9375
106.6875
104.0
100.8125
97.125
93.3125
89.75
86.9375
84.9375
83.625
82.8125
82.1875
81.625
80.875
80.0
79.0
77.9375
76.9375
76.0625
75.0625
74.25
73.5
72.6875
72.0
71.25
70.5
69.9375
69.25
68.5625
68.0
67.375
66.8125
66.1875
65.5625
65.0625
64.5
64.0625
63.5
63.0
62.5625
62.0625
61.5625
61.3125
60.875
60.375
60.0625
59.6875
59.3125
58.9375
58.625
58.3125
58.0
57.6875
57.375
57.0
56.6875
56.3125
55.9375
55.5625
55.125
54.8125
54.5625
54.1875
53.75
53.4375
53.0625
52.6875
52.375
52.125
51.8125
51.5
51.3125
51.0625
50.875
50.625
50.5
50.25
50.0
49.8125
49.5625
49.4375
49.3125
49.1875
49.25
49.125
48.875
48.6875
48.5
48.25
48.0
47.6875
47.375
47.125
46.875
46.5625
46.75
49.4375
57.4375
69.1875
82.1875
95.875
107.125
113.5625
116.0625
116.6875
117.0
117.3125
117.3125
116.75
115.875
114.75
113.375
112.0625
110.25
108.125
105.75
103.125
100.375
97.5625
94.625
91.625
88.8125
86.5
84.9375
83.8125
83.0625
82.5625
82.0625
81.4375
80.6875
79.9375
79.125
78.25
77.4375
76.625
75.8125
75.0625
74.3125
73.625
72.8125
72.0625
71.3125
70.5625
69.8125
69.125
68.5
67.9375
67.375
66.8125
66.375
65.875
65.375
64.9375
64.4375
63.9375
63.4375
63.0
62.5
62.125
61.6875
61.375
61.125
60.875
60.6875
60.5
60.375
60.25
60.0
59.6875
59.25
58.75
58.1875
57.5625
57.0625
56.5
56.0
55.8125
56.75
61.0
69.875
81.5625
94.6875
106.75
114.8125
118.6875
119.9375
120.5
120.8125
121.0
121.0625
120.875
120.5
120.1875
119.8125
119.25
118.5
117.5
116.125
114.375
112.1875
109.3125
105.9375
102.0
97.6875
93.6875
90.5
88.125
86.625
85.6875
85.0
84.375
83.5625
82.6875
81.625
80.5625
79.4375
78.375
77.375
76.5
75.6875
74.875
74.0625
73.3125
72.5
71.875
71.25
70.4375
69.75
69.125
68.4375
67.75
67.1875
66.625
66.0625
65.5
65.0
64.5
64.0
63.5625
63.0625
62.6875
62.25
61.8125
61.5
61.0625
60.625
60.3125
59.9375
59.4375
59.0
58.6875
58.25
57.75
57.375
57.0
56.5625
56.125
55.8125
55.4375
55.125
54.8125
54.5625
54.375
54.1875
54.0625
53.9375
53.75
53.5625
53.3125
53.0625
52.75
52.375
52.0625
51.6875
51.375
51.0
50.5625
50.5625
52.4375
59.4375
71.3125
85.375
100.3125
112.875
120.125
122.875
123.5
123.75
124.0
123.875
123.4375
122.6875
121.75
120.75
119.4375
118.0
116.375
114.4375
112.125
109.375
106.25
102.6875
98.875
95.125
91.8125
89.3125
87.625
86.4375
85.5625
84.8125
84.0
83.0625
82.125
81.0625
80.0625
79.0625
78.1875
77.375
76.625
76.0
75.375
74.8125
74.1875
73.625
72.9375
72.3125
71.625
71.0
70.375
69.75
69.125
68.4375
67.75
67.0625
66.5625
66.0625
65.5625
65.0625
64.6875
64.1875
63.75
63.375
63.0
62.5625
62.25
61.875
61.5
61.3125
61.0625
60.875
60.625
60.4375
60.25
59.9375
59.5
59.0625
58.5
57.9375
57.3125
56.8125
56.5625
58.0
63.8125
74.375
87.625
101.6875
113.6875
120.875
123.8125
124.625
124.875
125.125
125.125
124.875
124.5
124.0625
123.625
123.125
122.375
121.3125
120.0625
118.375
116.1875
113.4375
110.125
106.25
101.75
97.25
93.4375
90.625
88.6875
87.375
86.5625
85.9375
85.25
84.375
83.375
82.25
81.0
79.9375
78.875
77.875
76.9375
76.125
75.3125
74.5
73.6875
72.9375
72.125
71.375
70.6875
70.0
69.3125
68.6875
68.0
67.375
66.875
66.3125
65.8125
65.3125
64.8125
64.375
63.8125
63.4375
62.9375
62.5
62.125
61.75
61.25
60.875
60.5
60.125
59.75
59.5
59.125
58.75
58.4375
58.0625
57.75
57.5
57.25
56.875
56.625
56.3125
56.0
55.6875
55.4375
55.1875
54.875
54.625
54.3125
54.0625
53.75
53.5625
53.3125
53.0625
52.875
52.6875
52.4375
52.0625
51.75
51.4375
51.0
50.625
50.3125
49.875
49.5625
49.3125
50.0625
54.75
65.3125
78.75
93.5625
107.8125
117.5625
122.1875
123.5
123.875
124.0625
123.9375
123.375
122.375
121.25
120.0
118.625
117.0625
115.125
112.875
110.3125
107.3125
104.125
100.6875
97.0
93.4375
90.3125
87.9375
86.3125
85.1875
84.4375
83.75
83.0625
82.25
81.25
80.25
79.125
78.125
77.0625
76.125
75.3125
74.5
73.75
73.0
72.375
71.5625
70.9375
70.25
69.5625
68.875
68.375
67.75
67.1875
66.6875
66.125
65.6875
65.1875
64.9375
64.6875
64.4375
64.1875
64.0625
63.875
63.625
63.25
62.875
62.5
62.125
61.6875
61.125
60.6875
60.25
59.9375
59.6875
59.4375
59.25
59.1875
59.0625
58.875
58.5625
58.125
57.75
57.25
56.75
56.125
55.625
55.125
54.625
54.6875
56.9375
63.8125
75.0
88.3125
102.0625
113.0625
119.1875
121.4375
121.875
122.0
122.0625
121.9375
121.5
120.875
120.25
119.5625
118.8125
117.75
116.5
114.8125
112.8125
110.3125
107.3125
103.75
99.75
95.5625
91.8125
89.125
87.25
86.0
85.125
84.4375
83.75
82.9375
82.0625
80.9375
79.6875
78.6875
77.625
76.5625
75.6875
74.9375
74.125
73.3125
72.5625
71.8125
71.1875
70.4375
69.8125
69.125
68.4375
67.8125
67.1875
66.625
66.0625
65.5
64.9375
64.5
63.9375
63.4375
63.0
62.5625
62.125
61.6875
61.3125
60.875
60.625
60.25
59.8125
59.4375
59.125
58.8125
58.375
58.0625
57.75
57.375
57.0625
56.8125
56.5625
56.375
56.3125
56.1875
56.0
55.9375
55.8125
55.5625
55.25
54.9375
54.5
54.0625
53.625
53.125
52.625
52.3125
52.75
56.5
65.625
78.3125
92.5625
106.5
116.4375
121.5
123.1875
123.5625
123.6875
123.6875
123.25
122.5625
121.625
120.625
119.5
118.3125
117.0
115.25
113.0625
110.4375
107.4375
103.9375
100.125
96.1875
92.5
89.5625
87.5
86.125
85.0625
84.3125
83.625
82.6875
81.75
80.75
79.625
78.5625
77.5
76.5625
75.625
74.875
74.0625
73.25
72.5625
71.8125
71.0625
70.3125
69.5625
68.8125
68.125
67.4375
66.8125
66.1875
65.625
65.0
64.5
64.0
63.5
63.0625
62.5625
62.125
61.6875
61.25
60.875
60.4375
60.0625
59.75
59.4375
59.0625
58.6875
58.375
58.0
57.625
57.375
57.0625
56.75
56.4375
56.1875
55.8125
55.5625
55.375
55.0625
54.8125
54.625
54.4375
54.3125
54.3125
54.3125
54.4375
54.5625
54.75
54.875
55.0
55.0
54.875
54.75
54.5
54.1875
53.8125
53.3125
52.8125
53.0
56.3125
65.0
77.4375
91.25
104.8125
114.75
119.625
121.0
121.0625
121.0
120.875
120.5
119.8125
118.875
117.875
116.75
115.375
113.625
111.5
109.0
106.1875
103.1875
99.8125
96.3125
92.875
89.9375
87.6875
86.1875
85.25
84.4375
83.6875
83.0
82.0625
81.0625
80.0625
78.9375
77.875
76.9375
76.0
75.0625
74.25
73.5
72.8125
72.1875
71.6875
71.125
70.5625
70.125
69.5625
68.9375
68.3125
67.625
66.75
65.9375
65.1875
64.4375
63.8125
63.1875
62.875
63.5
67.0625
75.0625
86.6875
99.8125
111.9375
120.125
123.875
124.875
125.0
124.9375
124.6875
124.25
123.6875
123.25
122.75
122.3125
121.75
120.9375
119.75
118.25
116.3125
113.625
110.3125
106.125
101.25
96.375
92.375
89.4375
87.4375
86.25
85.5
84.875
84.125
83.25
82.125
81.0
79.875
78.8125
77.75
76.8125
76.0
75.1875
74.375
73.5625
72.875
72.125
71.375
70.625
69.875
69.125
68.4375
67.75
67.125
66.4375
65.9375
65.4375
64.9375
64.375
63.875
63.4375
62.9375
62.5625
62.125
61.6875
61.1875
60.75
60.375
59.875
59.4375
59.0
58.5625
58.1875
57.8125
57.3125
56.9375
56.5
56.25
55.875
55.5625
55.25
55.0
54.6875
54.375
54.1875
53.875
53.5625
53.3125
53.0625
52.75
52.5
52.25
52.0
51.75
51.5
51.3125
51.125
50.875
50.6875
50.5
50.25
50.125
49.875
49.6875
49.5
49.3125
49.125
49.0
48.75
48.5625
48.4375
48.375
48.25
48.1875
48.125
47.9375
47.875
47.6875
47.5
47.3125
47.0625
46.75
46.5
46.3125
46.0625
45.8125
45.8125
47.875
56.0625
70.25
85.5625
101.6875
115.375
122.75
125.0
125.125
124.9375
124.5
123.4375
121.8125
119.75
117.375
114.6875
111.75
108.6875
105.5625
102.4375
99.5625
96.8125
94.25
91.6875
89.25
87.125
85.625
84.625
83.9375
83.3125
82.6875
81.9375
81.0625
80.125
79.0
77.9375
76.8125
75.8125
74.75
73.875
73.0
72.25
71.4375
70.75
70.1875
69.5
68.875
68.3125
67.8125
67.25
66.75
66.25
65.75
65.3125
64.875
64.5
64.1875
63.9375
63.625
63.3125
62.9375
62.625
62.1875
61.625
61.0
60.5
59.875
59.375
58.9375
58.4375
58.125
58.875
62.875
71.3125
83.1875
96.5
108.6875
116.9375
120.75
121.9375
122.125
122.1875
122.125
121.875
121.375
120.875
120.25
119.6875
119.0
118.125
116.875
115.25
113.25
110.6875
107.4375
103.5
99.0
94.5625
90.9375
88.3125
86.625
85.5
84.75
84.125
83.4375
82.625
81.5625
80.4375
79.4375
78.4375
77.4375
76.5625
75.6875
74.9375
74.1875
73.375
72.625
71.9375
71.125
70.4375
69.75
69.0
68.3125
67.625
67.0625
66.4375
65.9375
65.375
64.9375
64.375
63.9375
63.4375
62.9375
62.5625
62.125
61.8125
61.3125
61.0
60.625
60.25
59.875
59.5625
59.1875
58.875
58.5625
58.1875
57.875
57.5
57.25
56.875
56.625
56.25
55.9375
55.5625
55.1875
54.8125
54.4375
54.125
53.75
53.375
53.125
52.8125
52.4375
52.1875
51.9375
51.6875
51.4375
51.25
51.0625
50.8125
50.625
50.4375
50.25
50.0
49.8125
49.625
49.5
49.3125
49.25
49.25
49.125
49.0
48.875
48.6875
48.5
48.25
48.0
47.75
47.4375
47.1875
46.9375
46.75
47.0
50.75
61.1875
75.1875
90.25
105.4375
116.5625
121.875
123.4375
123.625
123.5625
123.125
122.25
120.875
119.125
117.0625
114.6875
112.1875
109.375
106.3125
103.125
100.0
96.9375
93.9375
91.125
88.5
86.4375
85.0
84.0625
83.4375
82.875
82.25
81.5625
80.75
79.9375
79.125
78.25
77.4375
76.6875
75.9375
75.1875
74.5625
73.8125
73.0625
72.3125
71.5625
70.6875
69.9375
69.25
68.625
68.0
67.4375
66.9375
66.375
65.9375
65.4375
64.9375
64.4375
64.0
63.5625
63.0625
62.625
62.1875
61.75
61.3125
60.9375
60.625
60.25
59.875
59.5625
59.3125
59.0625
58.875
58.6875
58.5
58.375
58.1875
58.0
57.625
57.1875
56.75
56.1875
55.6875
55.25
54.75
54.3125
54.25
55.8125
61.6875
72.0
84.6875
98.1875
109.6875
116.5625
119.5
120.3125
120.5625
120.8125
120.875
120.5625
120.0625
119.4375
118.6875
117.9375
117.0625
115.8125
114.375
112.5
110.1875
107.3125
103.9375
99.875
95.5625
91.875
89.0
87.0
85.75
85.0
84.3125
83.6875
82.9375
82.0625
80.9375
79.8125
78.75
77.6875
76.75
75.875
75.125
74.375
73.5625
72.8125
72.125
71.4375
70.6875
70.0625
69.375
68.6875
68.0
67.375
66.8125
66.1875
65.6875
65.1875
64.625
64.1875
63.6875
63.25
62.75
62.375
62.0
61.5625
61.125
60.8125
60.4375
60.0
59.75
59.375
59.0625
58.6875
58.375
58.0
57.6875
57.375
57.0625
56.75
56.4375
56.1875
55.875
55.625
55.375
55.125
54.8125
54.5625
54.3125
54.0
53.625
53.25
52.9375
52.625
52.3125
52.0
51.625
51.3125
51.125
50.8125
50.5625
50.3125
50.125
49.9375
49.75
49.6875
49.625
49.5625
49.4375
49.3125
49.125
48.9375
48.625
48.375
48.0
47.75
47.5
47.25
46.9375
46.8125
48.1875
54.1875
65.5625
78.875
93.1875
106.4375
114.875
118.625
119.5625
119.75
119.75
119.5
118.875
117.8125
116.4375
114.8125
112.8125
110.5625
108.0625
105.375
102.5625
99.625
96.625
93.4375
90.375
87.625
85.625
84.1875
83.3125
82.625
82.0625
81.3125
80.5
79.625
78.6875
77.75
76.75
75.875
75.0625
74.375
73.6875
73.125
72.6875
72.125
71.5625
71.0625
70.625
70.0625
69.5
69.0
68.375
67.8125
67.25
66.6875
66.0625
65.5
64.9375
64.4375
64.0
63.5625
63.125
62.75
62.375
62.0
61.5625
61.1875
60.8125
60.5
60.0625
59.75
59.375
59.0
58.6875
58.5
58.25
58.0625
57.9375
57.8125
57.6875
57.375
57.0625
56.6875
56.25
55.75
55.3125
54.75
54.25
53.9375
53.875
55.375
60.875
70.9375
83.25
96.4375
107.9375
115.125
118.1875
119.125
119.4375
119.625
119.625
119.4375
118.9375
118.3125
117.6875
117.125
116.25
115.125
113.6875
111.8125
109.4375
106.5625
103.1875
99.25
95.125
91.5
88.625
86.75
85.5
84.6875
84.0625
83.5
82.75
81.875
80.875
79.75
78.6875
77.6875
76.8125
75.8125
75.0625
74.3125
73.5625
72.8125
72.125
71.4375
70.75
70.0625
69.375
68.75
68.125
67.5
66.875
66.25
65.6875
65.25
64.75
64.1875
63.6875
63.25
62.875
62.4375
62.125
61.625
61.3125
60.875
60.5625
60.1875
59.8125
59.4375
59.125
58.8125
58.4375
58.125
57.75
57.375
57.0
56.6875
56.25
55.875
55.625
55.3125
55.0625
54.8125
54.6875
54.5
54.25
54.0
53.625
53.25
52.9375
52.5625
52.0625
51.625
51.3125
51.125
52.375
58.0625
68.875
82.3125
96.8125
109.9375
118.1875
121.6875
122.625
122.875
123.0625
123.0
122.5625
121.8125
120.9375
120.0
118.9375
117.6875
116.1875
114.25
112.0
109.25
106.125
102.5
98.5
94.5
91.125
88.6875
87.0
85.9375
85.1875
84.5
83.6875
82.875
81.875
80.8125
79.625
78.5625
77.6875
76.8125
76.0
75.25
74.5625
73.8125
73.125
72.375
71.625
70.9375
70.3125
69.6875
69.125
68.5625
68.0
67.5625
67.0625
66.6875
66.375
66.125
65.875
65.5625
65.25
64.9375
64.5625
64.125
63.75
63.1875
62.8125
62.3125
61.8125
61.4375
61.125
60.75
60.5625
60.4375
60.25
60.125
59.875
59.75
59.375
58.9375
58.5
58.0
57.4375
56.9375
56.375
56.0625
57.0625
62.0
72.0625
85.125
99.4375
112.1875
120.0625
123.4375
124.3125
124.5625
124.75
124.8125
124.5
124.0
123.5
123.0
122.375
121.5
120.375
118.875
116.9375
114.5625
111.625
108.125
104.0
99.4375
95.25
91.875
89.5625
88.125
87.3125
86.625
86.0
85.125
84.1875
83.0625
81.9375
80.8125
79.6875
78.75
77.75
76.9375
76.125
75.3125
74.5
73.75
72.9375
72.25
71.5
70.8125
70.1875
69.5
68.875
68.25
67.625
67.0625
66.5625
66.0625
65.5625
65.0625
64.625
64.125
63.6875
63.3125
62.8125
62.4375
62.0
61.625
61.25
60.9375
60.5625
60.1875
59.875
59.5625
59.1875
58.8125
58.5
58.25
57.875
57.5625
57.25
57.0
56.6875
56.375
56.125
55.8125
55.5625
55.3125
55.0625
54.8125
54.5
54.3125
54.125
53.8125
53.5625
53.375
53.125
52.9375
52.6875
52.5
52.3125
52.0625
51.9375
51.6875
51.5
51.25
51.0625
50.8125
50.5625
50.3125
50.0
49.6875
49.4375
49.1875
48.9375
48.6875
48.4375
48.1875
47.9375
47.875
47.625
47.4375
47.3125
47.1875
47.0
46.8125
46.6875
46.5
46.375
46.25
46.125
45.875
45.8125
45.6875
45.5625
45.4375
45.3125
45.1875
45.0625
44.9375
44.8125
44.6875
44.5625
44.4375
44.3125
44.1875
44.0625
43.9375
43.8125
43.6875
43.625
43.625
43.5625
43.5
43.5
43.375
43.25
43.0625
42.9375
42.75
42.5625
42.375
42.25
42.125
41.9375
42.0
43.6875
50.375
62.125
74.75
88.0625
100.5
108.375
111.75
112.625
112.6875
112.4375
111.8125
110.6875
108.875
106.625
104.0625
101.1875
98.25
95.5
92.9375
90.625
88.625
86.75
84.9375
83.1875
81.6875
80.5625
79.75
79.25
78.75
78.25
77.75
77.0
76.1875
75.3125
74.375
73.4375
72.5
71.5625
70.75
70.0625
69.3125
68.625
67.875
67.25
66.6875
66.125
65.625
65.125
64.625
64.1875
63.75
63.3125
62.875
62.4375
62.125
61.75
61.5
61.3125
61.0625
60.8125
60.5
60.1875
59.75
59.3125
58.8125
58.375
57.8125
57.3125
56.8125
56.375
56.0625
56.3125
58.625
64.625
74.0625
85.1875
96.625
105.8125
111.1875
113.5
114.1875
114.4375
114.5625
114.6875
114.625
114.3125
114.0
113.5625
113.0
112.375
111.5625
110.5
109.0
107.125
104.8125
101.8125
98.125
94.0625
90.25
87.1875
85.0
83.5
82.6875
82.0625
81.5625
80.875
80.0625
79.125
78.0625
77.125
76.1875
75.3125
74.5
73.75
73.0
72.3125
71.5625
70.9375
70.25
69.5
68.875
68.25
67.625
67.0
66.375
65.75
65.25
64.6875
64.1875
63.75
63.3125
62.8125
62.375
61.9375
61.5
61.125
60.75
60.375
60.0625
59.75
59.375
59.0625
58.75
58.4375
58.0625
57.8125
57.4375
57.0625
56.75
56.4375
56.125
55.6875
55.3125
54.9375
54.625
54.25
53.875
53.5625
53.25
53.0
52.75
52.5
52.375
52.25
52.0625
52.0
51.875
51.6875
51.4375
51.1875
50.875
50.5
50.125
49.8125
49.5
49.1875
49.1875
51.0625
58.1875
70.3125
84.1875
98.875
111.5
118.875
121.75
122.5
122.75
123.0
122.8125
122.125
121.0625
120.0
118.75
117.3125
115.625
113.75
111.5
108.75
105.8125
102.5
99.0
95.5
92.25
89.5625
87.6875
86.4375
85.5
84.75
84.0
83.1875
82.25
81.25
80.1875
79.125
78.125
77.25
76.4375
75.75
75.0625
74.375
73.8125
73.1875
72.625
72.0625
71.5
70.9375
70.4375
70.0
69.5625
69.0625
68.75
68.3125
67.75
67.25
66.75
66.3125
65.75
65.25
64.75
64.3125
63.9375
63.5625
63.1875
62.8125
62.4375
62.0625
61.6875
61.3125
60.9375
60.5625
60.25
59.9375
59.6875
59.375
59.25
59.125
59.0625
58.875
58.625
58.25
57.9375
57.5
57.0
56.5625
56.0
55.5625
55.4375
57.25
63.4375
74.3125
87.625
101.6875
113.25
120.0
122.6875
123.375
123.75
124.0625
124.25
124.0625
123.6875
123.3125
122.8125
122.25
121.4375
120.3125
118.8125
117.0
114.5625
111.625
108.125
104.125
99.6875
95.75
92.5625
90.4375
89.0
88.0625
87.375
86.75
85.9375
85.0
83.875
82.6875
81.5
80.4375
79.5
78.5
77.6875
76.875
76.125
75.3125
74.5625
73.8125
73.0625
72.375
71.6875
71.0
70.3125
69.6875
69.0625
68.5
67.875
67.375
66.9375
66.375
65.875
65.4375
65.0
64.5
64.125
63.6875
63.25
62.8125
62.5
62.125
61.75
61.3125
61.0
60.6875
60.25
59.9375
59.5625
59.3125
58.9375
58.6875
58.375
58.125
57.8125
57.5
57.25
57.0
56.6875
56.4375
56.1875
55.875
55.625
55.3125
55.0625
54.6875
54.375
54.0625
53.75
53.4375
53.125
52.8125
52.5
52.25
51.9375
51.75
51.4375
51.25
51.0
50.8125
50.5625
50.375
50.25
50.0625
49.875
49.6875
49.5625
49.3125
49.125
49.0
48.8125
48.625
48.5
48.375
48.125
48.0
47.8125
47.6875
47.5
47.375
47.1875
47.0625
46.9375
46.8125
46.6875
46.5625
46.4375
46.3125
46.1875
46.0625
45.875
45.75
45.6875
45.5
45.4375
45.25
45.1875
45.0625
45.0
44.875
44.75
44.625
44.5
44.5
44.4375
44.375
44.3125
44.3125
44.1875
44.125
43.9375
43.8125
43.6875
43.5
43.375
43.25
43.125
43.0
43.0
43.5
46.8125
56.0
68.9375
82.4375
96.25
107.3125
113.0625
114.875
114.75
114.375
113.75
112.75
111.3125
109.5
107.3125
104.9375
102.3125
99.5
96.8125
94.3125
92.0625
89.875
87.875
86.0
84.3125
82.8125
81.6875
80.9375
80.3125
79.6875
79.0625
78.375
77.5
76.6875
75.8125
74.875
73.9375
73.125
72.25
71.4375
70.75
70.0
69.3125
68.6875
68.125
67.5
67.0
66.5
66.0625
65.625
65.3125
65.0
64.75
64.4375
64.125
63.75
63.3125
62.875
62.1875
61.5
60.9375
60.375
59.75
59.1875
58.75
58.625
59.375
62.75
69.875
80.0
91.5
102.25
110.0
114.125
115.75
116.25
116.4375
116.5625
116.5625
116.4375
116.125
115.75
115.4375
115.0625
114.5
113.75
112.75
111.3125
109.375
106.875
103.625
99.75
95.5
91.5625
88.375
86.1875
84.8125
83.875
83.25
82.625
81.9375
81.0625
80.0625
79.0625
78.0625
77.0625
76.1875
75.375
74.5
73.8125
73.125
72.375
71.6875
71.0
70.3125
69.625
69.0
68.375
67.75
67.125
66.5625
65.9375
65.4375
64.9375
64.4375
63.9375
63.4375
63.0
62.625
62.1875
61.75
61.4375
61.0625
60.6875
60.3125
60.0625
59.6875
59.3125
58.9375
58.5625
58.1875
57.6875
57.3125
56.9375
56.5625
56.1875
55.8125
55.4375
55.125
54.75
54.4375
54.125
53.875
53.5625
53.3125
53.0625
52.8125
52.625
52.375
52.1875
51.9375
51.8125
51.6875
51.5625
51.4375
51.3125
51.125
50.875
50.6875
50.375
50.125
49.8125
49.5625
49.1875
48.9375
48.75
50.0625
56.3125
68.4375
82.625
97.75
111.5
119.875
123.1875
124.0
124.3125
124.5
124.3125
123.625
122.5625
121.375
120.0
118.4375
116.5625
114.4375
111.875
109.0625
106.0625
102.9375
99.5625
96.25
93.0625
90.4375
88.5625
87.3125
86.5625
85.75
85.0
84.1875
83.25
82.1875
81.1875
80.125
79.125
78.25
77.5
76.8125
76.125
75.6875
75.125
74.5625
74.0625
73.4375
72.8125
72.1875
71.5625
70.875
70.25
69.5625
68.875
68.3125
67.8125
67.3125
66.875
66.3125
65.8125
65.375
64.9375
64.5625
64.125
63.75
63.375
63.0
62.5625
62.1875
61.8125
61.5625
61.3125
61.125
60.9375
60.75
60.5625
60.375
60.125
59.75
59.375
58.875
58.375
57.8125
57.3125
56.8125
56.625
57.9375
63.375
73.6875
86.6875
100.5625
112.6875
120.125
123.25
124.25
124.6875
125.125
125.25
125.0625
124.6875
124.375
123.9375
123.4375
122.875
121.9375
120.6875
119.125
117.0
114.25
111.0
107.1875
102.75
98.25
94.5625
91.9375
90.0625
88.875
88.125
87.4375
86.625
85.6875
84.625
83.5625
82.375
81.3125
80.25
79.25
78.3125
77.4375
76.6875
75.875
75.125
74.375
73.6875
72.875
72.1875
71.5
70.8125
70.125
69.5
68.9375
68.3125
67.75
67.1875
66.75
66.1875
65.6875
65.25
64.8125
64.375
63.9375
63.5625
63.125
62.75
62.3125
62.0
61.625
61.25
60.875
60.5625
60.1875
59.875
59.5
59.1875
58.875
58.5625
58.3125
58.0
57.6875
57.375
57.125
56.875
56.5625
56.3125
56.0625
55.75
55.5
55.3125
55.125
54.9375
54.6875
54.5625
54.3125
54.0
53.5625
53.125
52.6875
52.25
51.8125
51.375
51.0
50.875
52.4375
58.8125
70.625
84.6875
99.8125
112.9375
120.9375
124.1875
125.125
125.4375
125.625
125.5
124.875
124.0625
123.125
122.0
120.6875
119.3125
117.5
115.25
112.6875
109.8125
106.5625
103.0625
99.3125
95.625
92.375
89.9375
88.3125
87.125
86.25
85.5
84.625
83.75
82.6875
81.625
80.5625
79.5
78.5
77.625
76.75
76.0
75.1875
74.375
73.625
72.875
72.125
71.4375
70.8125
70.125
69.4375
68.875
68.25
67.625
67.125
66.5
66.0
65.625
65.25
64.9375
64.6875
64.4375
64.25
64.125
64.0625
63.9375
63.6875
63.5
63.125
62.75
62.375
61.9375
61.375
60.875
60.4375
60.0625
59.8125
59.5625
59.3125
59.25
59.125
58.9375
58.8125
58.5625
58.1875
57.8125
57.3125
56.75
56.25
55.75
55.25
54.875
55.1875
58.3125
66.375
78.5
92.25
105.875
115.8125
120.9375
122.5625
122.9375
123.125
123.1875
123.0
122.5
122.0
121.375
120.75
120.0
119.0
117.6875
115.9375
113.6875
110.9375
107.75
104.0625
100.0
95.9375
92.5625
90.125
88.4375
87.3125
86.5
85.75
84.9375
84.0625
83.0625
81.9375
80.75
79.75
78.6875
77.75
76.8125
76.0
75.1875
74.375
73.625
72.875
72.25
71.5
70.8125
70.125
69.5
68.875
68.25
67.625
67.0625
66.5
66.0
65.5625
65.0
64.5625
64.0625
63.625
63.25
62.8125
62.375
62.0625
61.625
61.25
60.875
60.5625
60.1875
59.8125
59.4375
59.125
58.8125
58.5
58.1875
57.8125
57.5625
57.25
56.9375
56.6875
56.375
56.125
55.875
55.625
55.375
55.0625
54.8125
54.5625
54.375
54.25
54.1875
54.125
54.0625
53.9375
53.875
53.6875
53.375
53.0
52.6875
52.3125
51.875
51.4375
50.9375
50.5625
50.4375
52.125
58.6875
70.0625
83.3125
97.4375
109.5625
117.0
120.125
121.125
121.5
121.6875
121.5625
121.0625
120.25
119.3125
118.125
116.75
115.1875
113.375
111.25
108.6875
105.9375
102.75
99.125
95.5
92.0625
89.25
87.1875
85.875
84.875
84.0
83.3125
82.5
81.625
80.625
79.5625
78.5625
77.5625
76.625
75.8125
75.0
74.25
73.5
72.8125
71.9375
71.25
70.5625
69.8125
69.1875
68.5
67.875
67.3125
66.6875
66.125
65.5
64.9375
64.4375
64.0
63.5625
63.125
62.625
62.25
61.8125
61.5
61.125
60.8125
60.5
60.25
59.9375
59.625
59.375
59.1875
58.9375
58.8125
58.6875
58.6875
58.6875
58.625
58.625
58.5625
58.5625
58.5
58.375
58.25
58.0
57.6875
57.25
56.8125
56.375
55.9375
55.4375
54.9375
54.5
54.125
53.75
54.0625
57.0625
64.9375
76.5
89.75
103.0
112.9375
118.125
119.8125
120.125
120.25
120.3125
120.125
119.75
119.0625
118.25
117.25
116.1875
115.0625
113.5625
111.6875
109.3125
106.625
103.4375
99.8125
95.9375
92.3125
89.4375
87.4375
86.125
85.25
84.625
83.875
83.125
82.1875
81.125
79.9375
78.9375
77.875
76.9375
76.0625
75.1875
74.375
73.625
72.9375
72.1875
71.4375
70.6875
70.0625
69.375
68.8125
68.125
67.5
66.9375
66.375
65.8125
65.3125
64.875
64.3125
63.875
63.4375
63.0
62.625
62.375
62.1875
61.9375
61.6875
61.4375
61.25
60.875
60.5
60.0625
59.5625
58.9375
58.4375
57.8125
57.25
56.875
57.1875
60.125
67.9375
79.8125
93.5
106.9375
116.875
122.0
123.75
124.125
124.1875
124.125
123.875
123.375
122.8125
122.3125
121.6875
121.0
120.125
118.875
117.25
115.125
112.625
109.5
105.6875
101.3125
96.75
92.75
89.6875
87.625
86.375
85.5625
84.875
84.25
83.4375
82.375
81.1875
80.0
78.9375
77.8125
76.8125
75.875
75.0625
74.1875
73.5
72.625
71.875
71.125
70.4375
69.625
68.875
68.25
67.5
66.8125
66.1875
65.6875
65.125
64.5625
64.0625
63.625
63.125
62.625
62.1875
61.75
61.3125
60.8125
60.4375
60.0
59.625
59.25
58.9375
58.5
58.1875
57.875
57.5625
57.25
56.875
56.5625
56.3125
56.0
55.6875
55.4375
55.125
54.875
54.625
54.375
54.125
53.8125
53.5625
53.375
53.125
52.875
52.625
52.4375
52.3125
52.1875
52.1875
52.0625
52.0
51.9375
51.9375
51.8125
51.75
51.75
51.75
51.875
51.875
52.0
52.0625
52.4375
55.0625
63.125
75.8125
90.0625
104.5
115.625
121.375
123.0625
123.0
122.6875
122.3125
121.625
120.5625
119.25
117.8125
116.1875
114.25
112.0
109.375
106.5625
103.5625
100.5
97.375
94.25
91.25
88.75
86.9375
85.6875
84.875
84.1875
83.5
82.75
81.875
80.75
79.75
78.625
77.5625
76.5625
75.5625
74.6875
73.8125
73.0625
72.3125
71.6875
70.9375
70.25
69.625
69.0625
68.5625
68.0625
67.6875
67.25
66.875
66.5
66.0625
65.5625
65.125
64.5
63.8125
63.125
62.5
61.8125
61.1875
60.6875
60.5
61.3125
65.3125
73.875
85.8125
99.125
111.1875
119.1875
122.625
123.5625
123.6875
123.625
123.4375
123.125
122.5
121.9375
121.5625
121.0
120.4375
119.5625
118.375
116.75
114.75
112.1875
108.875
104.75
100.0625
95.5
91.6875
89.0625
87.25
86.125
85.25
84.625
83.875
83.0
82.0
80.875
79.75
78.6875
77.75
76.8125
76.0
75.1875
74.4375
73.625
72.8125
72.0625
71.3125
70.625
69.875
69.1875
68.5
67.875
67.25
66.6875
66.0625
65.5625
65.0
64.5
64.0
63.5625
63.125
62.625
62.25
61.8125
61.4375
61.0
60.6875
60.3125
59.9375
59.5
59.125
58.625
58.25
57.875
57.375
57.0
56.6875
56.3125
55.875
55.5625
55.25
54.875
54.5625
54.3125
54.0
53.6875
53.5
53.25
53.0
52.75
52.5
52.25
52.0625
51.8125
51.5625
51.3125
51.125
50.875
50.625
50.5
50.3125
50.0625
49.875
49.6875
49.4375
49.375
49.1875
49.0
48.8125
48.625
48.4375
48.25
48.0625
47.9375
47.75
47.5625
47.5
47.4375
47.375
47.3125
47.3125
47.1875
47.0625
46.875
46.6875
46.4375
46.1875
46.0
45.75
45.5625
45.25
45.1875
46.0625
51.6875
64.1875
78.9375
94.25
108.875
118.25
121.8125
122.4375
122.25
121.9375
121.0625
119.6875
117.875
115.625
113.0625
110.25
107.25
104.1875
101.1875
98.3125
95.5625
93.0
90.625
88.375
86.4375
84.9375
83.875
83.1875
82.6875
82.0625
81.3125
80.5
79.5625
78.625
77.625
76.625
75.5625
74.5625
73.6875
72.8125
71.9375
71.1875
70.5625
69.9375
69.25
68.6875
68.125
67.5625
67.0625
66.5625
66.0625
65.5
65.0
64.5625
64.1875
63.8125
63.5
63.25
62.9375
62.625
62.375
62.0
61.625
61.125
60.5625
60.0625
59.5
58.9375
58.4375
57.9375
57.6875
58.1875
61.5
69.25
80.5
93.3125
105.4375
114.125
118.5
120.0
120.3125
120.4375
120.4375
120.0625
119.5625
119.125
118.625
118.0625
117.4375
116.625
115.5625
114.125
112.1875
109.75
106.8125
103.125
98.8125
94.375
90.6875
87.9375
86.125
85.0
84.25
83.6875
83.0
82.25
81.25
80.1875
79.125
78.125
77.125
76.25
75.4375
74.6875
73.9375
73.1875
72.375
71.625
70.9375
70.1875
69.5
68.8125
68.125
67.4375
66.8125
66.1875
65.6875
65.125
64.6875
64.125
63.625
63.25
62.75
62.3125
61.875
61.5625
61.1875
60.75
60.3125
60.0
59.625
59.1875
58.8125
58.375
57.9375
57.5
57.125
56.75
56.375
56.0
55.625
55.25
54.9375
54.625
54.3125
54.0625
53.8125
53.5
53.25
53.0
52.6875
52.5
52.1875
51.9375
51.75
51.5
51.25
51.0
50.8125
50.625
50.4375
50.1875
50.0
49.8125
49.6875
49.5625
49.5
49.375
49.25
49.125
48.9375
48.8125
48.5625
48.3125
48.0625
47.75
47.5
47.25
46.9375
46.875
48.4375
55.375
68.125
82.5625
97.8125
111.375
119.1875
122.0
122.5
122.5
122.4375
121.875
120.8125
119.3125
117.625
115.6875
113.4375
110.9375
108.1875
105.3125
102.3125
99.4375
96.6875
93.9375
91.375
89.1875
87.5625
86.4375
85.625
84.9375
84.1875
83.3125
82.4375
81.375
80.25
79.125
78.0625
77.0
76.0
75.125
74.3125
73.5625
72.75
72.125
71.4375
70.75
70.125
69.5
68.875
68.3125
67.75
67.125
66.5625
66.0625
65.5625
65.0625
64.6875
64.25
63.75
63.3125
62.9375
62.5
62.0
61.625
61.25
60.8125
60.4375
60.125
59.6875
59.375
59.0
58.75
58.5
58.25
58.125
57.9375
57.8125
57.625
57.5
57.3125
57.0
56.5625
56.1875
55.6875
55.1875
54.6875
54.25
53.9375
54.875
59.625
69.0625
81.25
94.625
107.0
115.125
118.9375
120.1875
120.6875
121.0
121.0625
120.8125
120.3125
119.75
119.125
118.375
117.5
116.3125
114.75
112.875
110.625
107.9375
104.6875
100.9375
96.8125
92.9375
89.8125
87.6875
86.3125
85.4375
84.8125
84.25
83.5625
82.625
81.5
80.375
79.25
78.1875
77.1875
76.25
75.4375
74.625
73.875
73.1875
72.4375
71.75
71.0625
70.375
69.6875
69.0
68.4375
67.8125
67.1875
66.625
66.0625
65.5625
65.0625
64.5625
64.0625
63.625
63.125
62.6875
62.25
61.875
61.4375
61.0625
60.5625
60.1875
59.75
59.375
58.9375
58.5625
58.125
57.6875
57.3125
56.9375
56.5
56.125
55.8125
55.5
55.125
54.8125
54.625
54.3125
54.0625
53.75
53.5
53.25
53.0
52.75
52.5
52.25
51.9375
51.6875
51.5
51.3125
51.125
50.875
50.6875
50.5
50.3125
50.0625
49.875
49.625
49.4375
49.25
49.0625
48.875
48.6875
48.5625
48.375
48.25
48.25
48.125
48.0
47.9375
47.8125
47.625
47.4375
47.25
46.9375
46.6875
46.5
46.25
46.0
45.75
45.9375
48.25
56.0625
68.4375
81.9375
96.1875
108.1875
114.875
117.3125
117.75
117.75
117.75
117.3125
116.5
115.1875
113.5
111.625
109.5
107.25
104.875
102.1875
99.5
96.875
94.125
91.375
88.75
86.4375
84.6875
83.5
82.6875
82.1875
81.5625
80.9375
80.0625
79.1875
78.25
77.25
76.3125
75.3125
74.375
73.5
72.6875
71.9375
71.1875
70.5
69.8125
69.125
68.5
67.875
67.25
66.75
66.25
65.75
65.25
64.8125
64.3125
63.8125
63.3125
62.875
62.5
62.0625
61.75
61.5
61.25
61.0
60.8125
60.5625
60.3125
59.9375
59.5
59.0
58.5
57.9375
57.375
56.8125
56.375
56.25
57.4375
62.25
71.25
82.9375
95.625
106.875
114.0
117.25
118.1875
118.4375
118.5625
118.625
118.375
118.0
117.5
116.9375
116.4375
115.75
114.875
113.6875
112.125
110.1875
107.75
104.75
101.0625
96.8125
92.625
89.3125
86.9375
85.3125
84.25
83.5625
82.9375
82.25
81.3125
80.3125
79.3125
78.3125
77.375
76.4375
75.625
74.6875
73.9375
73.25
72.5
71.75
71.0625
70.375
69.625
69.0
68.375
67.6875
66.9375
66.375
65.8125
65.25
64.6875
64.1875
63.75
63.25
62.8125
62.4375
62.0
61.5625
61.25
60.8125
60.4375
60.0625
59.8125
59.4375
59.0
58.625
58.3125
58.0
57.75
57.4375
57.0625
56.75
56.4375
56.1875
55.875
55.5625
55.25
54.9375
54.5625
54.1875
53.875
53.4375
53.1875
52.875
52.5625
52.1875
51.9375
51.625
51.375
51.125
50.9375
50.6875
50.5
50.3125
50.125
49.9375
49.6875
49.4375
49.25
49.0625
48.875
48.6875
48.5
48.3125
48.125
47.9375
47.8125
47.625
47.4375
47.375
47.3125
47.1875
47.125
47.0
46.9375
46.8125
46.625
46.4375
46.1875
45.9375
45.6875
45.5
45.25
45.0625
44.9375
46.3125
52.5
64.3125
77.6875
91.8125
105.0
113.375
116.8125
117.625
117.75
117.6875
117.25
116.3125
114.9375
113.25
111.1875
108.875
106.25
103.4375
100.5625
97.75
95.125
92.625
90.1875
87.8125
85.8125
84.375
83.5
82.9375
82.625
82.1875
81.5625
80.9375
80.0625
79.0
78.0
76.875
75.8125
74.8125
73.9375
73.125
72.3125
71.6875
70.9375
70.3125
69.6875
69.0625
68.4375
67.9375
67.375
66.8125
66.25
65.75
65.3125
64.8125
64.3125
63.8125
63.5
63.0625
62.6875
62.4375
62.125
61.875
61.625
61.5
61.1875
60.875
60.5625
60.1875
59.625
59.125
58.5625
58.0
57.5
57.0625
56.6875
56.9375
59.5
66.4375
77.0625
89.4375
101.875
111.4375
116.75
118.75
119.3125
119.5
119.625
119.625
119.375
119.0
118.6875
118.25
117.8125
117.0625
116.0625
114.875
113.1875
111.0625
108.4375
105.0625
101.0
96.6875
92.75
89.75
87.6875
86.3125
85.5
84.8125
84.1875
83.4375
82.5
81.375
80.375
79.3125
78.3125
77.3125
76.4375
75.6875
74.875
74.125
73.3125
72.625
71.9375
71.1875
70.5
69.8125
69.125
68.5
67.9375
67.3125
66.75
66.1875
65.6875
65.1875
64.6875
64.25
63.75
63.3125
62.875
62.5
62.0625
61.6875
61.375
61.0
60.625
60.3125
59.9375
59.625
59.25
58.9375
58.5625
58.3125
58.0
57.625
57.3125
57.0
56.6875
56.3125
56.0
55.5625
55.25
54.875
54.5625
54.1875
53.875
53.5625
53.25
52.9375
52.6875
52.4375
52.1875
52.0
51.875
51.75
51.625
51.5
51.375
51.25
51.0625
50.75
50.4375
50.125
49.8125
49.5
49.25
48.9375
48.75
49.4375
53.9375
64.375
77.875
92.5625
106.875
116.8125
121.4375
122.8125
123.0625
123.3125
123.25
122.6875
121.8125
120.75
119.5
117.9375
116.125
113.9375
111.3125
108.4375
105.4375
102.25
99.0625
95.6875
92.5
89.875
88.0
86.75
85.875
85.1875
84.5
83.6875
82.75
81.75
80.625
79.625
78.5625
77.6875
76.875
76.1875
75.5
74.9375
74.375
73.875
73.3125
72.8125
72.25
71.625
71.125
70.5625
70.0
69.4375
68.8125
68.1875
67.625
67.0
66.4375
66.0
65.5
65.125
64.6875
64.3125
63.9375
63.5
63.125
62.75
62.375
61.9375
61.5625
61.125
60.8125
60.4375
60.0625
59.8125
59.5625
59.375
59.25
59.0625
59.0
58.875
58.625
58.3125
57.9375
57.5
57.0
56.5
56.0
55.5625
55.125
55.25
57.5625
64.5625
75.8125
89.0625
102.5625
113.375
119.375
121.75
122.4375
122.75
122.9375
123.0625
122.9375
122.625
122.125
121.6875
121.0
120.125
119.0
117.5625
115.625
113.25
110.25
106.625
102.4375
98.0625
94.1875
91.3125
89.375
88.125
87.375
86.6875
86.0
85.125
84.1875
83.0625
81.875
80.75
79.75
78.8125
77.875
77.0
76.1875
75.4375
74.6875
73.9375
73.1875
72.5
71.8125
71.125
70.5
69.8125
69.125
68.5625
68.0
67.4375
66.9375
66.375
65.875
65.4375
64.9375
64.5
64.0
63.625
63.25
62.875
62.375
62.0625
61.6875
61.25
60.9375
60.6875
60.25
59.9375
59.625
59.25
58.9375
58.6875
58.375
58.0
57.6875
57.4375
57.1875
56.8125
56.5
56.1875
55.75
55.375
55.0625
54.75
54.3125
54.0
53.6875
53.375
53.125
52.9375
52.625
52.375
52.125
51.9375
51.75
51.5
51.3125
51.25
51.125
51.0625
50.9375
50.75
50.625
50.375
50.125
49.9375
49.6875
49.375
49.0625
48.75
48.5
48.1875
48.375
51.1875
59.4375
71.875
85.625
99.9375
111.4375
117.6875
120.0625
120.75
121.125
121.3125
121.1875
120.5
119.5
118.3125
116.875
115.25
113.3125
111.125
108.5625
105.75
102.75
99.5625
96.25
93.0
90.125
88.0625
86.625
85.6875
84.875
84.125
83.4375
82.5625
81.625
80.5625
79.625
78.6875
77.75
77.0
76.3125
75.6875
75.0625
74.5625
74.0625
73.5
72.9375
72.375
71.6875
71.0625
70.375
69.75
69.0625
68.375
67.8125
67.3125
66.75
66.25
65.75
65.3125
64.9375
64.4375
64.0625
63.625
63.25
62.875
62.5
62.125
61.875
61.625
61.4375
61.25
61.0
60.875
60.5625
60.1875
59.75
59.25
58.6875
58.1875
57.625
57.125
56.625
56.375
57.3125
61.5625
70.5625
82.5
95.75
107.9375
116.0
119.75
121.0
121.5
121.8125
122.0625
122.0
121.8125
121.4375
121.0625
120.5
119.8125
118.875
117.75
116.3125
114.3125
111.8125
108.6875
104.9375
100.625
96.375
92.75
90.125
88.25
87.25
86.5
85.875
85.125
84.3125
83.25
82.125
81.0625
79.9375
78.9375
78.0
77.1875
76.3125
75.5625
74.8125
74.0625
73.25
72.5625
71.875
71.125
70.4375
69.8125
69.1875
68.5
68.0
67.4375
66.875
66.3125
65.875
65.375
64.875
64.4375
63.9375
63.5625
63.125
62.6875
62.3125
61.9375
61.5625
61.25
60.875
60.5
60.1875
59.875
59.5
59.1875
58.875
58.5
58.25
57.9375
57.6875
57.375
57.0625
56.75
56.5
56.1875
55.9375
55.6875
55.375
55.1875
54.875
54.6875
54.5
54.25
54.0
53.75
53.5625
53.3125
53.125
52.875
52.75
52.4375
52.125
51.875
51.5625
51.25
51.0625
50.875
50.625
50.4375
50.3125
50.25
50.0625
49.875
49.625
49.4375
49.125
48.875
48.5
48.1875
47.9375
47.6875
47.5
47.6875
50.6875
59.375
72.125
85.875
100.1875
111.4375
117.5625
119.8125
120.5625
120.9375
121.1875
120.9375
120.25
119.1875
117.75
116.1875
114.375
112.3125
109.9375
107.25
104.3125
101.3125
98.1875
95.0
92.0
89.4375
87.4375
86.1875
85.3125
84.5625
83.875
83.1875
82.3125
81.375
80.375
79.3125
78.3125
77.375
76.5
75.6875
74.9375
74.25
73.5
72.875
72.1875
71.5
70.875
70.25
69.625
69.0625
68.5625
68.0625
67.5625
67.125
66.8125
66.5
66.1875
65.9375
65.75
65.5
65.3125
64.9375
64.625
64.25
63.875
63.4375
62.875
62.4375
62.0
61.625
61.25
60.875
60.5625
60.25
60.0
59.6875
59.5
59.3125
59.1875
59.0
58.8125
58.625
58.3125
57.9375
57.4375
57.0625
56.5625
56.0
55.5
55.1875
54.875
55.1875
58.25
66.0
77.3125
90.25
103.125
112.75
117.875
119.6875
120.3125
120.75
121.125
121.25
121.125
120.75
120.375
119.875
119.3125
118.5
117.375
115.875
113.9375
111.625
108.625
105.125
101.0625
96.9375
93.3125
90.625
88.875
87.6875
86.875
86.3125
85.625
84.75
83.75
82.6875
81.5625
80.5
79.5
78.5625
77.625
76.8125
76.0625
75.25
74.5
73.6875
73.0
72.3125
71.5625
70.9375
70.3125
69.6875
69.0
68.4375
67.875
67.375
66.875
66.375
65.875
65.4375
64.9375
64.4375
64.0625
63.625
63.25
62.8125
62.4375
62.0
61.6875
61.3125
60.9375
60.625
60.3125
60.0
59.5625
59.25
58.9375
58.6875
58.375
58.0625
57.75
57.5
57.25
56.9375
56.625
56.375
56.25
56.0625
56.0
55.875
55.8125
55.6875
55.5625
55.375
55.0625
54.75
54.3125
53.875
53.4375
53.0
52.625
52.4375
53.1875
57.6875
67.5
80.125
94.0
107.1875
116.25
120.625
122.25
122.8125
123.1875
123.375
123.25
122.875
122.3125
121.625
120.875
119.875
118.5625
116.9375
114.75
112.125
109.0625
105.5
101.625
97.5625
93.9375
91.125
89.1875
87.8125
86.875
86.125
85.4375
84.5625
83.6875
82.625
81.5
80.4375
79.5
78.5
77.5625
76.6875
75.9375
75.125
74.3125
73.5
72.75
72.0625
71.3125
70.625
69.9375
69.25
68.625
68.0625
67.5
66.9375
66.375
65.875
65.4375
64.9375
64.5
64.0625
63.6875
63.25
62.875
62.5
62.125
61.75
61.4375
61.125
60.8125
60.5
60.1875
59.9375
59.6875
59.4375
59.3125
59.1875
59.125
59.125
59.125
59.125
59.125
59.0625
58.9375
58.8125
58.6875
58.5625
58.4375
58.25
57.9375
57.5625
57.25
56.875
56.4375
56.0625
55.5625
55.1875
54.6875
54.3125
54.375
56.375
63.0625
74.25
87.5625
101.4375
112.875
119.3125
121.8125
122.4375
122.75
122.9375
122.9375
122.625
122.25
121.6875
120.9375
120.0
118.875
117.4375
115.625
113.5
111.0
107.9375
104.3125
100.4375
96.5
93.125
90.75
89.125
88.125
87.375
86.75
85.9375
85.0625
84.0
82.875
81.6875
80.6875
79.6875
78.75
77.75
76.9375
76.125
75.3125
74.5625
73.875
73.125
72.375
71.6875
71.0625
70.375
69.6875
69.125
68.5625
68.0
67.5
67.0
66.5
65.9375
65.5
65.0625
64.5625
64.1875
63.75
63.3125
62.875
62.5
62.1875
61.8125
61.4375
61.125
60.75
60.375
60.0
59.6875
59.375
59.125
58.75
58.4375
58.0625
57.8125
57.625
57.375
57.25
57.0625
57.0
56.9375
56.875
56.6875
56.4375
56.0625
55.75
55.25
54.75
54.375
53.875
53.5
53.25
54.5
59.6875
69.9375
82.875
96.875
109.375
117.5
121.25
122.5
123.0
123.375
123.375
123.125
122.625
122.0
121.3125
120.5
119.5
118.3125
116.75
114.8125
112.375
109.375
105.875
101.9375
97.75
94.0
91.0625
89.0
87.625
86.75
86.0625
85.3125
84.4375
83.4375
82.4375
81.375
80.3125
79.3125
78.375
77.4375
76.5625
75.75
74.9375
74.125
73.3125
72.5625
71.8125
71.125
70.375
69.6875
69.0
68.375
67.75
67.125
66.625
66.0
65.4375
65.0
64.625
64.125
63.6875
63.3125
62.875
62.4375
62.0625
61.6875
61.3125
60.875
60.5625
60.25
59.875
59.5625
59.1875
58.875
58.5625
58.25
57.9375
57.6875
57.375
57.125
56.875
56.625
56.4375
56.375
56.375
56.375
56.5625
56.75
57.0
57.125
57.3125
57.3125
57.125
56.9375
56.5625
56.1875
55.625
55.125
54.5625
54.4375
56.4375
63.375
74.75
88.25
102.375
113.625
119.8125
122.0625
122.5
122.5625
122.5625
122.375
121.875
121.25
120.625
119.875
119.0
117.75
116.1875
114.1875
111.75
108.9375
105.625
102.0625
98.1875
94.5625
91.5625
89.5
88.125
87.25
86.5625
85.875
85.1875
84.1875
83.1875
82.0625
81.0
79.875
78.875
78.0625
77.3125
76.5625
75.875
75.25
74.5
73.75
73.125
72.5625
71.8125
71.0625
70.1875
69.375
68.5
67.625
66.9375
66.375
66.4375
68.1875
73.625
83.3125
95.9375
109.0
119.4375
125.3125
127.5625
127.9375
127.8125
127.5625
127.1875
126.8125
126.4375
126.1875
125.9375
125.625
125.125
124.3125
123.0625
121.3125
118.875
115.75
111.8125
107.0
101.8125
97.125
93.625
91.1875
89.6875
88.75
88.125
87.375
86.5
85.4375
84.3125
83.125
81.8125
80.8125
79.8125
78.875
77.9375
77.1875
76.3125
75.5
74.6875
73.9375
73.125
72.3125
71.625
70.8125
70.125
69.4375
68.8125
68.25
67.75
67.1875
66.6875
66.125
65.625
65.0625
64.5625
64.0
63.5
63.0
62.5625
62.125
61.625
61.125
60.625
60.25
59.8125
59.375
59.0
58.6875
58.375
58.0
57.6875
57.375
57.0625
56.75
56.5
56.125
55.8125
55.5625
55.25
55.0
54.75
54.5
54.25
54.0
53.75
53.5
53.3125
53.0625
52.8125
52.5625
52.3125
52.0625
51.875
51.625
51.5
51.3125
51.25
51.125
51.0625
50.875
50.75
50.625
50.4375
50.25
49.9375
49.6875
49.375
49.125
48.8125
48.625
49.125
53.625
65.625
81.4375
98.375
114.6875
125.25
129.375
130.0625
129.875
129.6875
129.0625
127.875
126.1875
124.4375
122.5
120.375
117.875
115.0625
112.0
108.9375
105.8125
102.8125
99.9375
97.0625
94.375
92.125
90.4375
89.25
88.375
87.4375
86.5
85.5625
84.5625
83.4375
82.25
81.125
80.0
78.9375
77.875
76.9375
76.0625
75.25
74.5
73.75
73.0
72.25
71.6875
71.0625
70.5625
70.1875
69.8125
69.4375
69.0625
68.6875
68.1875
67.5625
67.0
66.3125
65.5625
64.875
64.125
63.5625
62.9375
62.6875
63.3125
67.0
75.375
87.375
101.125
113.8125
122.1875
125.875
126.875
127.0
127.0
126.75
126.375
125.875
125.375
125.0
124.625
124.125
123.375
122.375
120.8125
118.75
116.0
112.5625
108.3125
103.375
98.5
94.5
91.625
89.6875
88.5625
87.8125
87.1875
86.375
85.4375
84.3125
83.1875
82.0
80.9375
79.8125
78.75
77.9375
77.0625
76.25
75.4375
74.625
73.875
73.125
72.4375
71.6875
70.875
70.1875
69.5625
68.875
68.3125
67.75
67.125
66.625
66.125
65.625
65.125
64.6875
64.1875
63.75
63.375
62.9375
62.5625
62.125
61.75
61.375
61.0625
60.6875
60.3125
60.0
59.625
59.3125
58.9375
58.6875
58.375
58.0625
57.75
57.4375
57.125
56.875
56.625
56.3125
56.0625
55.8125
55.5625
55.25
55.0625
54.8125
54.5625
54.3125
54.0625
53.8125
53.5625
53.3125
53.0625
52.875
52.625
52.4375
52.3125
52.125
51.9375
51.625
51.3125
51.0
50.625
50.1875
49.875
49.5
49.125
48.9375
50.125
56.5
69.6875
85.3125
101.8125
116.8125
125.625
129.0
129.625
129.6875
129.375
128.625
127.375
125.8125
124.0625
122.0625
119.875
117.375
114.5
111.375
108.0
104.5625
101.1875
97.875
94.6875
91.875
89.8125
88.375
87.4375
86.625
85.875
85.0
84.0625
83.0
81.75
80.6875
79.625
78.5625
77.5625
76.625
75.8125
75.0625
74.375
73.5625
72.8125
72.0625
71.375
70.6875
70.0
69.375
68.875
68.3125
67.75
67.25
66.75
66.25
65.8125
65.4375
65.125
64.875
64.625
64.5
64.375
64.3125
64.125
63.9375
63.5625
63.25
62.875
62.375
61.9375
61.4375
61.0
60.5625
60.1875
59.75
59.5
59.25
59.0
58.8125
58.625
58.5625
58.4375
58.25
58.0625
57.75
57.375
56.875
56.4375
55.9375
55.4375
54.9375
54.5625
54.375
55.9375
61.9375
73.0
86.4375
100.625
112.9375
120.1875
123.0
123.6875
123.75
123.75
123.625
123.25
122.625
122.0
121.3125
120.5
119.375
117.875
116.125
113.75
110.9375
107.5625
103.8125
99.6875
95.625
92.3125
89.875
88.3125
87.25
86.5625
85.8125
85.0625
84.25
83.125
82.0625
80.9375
79.8125
78.75
77.8125
76.9375
76.125
75.3125
74.625
73.8125
73.0625
72.375
71.625
70.875
70.125
69.5625
68.875
68.25
67.6875
67.1875
66.625
66.125
65.625
65.0625
64.5625
64.125
63.75
63.3125
62.875
62.4375
62.0625
61.6875
61.3125
60.9375
60.5625
60.25
59.875
59.5
59.1875
58.875
58.5625
58.25
57.875
57.625
57.25
57.0
56.75
56.4375
56.1875
55.9375
55.625
55.375
55.0625
54.8125
54.6875
54.5
54.4375
54.375
54.3125
54.125
53.9375
53.6875
53.25
52.8125
52.3125
51.8125
51.1875
50.75
50.3125
50.0625
51.25
57.0625
68.375
81.875
96.5
109.6875
118.0
121.5625
122.5
122.875
123.0
122.8125
122.1875
121.3125
120.3125
119.1875
117.75
116.0625
114.0625
111.75
109.0
106.0625
102.5625
98.9375
95.125
91.5625
88.8125
86.9375
85.6875
85.0
84.375
83.6875
83.0
82.125
81.0625
79.9375
79.0
78.0
77.0
76.1875
75.375
74.5625
73.8125
73.0625
72.25
71.5625
70.8125
70.125
69.375
68.6875
68.0
67.3125
66.75
66.1875
65.625
65.0625
64.625
64.125
63.75
63.3125
63.0
62.625
62.375
62.1875
62.0625
61.9375
61.875
61.8125
61.75
61.625
61.4375
61.1875
60.875
60.5
60.0625
59.6875
59.25
58.875
58.625
58.4375
58.375
58.1875
58.0625
57.8125
57.5
57.125
56.625
56.125
55.625
55.0625
54.625
54.3125
55.125
59.625
69.25
81.9375
95.8125
108.625
116.9375
120.6875
121.6875
121.8125
121.8125
121.6875
121.3125
120.6875
120.0
119.25
118.375
117.25
116.0
114.25
112.25
109.8125
106.8125
103.25
99.3125
95.3125
91.8125
89.1875
87.375
86.3125
85.5
84.8125
84.125
83.3125
82.25
81.1875
80.125
79.0625
78.0625
77.125
76.1875
75.375
74.625
73.8125
73.0625
72.3125
71.5625
70.9375
70.1875
69.5
68.875
68.25
67.5625
66.9375
66.375
65.875
65.3125
64.875
64.375
63.9375
63.5
63.0
62.5625
62.1875
61.8125
61.375
61.0
60.625
60.3125
59.9375
59.625
59.25
58.9375
58.5625
58.25
57.9375
57.625
57.3125
57.0
56.6875
56.4375
56.25
56.0
55.9375
55.8125
55.6875
55.625
55.5
55.25
54.9375
54.625
54.25
53.8125
53.3125
52.8125
52.4375
52.1875
52.9375
57.375
67.1875
80.0
94.0625
107.375
116.375
120.5
121.875
122.1875
122.375
122.25
121.8125
121.0625
120.125
119.125
118.0625
116.8125
115.375
113.5625
111.3125
108.5625
105.375
101.75
97.8125
93.9375
90.5625
88.125
86.5625
85.4375
84.6875
83.9375
83.1875
82.3125
81.3125
80.25
79.1875
78.125
77.125
76.1875
75.3125
74.5
73.75
73.0
72.1875
71.5
70.75
70.0
69.25
68.625
67.9375
67.3125
66.6875
66.125
65.5625
65.0
64.5
64.0
63.5
63.0625
62.625
62.1875
61.75
61.375
61.0
60.5625
60.1875
59.8125
59.4375
59.125
58.8125
58.4375
58.0625
57.8125
57.5
57.1875
56.9375
56.6875
56.5
56.25
56.0625
55.9375
55.9375
55.875
55.875
55.875
56.0
56.125
56.3125
56.4375
56.5
56.5
56.375
56.1875
55.75
55.375
54.75
54.25
53.75
53.25
52.875
52.5
52.3125
53.25
58.0625
68.1875
81.125
94.9375
107.8125
116.0625
119.625
120.5
120.5625
120.5625
120.4375
119.9375
119.1875
118.3125
117.25
116.0
114.5625
112.8125
110.6875
108.1875
105.25
102.0625
98.625
95.0625
91.6875
89.0
87.0625
85.875
85.0625
84.4375
83.8125
83.0
82.125
81.125
80.0625
78.9375
77.875
76.875
75.875
75.0625
74.3125
73.5625
72.8125
72.125
71.375
70.6875
70.0
69.4375
68.8125
68.125
67.5
66.9375
66.4375
65.9375
65.5
65.125
64.8125
64.5
64.25
63.875
63.5
63.125
62.6875
62.1875
61.5625
61.0
60.375
59.8125
59.3125
58.875
58.875
60.6875
66.75
77.25
90.3125
103.8125
114.75
120.9375
123.3125
123.9375
124.0625
124.0
123.8125
123.3125
122.75
122.25
121.8125
121.3125
120.5625
119.5625
118.1875
116.375
114.0
111.0
107.1875
102.75
98.0
93.9375
90.8125
88.6875
87.3125
86.5
85.8125
85.125
84.3125
83.25
82.125
80.9375
79.75
78.625
77.625
76.6875
75.8125
75.0
74.125
73.25
72.375
71.625
70.75
70.0
69.25
68.5625
67.875
67.25
66.625
66.0625
65.5625
65.0
64.5
63.9375
63.5
63.0
62.5
62.0625
61.5625
61.1875
60.75
60.3125
59.9375
59.625
59.1875
58.875
58.5
58.1875
57.875
57.5625
57.1875
56.875
56.5
56.25
55.9375
55.6875
55.4375
55.125
54.875
54.625
54.375
54.125
53.875
53.625
53.375
53.125
52.9375
52.6875
52.4375
52.25
52.0625
51.875
51.6875
51.5625
51.4375
51.375
51.25
51.125
51.0
50.8125
50.625
50.3125
50.0625
49.75
49.5
49.3125
49.125
49.0
49.875
55.0
66.9375
82.1875
98.3125
113.375
122.6875
126.0625
126.25
125.6875
125.125
124.25
123.0
121.5
119.875
118.0625
116.25
114.0625
111.4375
108.5625
105.5625
102.375
99.25
96.125
93.1875
90.5625
88.5625
87.1875
86.3125
85.625
84.9375
84.1875
83.25
82.1875
81.125
80.0625
78.9375
77.9375
76.9375
76.0625
75.1875
74.375
73.5625
72.8125
72.125
71.375
70.75
70.1875
69.625
69.125
68.8125
68.4375
68.0625
67.625
67.25
66.875
66.25
65.625
64.875
64.25
63.5
62.875
62.25
61.6875
61.375
62.0
65.375
73.3125
84.9375
98.3125
110.875
119.4375
123.5625
124.75
125.0
124.9375
124.875
124.625
124.1875
123.75
123.375
123.0
122.5
121.75
120.6875
119.1875
117.125
114.5
111.1875
106.9375
102.0625
97.25
93.4375
90.625
88.75
87.6875
87.0625
86.375
85.5625
84.625
83.5625
82.3125
81.1875
80.0625
79.0625
78.0625
77.25
76.4375
75.625
74.9375
74.0625
73.3125
72.5625
71.8125
71.0
70.3125
69.6875
68.9375
68.375
67.8125
67.25
66.625
66.1875
65.6875
65.25
64.75
64.3125
63.9375
63.4375
63.0
62.5625
62.1875
61.75
61.4375
61.0625
60.6875
60.3125
60.0
59.5625
59.25
58.9375
58.625
58.25
57.9375
57.5625
57.1875
56.875
56.4375
56.0625
55.6875
55.375
55.0
54.6875
54.375
54.0625
53.75
53.5
53.25
53.0
52.75
52.5
52.3125
52.0625
51.8125
51.5625
51.375
51.25
50.9375
50.75
50.5625
50.3125
50.125
50.0
49.75
49.625
49.4375
49.25
49.125
48.9375
48.75
48.5625
48.5
48.375
48.1875
48.0
47.8125
47.625
47.5
47.375
47.25
47.125
46.9375
46.875
46.75
46.625
46.625
46.5625
46.5
46.4375
46.375
46.3125
46.125
45.875
45.6875
45.4375
45.1875
45.0
44.8125
44.625
44.8125
47.5625
57.25
71.8125
86.9375
102.6875
115.125
121.1875
122.8125
122.8125
122.625
122.125
121.0
119.4375
117.4375
115.0
112.0625
108.875
105.625
102.4375
99.4375
96.75
94.3125
92.0625
89.9375
88.0
86.4375
85.3125
84.5
83.875
83.3125
82.625
81.75
80.8125
79.75
78.6875
77.625
76.5
75.5
74.5625
73.6875
72.875
72.1875
71.5625
70.875
70.25
69.6875
69.125
68.625
68.0625
67.5
67.0
66.5
66.0625
65.5625
65.0625
64.5625
64.125
63.6875
63.3125
62.875
62.5
62.0625
61.8125
61.5625
61.375
61.125
60.9375
60.75
60.4375
60.125
59.75
59.25
58.75
58.25
57.625
57.125
56.6875
56.5
57.5625
62.0625
71.0625
82.9375
95.875
107.5625
115.1875
118.75
120.0
120.375
120.6875
120.8125
120.75
120.375
119.9375
119.5
119.125
118.5
117.75
116.6875
115.1875
113.1875
110.5625
107.3125
103.3125
98.875
94.5625
91.1875
88.8125
87.25
86.375
85.8125
85.25
84.5625
83.6875
82.625
81.5
80.4375
79.4375
78.4375
77.4375
76.625
75.875
75.0625
74.25
73.5625
72.8125
72.125
71.4375
70.8125
70.125
69.4375
68.8125
68.125
67.5625
67.0625
66.5625
66.0625
65.5625
65.0625
64.5625
64.125
63.6875
63.3125
62.875
62.5
62.125
61.75
61.375
61.0625
60.6875
60.3125
59.9375
59.5625
59.1875
58.9375
58.6875
58.375
58.0
57.5625
57.25
56.875
56.5
56.0625
55.6875
55.3125
55.0
54.6875
54.375
54.0625
53.75
53.5625
53.25
53.0625
52.8125
52.5625
52.25
52.0625
51.875
51.625
51.375
51.25
51.0625
50.9375
50.875
50.75
50.6875
50.5
50.375
50.0625
49.875
49.6875
49.375
49.0625
48.8125
48.5625
48.25
48.0625
48.75
53.25
64.0625
78.0625
93.0625
107.6875
117.6875
122.125
123.375
123.6875
123.9375
123.6875
123.0625
122.0
120.6875
119.3125
117.75
115.75
113.4375
110.8125
107.9375
105.0
101.875
98.6875
95.4375
92.4375
90.0625
88.375
87.25
86.5625
85.875
85.1875
84.375
83.5
82.5
81.5
80.625
79.75
79.0
78.3125
77.6875
77.0
76.375
75.6875
74.9375
74.1875
73.4375
72.625
71.875
71.1875
70.5
69.9375
69.4375
68.875
68.3125
67.8125
67.375
66.875
66.375
65.875
65.5
65.0
64.5625
64.125
63.875
63.5
63.25
63.0625
62.9375
62.75
62.5
62.25
61.875
61.375
60.875
60.3125
59.6875
59.1875
58.625
58.125
57.875
58.9375
63.5625
73.0
85.5
99.0625
111.25
119.125
122.75
123.875
124.3125
124.6875
124.875
124.75
124.5625
124.25
123.9375
123.5625
123.0
122.25
121.0625
119.5
117.375
114.6875
111.3125
107.1875
102.5625
98.0625
94.4375
91.8125
90.1875
89.125
88.4375
87.8125
87.125
86.0625
85.0
83.8125
82.625
81.5
80.5
79.5
78.625
77.8125
77.0
76.1875
75.375
74.6875
73.9375
73.25
72.5
71.8125
71.0625
70.4375
69.8125
69.1875
68.625
68.0625
67.5625
67.0
66.5
66.0
65.5
65.125
64.6875
64.3125
63.875
63.5
63.125
62.75
62.3125
61.9375
61.5625
61.25
60.875
60.5625
60.1875
59.9375
59.625
59.3125
58.9375
58.625
58.375
58.0625
57.8125
57.5
57.25
56.9375
56.6875
56.375
56.125
55.875
55.6875
55.375
55.125
54.875
54.625
54.4375
54.1875
53.9375
53.625
53.375
53.25
53.125
52.9375
52.6875
52.5
52.1875
51.8125
51.5
51.125
50.6875
50.375
50.0625
49.75
49.4375
49.9375
53.8125
63.8125
77.4375
92.1875
107.0
117.625
122.8125
124.5
124.9375
125.25
125.25
124.8125
124.0
122.9375
121.875
120.6875
119.125
117.1875
114.875
112.1875
109.0625
105.6875
102.125
98.5
94.9375
92.0625
89.9375
88.5
87.4375
86.75
86.0625
85.1875
84.25
83.1875
82.125
81.0
80.0
79.0
78.0625
77.25
76.4375
75.6875
74.875
74.125
73.4375
72.75
72.0
71.3125
70.6875
70.0625
69.5
68.875
68.3125
67.75
67.25
66.8125
66.375
66.0
65.75
65.5
65.375
65.25
65.125
65.0
64.8125
64.625
64.25
63.9375
63.5
63.0625
62.5
62.0625
61.5625
61.125
60.75
60.375
60.0625
59.75
59.5
59.125
58.875
58.6875
58.5625
58.375
58.3125
58.1875
58.0
57.75
57.4375
57.0
56.625
56.25
55.6875
55.1875
54.8125
54.5
54.5
56.375
62.8125
73.6875
86.75
100.4375
111.8125
118.5
121.1875
122.0
122.375
122.75
122.9375
122.75
122.375
122.0
121.4375
120.75
119.8125
118.5625
116.8125
114.8125
112.3125
109.25
105.6875
101.6875
97.4375
93.75
91.125
89.4375
88.4375
87.75
87.1875
86.4375
85.5625
84.5
83.375
82.1875
81.0625
80.0
79.0625
78.1875
77.25
76.5
75.75
75.0
74.1875
73.5
72.8125
72.125
71.4375
70.8125
70.1875
69.5
68.9375
68.4375
67.9375
67.375
66.875
66.375
65.9375
65.4375
65.0
64.5625
64.0625
63.75
63.375
63.0
62.5625
62.1875
61.8125
61.5625
61.1875
60.8125
60.4375
60.125
59.75
59.5
59.1875
58.875
58.625
58.3125
58.0
57.75
57.5
57.1875
56.9375
56.6875
56.5
56.4375
56.375
56.25
56.1875
56.0625
55.875
55.625
55.25
54.8125
54.375
53.875
53.375
52.875
52.375
52.6875
55.9375
64.375
76.5625
90.4375
104.375
114.9375
120.5
122.6875
123.5
124.0
124.375
124.3125
123.9375
123.375
122.75
122.0625
121.1875
120.0
118.5
116.5625
114.0
111.0
107.5625
103.625
99.4375
95.625
92.625
90.4375
89.0
88.125
87.4375
86.625
85.8125
84.875
83.75
82.625
81.5625
80.5625
79.5625
78.6875
77.75
76.875
76.125
75.375
74.5625
73.8125
73.0625
72.375
71.6875
71.0
70.375
69.625
69.0625
68.5
67.875
67.3125
66.8125
66.375
65.875
65.4375
65.0
64.625
64.25
63.875
63.5
63.1875
62.8125
62.5625
62.3125
62.0625
61.875
61.6875
61.5625
61.5
61.375
61.375
61.3125
61.125
61.0
60.75
60.375
60.0
59.75
59.375
59.125
58.9375
58.8125
58.6875
58.5
58.3125
58.0
57.625
57.1875
56.6875
56.1875
55.6875
55.25
55.0
55.8125
60.4375
70.1875
83.125
97.375
110.3125
118.8125
122.6875
123.9375
124.375
124.75
124.9375
124.8125
124.4375
123.9375
123.375
122.6875
121.9375
120.6875
119.125
117.125
114.625
111.6875
108.25
104.375
100.1875
96.375
93.4375
91.4375
90.0625
89.1875
88.375
87.5625
86.6875
85.6875
84.5625
83.3125
82.1875
81.1875
80.1875
79.25
78.4375
77.5625
76.75
75.9375
75.1875
74.375
73.6875
72.9375
72.1875
71.5625
70.9375
70.3125
69.6875
69.0625
68.5
68.0625
67.5625
67.0625
66.5
66.0625
65.5625
65.0625
64.625
64.25
63.875
63.4375
63.0625
62.6875
62.3125
61.9375
61.625
61.25
60.9375
60.5625
60.1875
59.875
59.5
59.1875
58.9375
58.6875
58.3125
58.0625
57.75
57.5
57.1875
56.9375
56.625
56.375
56.125
55.875
55.625
55.3125
55.125
54.8125
54.625
54.5
54.4375
54.3125
54.3125
54.3125
54.125
54.0
53.8125
53.5625
53.25
52.9375
52.5
52.0625
51.625
51.25
50.9375
51.8125
56.5625
66.5625
79.25
93.125
106.25
115.25
119.625
121.1875
121.875
122.375
122.625
122.375
121.875
121.25
120.4375
119.5625
118.4375
116.9375
114.9375
112.5
109.75
106.6875
103.1875
99.4375
95.625
92.3125
89.8125
88.0625
87.0
86.1875
85.5
84.75
83.9375
82.875
81.8125
80.75
79.6875
78.6875
77.8125
77.0
76.1875
75.4375
74.6875
73.875
73.125
72.375
71.6875
71.0
70.3125
69.6875
69.0
68.375
67.8125
67.25
66.625
66.0625
65.625
65.125
64.6875
64.1875
63.75
63.375
62.9375
62.625
62.25
61.8125
61.5
61.1875
60.875
60.625
60.3125
60.0625
59.875
59.75
59.625
59.625
59.5625
59.5625
59.625
59.5625
59.5625
59.375
59.3125
59.1875
59.0
58.75
58.5
58.1875
57.8125
57.375
56.9375
56.5
56.0
55.5625
55.1875
54.75
54.4375
54.875
58.0625
66.1875
78.0
91.375
104.5625
114.3125
119.375
121.0625
121.625
121.8125
122.0
121.9375
121.625
121.25
120.75
120.0625
119.1875
118.1875
116.8125
115.125
112.9375
110.1875
106.9375
103.3125
99.1875
95.25
92.0625
89.875
88.4375
87.5625
86.875
86.25
85.4375
84.5
83.5625
82.375
81.25
80.1875
79.25
78.25
77.375
76.5625
75.75
75.0
74.25
73.5625
72.8125
72.0625
71.375
70.75
70.125
69.5
68.875
68.3125
67.75
67.25
66.75
66.1875
65.75
65.25
64.8125
64.375
63.9375
63.5625
63.125
62.75
62.3125
61.9375
61.625
61.3125
60.875
60.5625
60.1875
59.875
59.5
59.1875
58.875
58.5625
58.25
57.9375
57.6875
57.4375
57.125
56.8125
56.5625
56.375
56.1875
56.0
56.0
55.875
55.8125
55.6875
55.5
55.25
54.875
54.5625
54.125
53.6875
53.25
52.8125
52.5625
52.6875
55.0625
62.4375
74.0625
87.5
101.5
112.8125
119.1875
121.75
122.625
123.0
123.25
123.125
122.75
122.125
121.5
120.875
119.9375
118.875
117.4375
115.625
113.3125
110.625
107.375
103.6875
99.6875
95.6875
92.3125
89.875
88.25
87.1875
86.5
85.75
84.9375
84.0
82.9375
81.8125
80.75
79.6875
78.625
77.6875
76.8125
76.0
75.25
74.5
73.6875
72.9375
72.1875
71.5
70.8125
70.125
69.4375
68.75
68.125
67.5
66.875
66.25
65.75
65.1875
64.75
64.25
63.8125
63.375
62.9375
62.5625
62.125
61.75
61.3125
60.9375
60.5625
60.3125
59.9375
59.5625
59.25
59.0
58.625
58.25
57.9375
57.625
57.375
57.125
56.9375
56.5625
56.3125
56.125
55.875
55.625
55.375
55.25
55.1875
55.1875
55.25
55.375
55.625
55.9375
56.125
56.3125
56.4375
56.3125
56.125
55.75
55.3125
54.8125
54.25
53.6875
53.1875
53.0625
54.6875
60.6875
71.5625
84.6875
98.625
110.5
117.625
120.375
121.0625
121.3125
121.375
121.3125
121.0
120.5
119.6875
118.875
117.875
116.5625
115.0
113.0625
110.6875
107.9375
104.75
101.3125
97.625
94.0625
91.3125
89.1875
87.8125
87.0
86.3125
85.625
84.75
83.875
82.8125
81.6875
80.5625
79.5
78.4375
77.5
76.625
75.8125
75.125
74.4375
73.8125
73.3125
72.75
72.1875
71.6875
71.125
70.4375
69.8125
69.0
68.125
67.3125
66.5625
65.8125
65.1875
64.8125
64.875
66.6875
72.4375
82.4375
95.0625
108.0625
118.4375
124.1875
126.375
126.875
126.8125
126.625
126.375
126.0
125.5625
125.3125
125.125
124.875
124.4375
123.6875
122.5625
120.875
118.625
115.6875
111.9375
107.375
102.1875
97.4375
93.6875
91.0625
89.4375
88.375
87.6875
87.0
86.1875
85.125
84.0
82.8125
81.625
80.625
79.5625
78.625
77.6875
76.875
76.0
75.25
74.5
73.6875
72.9375
72.125
71.3125
70.5625
69.8125
69.0625
68.3125
67.6875
67.0
66.375
65.875
65.3125
64.75
64.1875
63.625
63.125
62.6875
62.25
61.8125
61.375
61.0
60.6875
60.3125
59.875
59.5
59.125
58.75
58.375
58.0625
57.6875
57.3125
57.0
56.6875
56.375
56.125
55.8125
55.5
55.1875
54.9375
54.6875
54.4375
54.1875
53.9375
53.75
53.4375
53.125
52.9375
52.75
52.625
52.4375
52.375
52.25
52.1875
52.0
51.8125
51.5625
51.3125
51.0
50.6875
50.3125
50.0
49.6875
49.625
51.6875
60.125
74.75
91.125
108.1875
121.75
128.5
130.375
130.5
130.375
130.125
129.25
128.0
126.625
125.1875
123.625
121.625
119.4375
116.6875
113.5625
110.1875
106.8125
103.375
99.875
96.625
93.75
91.6875
90.1875
89.3125
88.5625
87.6875
86.75
85.8125
84.75
83.625
82.3125
81.125
80.0
78.875
77.8125
76.8125
75.9375
75.125
74.375
73.625
72.9375
72.3125
71.625
70.9375
70.4375
69.9375
69.4375
69.0
68.5625
68.3125
67.875
67.4375
67.0
66.5625
65.9375
65.25
64.625
63.9375
63.3125
62.75
62.1875
61.6875
61.8125
63.8125
70.3125
81.4375
95.0625
109.0625
119.9375
125.75
127.75
128.125
128.25
128.1875
127.875
127.4375
126.9375
126.5
126.1875
125.75
125.125
124.125
122.8125
120.9375
118.625
115.5625
111.625
106.8125
101.6875
97.0
93.4375
90.9375
89.4375
88.5625
87.9375
87.1875
86.3125
85.3125
84.125
82.9375
81.75
80.75
79.6875
78.75
77.9375
77.125
76.25
75.4375
74.625
73.875
73.0625
72.25
71.5625
70.75
70.0625
69.375
68.75
68.0625
67.5625
67.0
66.5
66.0
65.4375
65.0
64.5
64.125
63.6875
63.25
62.8125
62.4375
62.0625
61.6875
61.3125
61.0
60.6875
60.25
59.9375
59.5625
59.1875
58.75
58.375
57.9375
57.5625
57.1875
56.75
56.375
55.9375
55.625
55.25
54.9375
54.6875
54.375
54.0625
53.8125
53.5
53.25
53.0
52.75
52.5625
52.3125
52.1875
52.0625
51.9375
51.8125
51.6875
51.5
51.3125
51.0625
50.6875
50.375
50.0625
49.8125
49.5
49.25
49.1875
51.375
59.6875
73.9375
89.8125
106.625
120.125
127.0625
129.3125
129.5625
129.4375
129.0625
128.3125
127.0625
125.5
123.8125
121.9375
119.6875
117.25
114.4375
111.3125
108.0
104.6875
101.3125
97.75
94.5625
91.875
89.875
88.375
87.3125
86.4375
85.6875
84.8125
83.875
82.75
81.625
80.625
79.625
78.8125
78.0
77.3125
76.6875
76.125
75.4375
74.75
74.0625
73.3125
72.5
71.75
71.0
70.25
69.5625
69.0
68.4375
67.875
67.3125
66.8125
66.25
65.75
65.25
64.8125
64.3125
63.9375
63.4375
63.0
62.625
62.25
61.875
61.4375
61.0625
60.75
60.4375
60.1875
59.9375
59.8125
59.625
59.4375
59.25
59.0625
58.6875
58.3125
57.875
57.3125
56.8125
56.25
55.75
55.4375
56.1875
60.9375
70.8125
83.75
98.0
111.1875
119.6875
123.375
124.4375
124.625
124.75
124.6875
124.375
123.8125
123.25
122.625
122.0
121.0625
119.875
118.3125
116.375
114.0
111.0625
107.5
103.25
98.6875
94.3125
91.0
88.625
87.1875
86.3125
85.6875
85.0625
84.3125
83.4375
82.3125
81.1875
80.0
78.9375
77.9375
77.0625
76.125
75.3125
74.5625
73.75
73.0
72.25
71.5625
70.75
70.0625
69.3125
68.625
67.9375
67.3125
66.6875
66.1875
65.6875
65.125
64.6875
64.1875
63.75
63.1875
62.75
62.375
62.0
61.5625
61.1875
60.75
60.375
60.0
59.625
59.25
58.875
58.625
58.25
57.9375
57.625
57.3125
56.9375
56.6875
56.375
56.0625
55.8125
55.5625
55.1875
54.875
54.6875
54.4375
54.125
53.9375
53.625
53.375
53.125
52.9375
52.6875
52.4375
52.125
51.8125
51.5
51.25
50.875
50.5625
50.3125
50.0625
49.75
49.4375
49.1875
48.9375
48.75
48.5625
48.375
48.1875
48.0
47.875
47.6875
47.5
47.375
47.1875
47.0
46.875
46.625
46.5
46.3125
46.1875
46.0625
45.875
45.6875
45.5625
45.375
45.25
45.125
45.0
44.875
44.6875
44.625
44.5
44.375
44.1875
44.125
44.0
43.875
43.75
43.5625
43.5
43.4375
43.3125
43.125
43.0625
42.9375
42.875
42.75
42.6875
42.5
42.4375
42.3125
42.25
42.1875
42.25
42.1875
42.125
42.0625
42.0
41.875
41.75
41.6875
41.5625
41.4375
41.25
41.1875
41.1875
41.1875
41.3125
41.5625
41.8125
42.0625
42.5
42.875
43.125
43.375
43.5625
43.5625
43.5
43.4375
43.1875
42.9375
42.6875
42.5
42.25
42.125
42.0
41.875
41.75
41.6875
41.6875
41.625
41.5
41.375
41.25
41.125
41.0
40.8125
40.6875
40.5625
40.5
40.375
40.25
40.1875
40.1875
40.0625
40.0
40.0
39.875
39.8125
39.6875
39.6875
39.5
39.5
39.4375
39.375
39.25
39.1875
39.125
39.0625
39.0
38.9375
39.25
41.375
48.1875
58.375
68.5
78.8125
88.0
93.6875
95.6875
95.375
93.625
91.125
88.125
84.75
81.125
77.875
74.9375
72.5625
70.6875
69.3125
68.3125
67.4375
66.75
66.0625
65.3125
64.625
64.25
63.9375
63.875
63.9375
63.875
63.875
63.75
63.5
63.125
62.75
62.25
61.6875
61.125
60.625
60.0
59.5
59.0625
58.625
58.25
57.75
57.375
57.0
56.6875
56.375
56.0625
55.75
55.5
55.25
55.0
54.8125
54.5625
54.25
54.0625
53.8125
53.4375
53.1875
52.9375
52.6875
52.4375
52.1875
51.9375
51.75
51.5
51.25
51.0
50.75
50.4375
50.125
49.875
49.5
49.1875
48.9375
48.625
48.3125
48.0625
47.8125
47.5625
47.3125
47.125
46.9375
46.75
46.5625
46.375
46.1875
46.0
45.875
45.6875
45.5
45.375
45.1875
45.0625
44.875
44.75
44.5625
44.375
44.25
44.125
43.9375
43.8125
43.6875
43.5
43.375
43.3125
43.1875
43.0625
43.0
42.875
42.75
42.625
42.4375
42.3125
42.0625
41.8125
41.625
41.5625
42.1875
45.875
53.5
63.0625
73.25
83.625
92.0
97.1875
99.4375
100.25
100.6875
101.125
101.4375
101.4375
101.0
100.3125
99.375
98.125
96.75
95.25
93.5625
91.625
89.5625
87.375
84.875
82.3125
79.9375
78.0625
76.875
76.3125
76.125
76.0
75.875
75.5
74.9375
74.125
73.25
72.375
71.4375
70.6875
69.9375
69.1875
68.5
67.9375
67.4375
66.8125
66.25
65.75
65.25
64.6875
64.125
63.5625
63.0625
62.5625
62.0625
61.625
61.1875
60.8125
60.4375
60.0625
59.625
59.3125
59.0625
58.75
58.5
58.3125
58.1875
57.9375
57.8125
57.625
57.3125
56.9375
56.5
55.9375
55.4375
55.0
54.4375
54.4375
56.375
62.25
71.5625
82.75
94.3125
104.0
109.875
112.5
113.3125
113.625
113.9375
114.25
114.3125
114.125
113.8125
113.4375
113.0
112.4375
111.75
110.75
109.5
107.9375
105.9375
103.375
100.3125
96.75
92.75
89.25
86.4375
84.375
82.9375
82.125
81.4375
80.875
80.1875
79.3125
78.375
77.4375
76.4375
75.4375
74.625
73.8125
73.0
72.25
71.5625
70.875
70.125
69.5625
68.875
68.1875
67.5
66.9375
66.3125
65.6875
65.125
64.5625
64.0
63.5
63.0625
62.5625
62.125
61.6875
61.3125
60.8125
60.4375
60.0625
59.75
59.375
59.0
58.6875
58.375
58.0
57.6875
57.4375
57.0625
56.75
56.4375
56.125
55.8125
55.5
55.0625
54.75
54.4375
54.0625
53.6875
53.3125
53.0
52.625
52.375
52.0625
51.875
51.6875
51.5625
51.4375
51.3125
51.125
51.0
50.75
50.4375
50.1875
49.875
49.4375
49.0625
48.8125
48.5625
49.375
54.1875
64.3125
76.9375
90.625
103.8125
112.8125
117.125
118.4375
118.875
119.1875
119.3125
119.0
118.3125
117.375
116.375
115.1875
113.8125
112.25
110.3125
108.0625
105.5
102.6875
99.625
96.25
92.875
89.8125
87.3125
85.625
84.5
83.625
82.875
82.125
81.3125
80.375
79.4375
78.4375
77.4375
76.5
75.625
74.875
74.125
73.4375
72.8125
72.1875
71.5625
71.0625
70.5625
70.0625
69.5625
69.0625
68.625
68.1875
67.8125
67.375
66.9375
66.4375
66.0
65.4375
65.0
64.5
63.9375
63.4375
63.0625
62.6875
62.375
62.125
61.875
61.75
61.4375
61.3125
61.0625
60.75
60.375
59.8125
59.1875
58.625
58.0625
57.5
57.0625
57.1875
59.5
66.4375
77.5625
90.625
104.0
114.375
119.9375
122.0
122.5
122.8125
123.0625
123.0625
122.8125
122.375
122.0
121.625
121.1875
120.5625
119.625
118.375
116.625
114.4375
111.8125
108.5625
104.6875
100.3125
96.125
92.5625
89.9375
88.125
87.0
86.25
85.5
84.75
83.875
82.8125
81.6875
80.5625
79.4375
78.375
77.4375
76.625
75.75
74.9375
74.1875
73.4375
72.6875
71.9375
71.25
70.5625
69.8125
69.125
68.5
67.875
67.25
66.625
66.125
65.625
65.125
64.625
64.1875
63.75
63.3125
62.875
62.4375
62.0
61.625
61.25
60.875
60.5625
60.1875
59.8125
59.4375
59.125
58.8125
58.5
58.1875
57.8125
57.5
57.1875
56.9375
56.625
56.375
56.1875
56.0
55.875
55.6875
55.625
55.4375
55.375
55.25
55.0625
54.6875
54.25
53.875
53.5
53.0625
52.5625
52.25
53.0625
57.875
68.3125
81.6875
96.375
110.1875
119.3125
123.5625
124.9375
125.3125
125.5625
125.5
125.125
124.4375
123.5625
122.75
121.875
120.625
119.0
117.0
114.6875
111.9375
108.8125
105.3125
101.5625
97.625
93.8125
90.9375
88.8125
87.375
86.25
85.5
84.75
83.875
82.875
81.8125
80.75
79.6875
78.6875
77.625
76.75
75.875
75.0625
74.25
73.5625
72.8125
72.0625
71.3125
70.5625
69.8125
69.125
68.4375
67.8125
67.1875
66.5625
66.0
65.375
64.875
64.4375
63.9375
63.4375
63.0625
62.6875
62.25
61.8125
61.4375
61.125
60.8125
60.5
60.0625
59.8125
59.4375
59.125
58.875
58.625
58.4375
58.3125
58.25
58.3125
58.4375
58.5625
58.75
58.875
58.9375
58.8125
58.4375
58.0625
57.625
57.0625
56.4375
55.8125
55.25
55.0
56.125
61.5625
72.0
85.1875
99.5625
111.9375
119.375
122.4375
123.1875
123.25
123.3125
123.1875
122.8125
122.1875
121.5625
120.75
119.875
118.8125
117.3125
115.5625
113.375
110.75
107.625
104.125
100.3125
96.3125
92.6875
90.0625
88.1875
87.0
86.125
85.375
84.5625
83.6875
82.75
81.625
80.5
79.4375
78.375
77.375
76.4375
75.5625
74.75
73.9375
73.1875
72.4375
71.6875
71.0
70.3125
69.6875
69.0
68.375
67.6875
67.1875
66.5625
66.0625
65.5625
65.0625
64.5625
64.0625
63.625
63.1875
62.75
62.25
61.875
61.4375
61.0625
60.6875
60.3125
59.9375
59.625
59.3125
59.0625
58.9375
58.6875
58.4375
58.3125
58.25
58.0625
57.75
57.375
56.9375
56.4375
55.9375
55.4375
54.875
54.5
55.0
58.8125
67.9375
80.75
95.125
108.9375
118.5625
123.125
124.6875
125.125
125.375
125.375
125.125
124.5
123.8125
123.25
122.625
121.75
120.6875
119.1875
117.375
114.9375
112.0625
108.875
105.0
100.75
96.5625
92.9375
90.125
88.25
87.0625
86.125
85.375
84.625
83.75
82.625
81.5
80.25
79.0625
78.0
77.0
76.0
75.1875
74.4375
73.5625
72.6875
71.875
71.0
70.1875
69.5
68.75
68.0625
67.4375
66.8125
66.1875
65.5625
65.0
64.5
64.0625
63.5
63.0
62.5
62.0
61.4375
61.0625
60.6875
60.1875
59.8125
59.4375
59.0
58.625
58.3125
57.875
57.5625
57.1875
56.9375
56.5625
56.25
55.875
55.5625
55.1875
54.9375
54.6875
54.375
54.0625
53.75
53.5
53.1875
53.0
52.75
52.5
52.3125
52.125
51.875
51.5625
51.375
51.25
51.1875
51.0625
50.9375
50.8125
50.6875
50.4375
50.1875
49.9375
49.6875
49.4375
49.1875
48.9375
48.6875
48.5625
48.625
50.0
56.3125
68.3125
82.625
97.8125
111.375
119.3125
122.0625
122.25
121.8125
121.1875
120.5
119.5
118.1875
116.75
115.25
113.5625
111.6875
109.5
107.0
104.25
101.3125
98.375
95.1875
91.9375
89.125
86.875
85.3125
84.25
83.4375
82.6875
81.9375
81.0625
80.125
79.125
78.0625
76.9375
75.9375
74.9375
74.0625
73.25
72.4375
71.6875
71.0625
70.4375
69.9375
69.4375
68.9375
68.5
68.0
67.5
66.9375
66.3125
65.5
64.75
64.0
63.25
62.5625
62.0
61.4375
61.3125
62.625
67.4375
76.5
88.375
101.3125
112.375
119.0
121.75
122.4375
122.4375
122.3125
122.0625
121.5625
121.0625
120.5
120.0
119.625
119.0625
118.25
117.0625
115.5625
113.5
110.875
107.5
103.375
98.5625
94.0
90.25
87.5625
85.6875
84.5
83.75
83.0625
82.375
81.5
80.4375
79.3125
78.25
77.25
76.25
75.375
74.5625
73.75
73.0
72.25
71.5
70.6875
69.875
69.1875
68.4375
67.75
67.0625
66.375
65.75
65.1875
64.625
64.0625
63.625
63.125
62.625
62.125
61.6875
61.25
60.8125
60.375
60.0625
59.6875
59.25
58.875
58.5625
58.25
57.8125
57.4375
57.125
56.8125
56.5
56.1875
55.8125
55.5625
55.3125
55.0625
54.6875
54.4375
54.1875
53.9375
53.625
53.375
53.125
52.875
52.6875
52.4375
52.1875
51.9375
51.8125
51.625
51.5625
51.5625
51.5
51.4375
51.3125
51.125
50.8125
50.4375
50.0625
49.5625
49.0625
48.5625
48.125
47.75
48.3125
53.0625
64.6875
79.1875
94.875
110.125
120.375
124.875
126.125
126.1875
125.875
125.25
124.125
122.6875
121.0
119.125
116.875
114.4375
111.5
108.375
105.0625
101.625
98.375
95.125
92.0
89.1875
86.9375
85.4375
84.3125
83.5
82.75
81.875
81.0
80.0
78.875
77.75
76.6875
75.6875
74.6875
73.8125
73.0
72.3125
71.5625
70.8125
70.125
69.4375
68.8125
68.125
67.4375
66.875
66.25
65.625
65.0625
64.5
64.0
63.4375
63.0
62.5
62.0
61.5625
61.125
60.6875
60.3125
59.9375
59.5625
59.25
58.9375
58.6875
58.4375
58.25
58.125
58.0625
58.0
57.9375
57.8125
57.8125
57.8125
57.6875
57.6875
57.625
57.5625
57.375
57.125
56.75
56.25
55.75
55.3125
54.75
54.1875
53.75
53.25
52.9375
53.0625
55.4375
62.875
74.6875
88.25
102.0625
112.875
118.625
120.625
120.9375
120.9375
121.0
120.8125
120.25
119.4375
118.375
117.3125
116.25
114.875
113.25
111.25
108.8125
105.9375
102.6875
98.9375
95.0
91.375
88.5
86.4375
85.125
84.125
83.4375
82.75
81.9375
81.0
79.9375
78.9375
77.8125
76.8125
75.875
74.875
73.9375
73.1875
72.5625
71.75
71.0
70.25
69.625
68.875
68.25
67.5625
66.875
66.3125
65.8125
65.1875
64.625
64.125
63.625
63.125
62.6875
62.25
61.75
61.3125
60.9375
60.5625
60.125
59.75
59.375
59.0
58.6875
58.3125
57.9375
57.625
57.3125
57.0
56.625
56.3125
56.0625
55.8125
55.625
55.4375
55.3125
55.25
55.1875
55.0625
54.8125
54.5
54.0625
53.6875
53.1875
52.75
52.25
51.875
52.125
55.1875
63.8125
76.375
90.3125
104.375
115.0
120.4375
122.3125
122.75
122.9375
122.9375
122.625
122.0
121.125
120.1875
119.1875
117.9375
116.4375
114.625
112.375
109.75
106.75
103.3125
99.5
95.4375
91.875
88.9375
86.875
85.4375
84.375
83.5
82.625
81.75
80.75
79.6875
78.5625
77.4375
76.5
75.5625
74.625
73.75
72.9375
72.125
71.375
70.5625
69.8125
69.0625
68.375
67.6875
67.0
66.375
65.75
65.0625
64.5
63.9375
63.4375
62.875
62.375
61.9375
61.4375
61.0
60.5
60.125
59.6875
59.3125
58.875
58.4375
58.125
57.75
57.3125
57.0625
56.6875
56.375
56.0
55.75
55.4375
55.1875
54.9375
54.625
54.25
54.0
53.8125
53.5
53.1875
52.875
52.625
52.4375
52.125
51.875
51.6875
51.5
51.375
51.375
51.375
51.375
51.375
51.5
51.625
51.6875
51.75
51.875
51.875
51.75
51.6875
51.4375
51.1875
51.5625
54.8125
63.375
75.6875
89.375
102.9375
112.9375
117.8125
119.1875
119.1875
119.0625
118.875
118.4375
117.625
116.625
115.375
113.875
112.0625
110.0
107.625
105.0
102.1875
99.0625
95.875
92.5
89.375
86.75
84.9375
83.75
82.9375
82.3125
81.625
80.875
80.0
79.0
78.0
77.0
75.9375
74.9375
74.0
73.1875
72.375
71.5625
70.875
70.1875
69.5
68.75
68.1875
67.5
66.875
66.375
65.875
65.375
64.875
64.5625
64.25
63.9375
63.625
63.25
62.75
62.1875
61.5625
60.875
60.3125
59.6875
59.0625
58.5625
58.125
58.3125
60.375
66.625
77.125
89.875
103.0
113.375
119.3125
121.5
122.0
122.0
121.9375
121.625
121.1875
120.625
120.0625
119.5625
118.9375
118.1875
117.1875
115.8125
113.9375
111.625
108.625
104.9375
100.5
95.75
91.5
88.1875
86.0625
84.6875
83.8125
83.25
82.625
81.875
81.0
79.9375
78.8125
77.6875
76.6875
75.75
74.8125
74.0625
73.3125
72.5
71.75
71.0
70.25
69.5
68.8125
68.0625
67.375
66.6875
66.0625
65.375
64.8125
64.3125
63.875
63.3125
62.875
62.375
61.875
61.375
60.875
60.375
59.875
59.5
59.0625
58.625
58.125
57.6875
57.25
56.875
56.5
56.125
55.75
55.4375
55.125
54.75
54.4375
54.1875
53.9375
53.625
53.375
53.0625
52.75
52.4375
52.1875
51.9375
51.625
51.375
51.125
50.9375
50.6875
50.5
50.1875
50.0
49.8125
49.5625
49.3125
49.0625
48.9375
48.6875
48.5
48.3125
48.125
47.9375
47.8125
47.6875
47.5625
47.4375
47.375
47.3125
47.1875
47.0625
46.875
46.625
46.375
46.1875
45.9375
45.75
45.5
45.25
45.5625
48.8125
58.6875
72.6875
87.5
102.75
114.375
120.0
121.6875
121.8125
121.75
121.375
120.5
119.0625
117.3125
115.3125
112.9375
110.3125
107.4375
104.4375
101.4375
98.5
95.6875
93.0
90.25
87.8125
85.875
84.5
83.625
82.875
82.1875
81.4375
80.625
79.6875
78.6875
77.625
76.625
75.5625
74.5625
73.5625
72.625
71.8125
70.9375
70.25
69.5625
68.875
68.25
67.6875
67.125
66.5625
66.0
65.5
65.0
64.4375
63.9375
63.4375
63.0
62.5625
62.125
61.8125
61.5
61.125
60.875
60.625
60.375
60.0625
59.75
59.375
58.875
58.4375
57.875
57.3125
56.75
56.3125
55.8125
56.0
58.4375
65.3125
76.125
88.9375
101.875
111.8125
117.375
119.4375
119.9375
120.0625
120.125
119.8125
119.375
118.8125
118.3125
117.8125
117.1875
116.375
115.25
113.75
111.9375
109.625
106.625
103.0625
98.8125
94.375
90.5625
87.6875
85.6875
84.4375
83.625
82.9375
82.1875
81.3125
80.4375
79.375
78.3125
77.25
76.25
75.3125
74.5
73.6875
72.9375
72.1875
71.4375
70.6875
69.9375
69.25
68.5625
67.875
67.1875
66.5
65.9375
65.375
64.75
64.1875
63.8125
63.25
62.8125
62.3125
61.875
61.375
60.9375
60.5
60.1875
59.8125
59.4375
59.0625
58.75
58.375
58.0
57.625
57.3125
57.0
56.625
56.3125
56.0
55.75
55.5
55.1875
54.875
54.5625
54.3125
53.9375
53.625
53.1875
52.9375
52.5625
52.25
51.875
51.5625
51.25
50.9375
50.6875
50.4375
50.1875
49.9375
49.6875
49.5
49.375
49.25
49.1875
49.0625
49.0
48.875
48.6875
48.375
48.125
47.875
47.5625
47.25
47.0
46.75
46.5
46.5
48.5625
56.375
69.25
83.4375
98.4375
111.0625
118.3125
120.9375
121.5
121.625
121.4375
120.9375
120.0
118.5625
116.875
115.0
112.75
110.3125
107.5
104.5625
101.4375
98.375
95.25
92.125
89.25
86.75
84.9375
83.75
82.9375
82.25
81.625
80.8125
79.9375
78.9375
77.9375
76.8125
75.75
74.8125
74.0
73.1875
72.4375
71.8125
71.125
70.5
69.75
69.0625
68.375
67.625
67.0
66.375
65.75
65.125
64.5
63.9375
63.3125
62.75
62.3125
61.8125
61.3125
60.8125
60.375
60.0
59.75
59.5
59.1875
58.875
58.5625
58.3125
58.0625
57.8125
57.5625
57.3125
57.0625
56.75
56.4375
56.0
55.5625
55.0625
54.5
54.0
53.5
53.0625
52.625
52.25
52.1875
53.5625
58.9375
69.5625
83.125
97.8125
110.5625
118.375
121.1875
121.4375
121.0625
120.6875
120.0625
119.1875
118.3125
117.3125
116.4375
115.5625
114.5625
113.3125
111.6875
109.625
107.1875
104.125
100.5625
96.4375
92.5
89.375
87.125
85.625
84.625
83.9375
83.25
82.4375
81.5625
80.5625
79.4375
78.3125
77.3125
76.3125
75.4375
74.5625
73.75
73.0
72.25
71.5
70.875
70.1875
69.5
68.8125
68.1875
67.5625
66.875
66.25
65.6875
65.1875
64.6875
64.1875
63.6875
63.25
62.8125
62.375
61.9375
61.625
61.3125
61.0625
60.875
60.625
60.4375
60.1875
59.8125
59.375
58.9375
58.375
57.875
57.25
56.75
57.0
60.0625
68.4375
81.0625
95.5625
109.75
119.9375
124.8125
126.3125
126.5
126.6875
126.6875
126.375
125.9375
125.375
124.6875
124.0
123.3125
122.3125
120.875
119.125
116.875
114.125
110.8125
106.8125
102.3125
97.6875
93.6875
90.6875
88.625
87.375
86.5625
85.8125
85.0
84.1875
83.125
81.9375
80.75
79.5625
78.5625
77.5625
76.75
75.875
75.0625
74.25
73.5
72.75
72.0
71.25
70.5
69.8125
69.0625
68.4375
67.75
67.125
66.5
66.0625
65.5
64.9375
64.4375
64.0
63.5625
63.0625
62.6875
62.1875
61.75
61.375
61.0
60.625
60.25
59.875
59.5625
59.1875
58.875
58.5
58.1875
57.8125
57.4375
57.1875
56.9375
56.625
56.3125
56.125
55.8125
55.5625
55.25
55.0
54.6875
54.5
54.25
53.9375
53.75
53.5
53.3125
53.0
52.8125
52.5625
52.375
52.125
51.9375
51.75
51.5
51.375
51.1875
51.0
50.75
50.625
50.4375
50.1875
50.0625
49.875
49.75
49.5625
49.4375
49.25
49.0625
48.9375
48.8125
48.625
48.5
48.3125
48.1875
48.0625
47.8125
47.625
47.4375
47.25
47.0625
46.75
46.5
46.3125
46.125
45.875
45.6875
45.5
45.3125
45.125
45.0
44.9375
44.8125
44.625
44.5625
44.4375
44.3125
44.1875
44.125
44.0
43.8125
43.75
43.625
43.5
43.3125
43.25
43.1875
43.0
42.875
42.8125
42.6875
42.625
42.5
42.4375
42.3125
42.25
42.125
42.0
41.9375
41.75
41.6875
41.625
41.5625
41.375
41.3125
41.1875
41.125
41.0625
40.875
40.8125
40.6875
40.6875
40.625
40.625
40.625
40.625
40.625
40.5625
40.5625
40.5
40.375
40.3125
40.25
40.25
40.25
40.3125
40.5
40.625
41.0
42.125
47.0
57.75
70.4375
83.25
96.25
106.125
110.9375
112.3125
112.0
111.125
109.875
108.0625
105.625
102.5625
99.0625
95.5
92.0625
89.0625
86.4375
84.25
82.5625
81.0
79.5625
78.125
76.875
75.9375
75.3125
74.8125
74.5625
74.375
74.0
73.5625
72.9375
72.3125
71.5625
70.75
70.0
69.1875
68.375
67.625
66.9375
66.25
65.6875
65.0625
64.5625
64.0625
63.5625
63.125
62.6875
62.25
61.875
61.5
61.0625
60.625
60.3125
60.0
59.6875
59.4375
59.1875
59.0
58.75
58.625
58.3125
57.9375
57.5625
57.0625
56.625
56.125
55.6875
55.1875
54.6875
54.375
54.4375
55.875
60.8125
69.3125
80.125
91.75
102.25
109.3125
112.75
113.875
114.125
114.125
114.0
113.6875
113.1875
112.5625
112.0
111.4375
110.8125
110.125
109.125
107.9375
106.375
104.25
101.5625
98.125
94.0625
90.125
86.875
84.4375
82.8125
81.875
81.25
80.75
80.125
79.4375
78.5625
77.625
76.6875
75.75
74.9375
74.1875
73.375
72.6875
72.0
71.3125
70.6875
70.0
69.3125
68.625
68.0
67.375
66.6875
66.0625
65.5625
65.0
64.4375
63.9375
63.4375
63.0
62.5625
62.125
61.625
61.25
60.8125
60.375
59.9375
59.5625
59.125
58.6875
58.3125
57.875
57.5
57.125
56.75
56.375
56.0625
55.75
55.4375
55.125
54.8125
54.5625
54.3125
54.0
53.75
53.5
53.1875
52.9375
52.6875
52.4375
52.1875
52.0
51.75
51.4375
51.3125
51.125
51.0
50.8125
50.8125
50.6875
50.5625
50.375
50.125
49.875
49.625
49.25
49.0
48.625
48.3125
48.0625
48.25
51.1875
60.0
73.125
87.5625
102.8125
115.0625
121.5
123.625
123.875
123.75
123.3125
122.5625
121.375
119.9375
118.4375
116.9375
115.25
113.3125
111.1875
108.8125
106.3125
103.5
100.625
97.4375
94.1875
91.125
88.75
86.9375
85.8125
85.125
84.5625
83.9375
83.125
82.25
81.1875
80.0625
78.875
77.8125
76.75
75.8125
74.9375
74.25
73.4375
72.8125
72.1875
71.5625
70.8125
70.125
69.5625
68.9375
68.3125
67.75
67.125
66.5625
66.0625
65.5625
65.0
64.5625
64.1875
63.625
63.125
62.8125
62.4375
61.9375
61.5625
61.25
60.8125
60.4375
60.125
59.8125
59.4375
59.1875
59.0
58.8125
58.625
58.5
58.375
58.1875
57.875
57.5
57.0
56.5625
56.0625
55.5
55.0625
55.4375
58.5625
66.5625
78.25
91.8125
105.375
115.6875
121.0
122.8125
123.25
123.375
123.375
123.0625
122.625
121.9375
121.25
120.6875
120.125
119.375
118.3125
116.9375
115.0625
112.75
109.8125
106.25
102.125
97.6875
93.5
90.1875
87.875
86.4375
85.625
85.125
84.5625
83.8125
82.9375
81.875
80.75
79.6875
78.625
77.625
76.75
75.875
75.125
74.375
73.625
72.875
72.125
71.4375
70.6875
70.0
69.25
68.5625
67.9375
67.375
66.8125
66.25
65.625
65.125
64.5625
64.0
63.5
63.0
62.5
62.0
61.5625
61.125
60.6875
60.25
59.8125
59.375
58.9375
58.5625
58.25
57.875
57.5625
57.25
56.9375
56.625
56.25
55.9375
55.75
55.4375
55.0625
54.8125
54.5
54.25
54.0
53.75
53.4375
53.1875
52.9375
52.6875
52.4375
52.1875
51.9375
51.8125
51.625
51.5625
51.4375
51.3125
51.1875
51.0625
50.75
50.5
50.25
49.9375
49.5625
49.3125
48.9375
48.6875
48.75
50.9375
58.5
70.9375
85.1875
100.375
113.125
120.25
122.6875
123.0625
123.0
123.0
122.625
121.9375
120.6875
119.4375
118.125
116.75
115.1875
113.375
111.125
108.375
105.375
102.1875
98.75
95.1875
91.9375
89.3125
87.4375
86.125
85.3125
84.5625
83.9375
83.1875
82.3125
81.25
80.1875
79.0625
77.9375
76.875
75.875
75.0
74.1875
73.4375
72.5625
71.8125
71.125
70.375
69.75
69.125
68.5625
67.9375
67.3125
66.8125
66.3125
65.75
65.25
64.75
64.3125
63.8125
63.3125
62.875
62.4375
62.0
61.5625
61.25
60.9375
60.6875
60.4375
60.3125
60.125
59.875
59.6875
59.3125
58.875
58.375
57.8125
57.25
56.75
56.1875
55.875
56.5625
60.625
69.375
81.4375
94.9375
107.8125
116.5625
120.6875
122.0625
122.4375
122.625
122.5625
122.375
121.9375
121.4375
121.0
120.4375
119.8125
118.9375
117.8125
116.3125
114.375
111.875
108.8125
105.0625
100.75
96.25
92.375
89.4375
87.375
86.125
85.3125
84.6875
84.0
83.1875
82.1875
81.0625
79.875
78.875
77.75
76.8125
75.875
75.0625
74.25
73.5
72.8125
72.0
71.3125
70.5625
69.875
69.25
68.5625
67.9375
67.25
66.625
66.0625
65.5
64.9375
64.4375
63.875
63.4375
62.875
62.375
61.875
61.375
60.9375
60.4375
60.0
59.5625
59.125
58.6875
58.3125
57.875
57.5625
57.1875
56.875
56.5625
56.25
55.9375
55.5625
55.3125
55.0625
54.6875
54.375
54.125
53.875
53.5625
53.3125
53.0625
52.75
52.5625
52.3125
52.0625
51.8125
51.5625
51.3125
51.0625
50.875
50.625
50.375
50.125
50.0
49.8125
49.625
49.5
49.375
49.25
49.1875
49.0625
48.9375
48.75
48.5
48.25
48.0
47.75
47.5
47.25
47.0
46.8125
47.5
51.75
62.125
75.75
90.5
105.0
115.1875
119.9375
121.375
121.625
121.75
121.625
120.9375
119.8125
118.4375
117.0
115.3125
113.4375
111.25
108.8125
106.0625
103.125
100.0625
96.875
93.6875
90.8125
88.375
86.625
85.5
84.6875
84.0625
83.3125
82.5625
81.625
80.625
79.5625
78.375
77.3125
76.3125
75.3125
74.3125
73.5
72.6875
71.9375
71.25
70.5625
69.9375
69.25
68.6875
68.0625
67.5625
66.9375
66.375
65.8125
65.375
64.8125
64.375
63.9375
63.4375
62.9375
62.5
62.0625
61.625
61.1875
60.8125
60.4375
60.0625
59.8125
59.625
59.4375
59.25
59.0625
58.875
58.625
58.3125
57.875
57.375
56.875
56.3125
55.8125
55.3125
54.9375
55.0
57.0
63.4375
74.0
86.6875
99.9375
110.75
117.0
119.5
120.25
120.625
120.9375
120.9375
120.75
120.25
119.6875
119.1875
118.6875
117.9375
116.875
115.625
113.875
111.6875
109.0625
105.6875
101.625
97.1875
93.125
89.75
87.375
85.9375
84.9375
84.1875
83.625
82.9375
82.0
80.875
79.875
78.75
77.6875
76.75
75.875
75.0
74.1875
73.5
72.75
72.0
71.3125
70.5625
69.8125
69.125
68.4375
67.75
67.125
66.5625
65.9375
65.375
64.875
64.375
63.875
63.3125
62.875
62.4375
61.9375
61.375
60.9375
60.5
60.0
59.625
59.1875
58.8125
58.3125
57.9375
57.5625
57.1875
56.75
56.4375
56.125
55.8125
55.5
55.125
54.8125
54.625
54.375
54.0625
53.8125
53.5
53.25
53.0
52.75
52.4375
52.125
51.9375
51.75
51.5
51.25
51.0625
50.8125
50.5625
50.375
50.1875
49.9375
49.6875
49.5
49.3125
49.1875
49.125
49.0625
48.9375
48.875
48.75
48.5
48.25
48.0
47.75
47.4375
47.1875
46.875
46.5625
46.4375
47.125
51.625
62.1875
75.5
90.0
104.125
114.0625
118.625
119.9375
120.1875
120.3125
120.3125
119.8125
118.9375
117.6875
116.25
114.5
112.5625
110.375
107.9375
105.25
102.375
99.4375
96.3125
93.1875
90.25
87.8125
86.0625
84.8125
84.0625
83.4375
82.75
82.0625
81.1875
80.1875
79.125
78.0625
77.0
75.9375
75.0
74.0
73.1875
72.375
71.625
70.875
70.125
69.5
68.8125
68.3125
67.6875
67.0625
66.5
66.0
65.4375
65.0
64.5
64.0
63.5625
63.0625
62.625
62.125
61.6875
61.25
60.875
60.5
60.125
59.8125
59.625
59.375
59.1875
59.0
58.8125
58.625
58.3125
58.0
57.5625
57.0625
56.5
56.0
55.4375
54.9375
54.625
54.9375
57.8125
65.1875
76.1875
88.9375
101.6875
111.5
116.8125
118.9375
119.5625
119.875
120.0625
120.0625
119.8125
119.375
118.875
118.3125
117.6875
117.0
116.0
114.5
112.6875
110.5
107.5625
104.1875
100.125
95.75
91.8125
88.75
86.625
85.25
84.4375
83.875
83.25
82.4375
81.5
80.375
79.25
78.1875
77.125
76.1875
75.3125
74.5
73.75
73.0
72.25
71.5625
70.8125
70.125
69.5
68.8125
68.125
67.4375
66.8125
66.25
65.6875
65.125
64.625
64.0625
63.5625
63.125
62.625
62.1875
61.75
61.3125
60.9375
60.5625
60.125
59.8125
59.4375
59.125
58.75
58.375
58.0
57.6875
57.375
57.0
56.625
56.3125
55.9375
55.5625
55.1875
54.8125
54.4375
54.125
53.75
53.4375
53.125
52.875
52.5625
52.3125
52.0625
51.8125
51.5
51.25
51.0625
50.8125
50.625
50.375
50.1875
50.0
49.6875
49.5
49.3125
49.125
49.0
48.75
48.5625
48.375
48.25
48.0625
47.875
47.6875
47.4375
47.375
47.1875
47.0
46.75
46.6875
46.5625
46.4375
46.375
46.3125
46.25
46.1875
46.0625
45.8125
45.6875
45.4375
45.25
45.0
44.75
44.5
44.3125
44.125
44.3125
47.0625
55.4375
68.0
81.4375
95.5625
107.25
113.8125
116.25
116.875
117.0
116.9375
116.5625
115.6875
114.25
112.5625
110.6875
108.5
106.0625
103.4375
100.75
97.9375
95.25
92.625
89.9375
87.4375
85.5
83.9375
82.8125
82.125
81.5625
80.9375
80.25
79.375
78.5
77.625
76.5625
75.5625
74.5
73.5625
72.6875
71.875
71.0625
70.3125
69.6875
69.0
68.375
67.75
67.1875
66.625
66.125
65.5
65.0
64.5
64.0
63.5625
63.0625
62.625
62.1875
61.8125
61.4375
61.1875
60.9375
60.6875
60.4375
60.25
59.9375
59.5
59.125
58.6875
58.1875
57.625
57.125
56.5625
56.0625
55.6875
55.8125
57.875
63.875
73.6875
85.625
97.9375
108.0
114.0625
116.625
117.375
117.6875
117.875
118.0
117.875
117.5625
117.125
116.75
116.3125
115.75
114.8125
113.6875
112.1875
110.25
107.8125
104.75
100.875
96.5
92.3125
88.9375
86.5
84.9375
84.0
83.25
82.6875
82.0625
81.1875
80.1875
79.1875
78.125
77.125
76.125
75.25
74.5
73.6875
72.9375
72.1875
71.5
70.75
70.0625
69.3125
68.625
68.0
67.25
66.6875
66.125
65.5
64.9375
64.4375
63.9375
63.4375
62.875
62.375
61.8125
61.3125
60.875
60.375
59.9375
59.4375
59.0625
58.625
58.25
57.75
57.375
57.0
56.6875
56.375
56.0
55.6875
55.375
55.0625
54.75
54.5625
54.25
53.9375
53.625
53.3125
53.0625
52.8125
52.5625
52.3125
52.0625
51.875
51.625
51.375
51.25
51.0
50.9375
50.8125
50.625
50.4375
50.3125
50.125
49.8125
49.5625
49.3125
48.9375
48.625
48.375
48.0625
48.375
51.5625
60.6875
73.875
88.4375
103.25
114.4375
120.125
121.8125
122.125
122.25
122.375
122.0625
121.375
120.25
119.0625
117.75
116.25
114.4375
112.4375
110.0625
107.4375
104.625
101.5625
98.25
94.8125
91.75
89.25
87.5
86.375
85.5625
84.8125
84.0625
83.1875
82.125
81.0625
80.0
78.9375
77.875
76.875
75.9375
75.125
74.3125
73.5625
72.875
72.125
71.4375
70.6875
70.0
69.25
68.625
68.0
67.4375
66.875
66.375
65.875
65.375
64.875
64.4375
64.0
63.5
63.125
62.8125
62.5625
62.25
62.0625
61.75
61.5
61.1875
60.75
60.25
59.75
59.1875
58.625
58.0625
57.5625
57.5625
59.3125
65.1875
75.4375
88.375
101.9375
113.1875
119.8125
122.4375
123.25
123.625
123.9375
123.9375
123.6875
123.3125
122.9375
122.5
122.1875
121.5625
120.6875
119.5
117.9375
115.875
113.125
109.75
105.5625
100.75
96.0625
92.3125
89.5625
87.75
86.6875
86.0625
85.4375
84.8125
83.9375
82.8125
81.6875
80.5
79.4375
78.375
77.4375
76.5625
75.75
74.9375
74.125
73.4375
72.5625
71.8125
71.0625
70.3125
69.5625
68.875
68.25
67.5625
67.0
66.4375
65.875
65.375
64.875
64.375
63.9375
63.4375
63.0
62.625
62.125
61.75
61.375
61.0
60.5625
60.1875
59.875
59.5
59.125
58.75
58.375
58.125
57.8125
57.5
57.125
56.875
56.5625
56.25
56.0
55.6875
55.375
55.0
54.6875
54.3125
54.0
53.625
53.3125
52.9375
52.625
52.3125
52.0
51.75
51.4375
51.25
50.9375
50.75
50.5
50.3125
50.25
50.1875
50.125
50.0
49.875
49.75
49.5625
49.25
49.0
48.6875
48.5
48.125
47.875
47.5
47.1875
47.1875
48.6875
55.125
67.1875
81.3125
96.5
110.0
118.375
121.75
122.625
122.8125
122.9375
122.6875
121.875
120.625
119.0625
117.375
115.5
113.4375
111.0
108.1875
105.1875
102.0
98.875
95.6875
92.4375
89.5625
87.3125
85.8125
84.75
84.0
83.25
82.5625
81.75
80.875
79.875
78.875
77.9375
77.0
76.25
75.5
74.875
74.1875
73.5625
72.9375
72.3125
71.625
70.875
70.125
69.4375
68.75
68.0625
67.4375
66.75
66.25
65.75
65.25
64.75
64.3125
63.875
63.5
63.0
62.5
62.0625
61.625
61.25
60.8125
60.4375
60.125
59.875
59.6875
59.5
59.375
59.1875
59.0
58.6875
58.3125
57.75
57.375
56.8125
56.25
55.6875
55.1875
54.75
54.5625
55.3125
59.5
68.5
80.625
94.125
106.5625
115.0625
119.125
120.4375
120.75
120.9375
120.9375
120.75
120.375
119.875
119.3125
118.8125
118.125
117.25
116.0
114.4375
112.4375
109.75
106.5625
102.75
98.5
94.25
90.8125
88.3125
86.5625
85.5
84.75
84.1875
83.375
82.5
81.4375
80.3125
79.125
78.0625
77.125
76.1875
75.3125
74.5
73.75
73.0625
72.25
71.5
70.8125
70.125
69.4375
68.75
68.0625
67.4375
66.75
66.1875
65.625
65.0625
64.5625
64.0625
63.5625
63.0625
62.6875
62.1875
61.75
61.3125
60.9375
60.5
60.1875
59.875
59.4375
59.0625
58.75
58.375
58.0625
57.6875
57.375
56.9375
56.6875
56.4375
56.125
55.8125
55.5625
55.25
55.0
54.6875
54.375
54.0625
53.75
53.5
53.1875
52.9375
52.8125
52.5625
52.375
52.1875
51.875
51.5
51.25
50.8125
50.375
50.0
49.6875
49.3125
49.0625
49.75
54.125
64.1875
77.5625
92.125
106.3125
116.25
121.0625
122.5625
122.9375
123.125
123.125
122.625
121.875
120.8125
119.6875
118.375
117.0
115.25
113.25
110.875
108.1875
105.0
101.4375
97.625
93.8125
90.625
88.1875
86.5
85.375
84.625
83.75
83.0
82.125
81.125
80.0625
79.0625
78.0625
77.0625
76.1875
75.3125
74.5625
73.75
73.0
72.25
71.5625
70.875
70.1875
69.5625
68.9375
68.4375
67.875
67.4375
66.9375
66.5625
66.1875
65.9375
65.5625
65.1875
64.8125
64.4375
64.0
63.625
63.25
62.75
62.3125
61.8125
61.375
60.9375
60.5625
60.1875
59.875
59.5
59.1875
58.8125
58.5625
58.25
58.0
57.875
57.625
57.5
57.3125
57.125
56.8125
56.5
56.125
55.625
55.125
54.625
54.125
53.6875
53.5
54.25
58.375
67.5625
80.0
93.875
107.0
116.0
120.25
121.5625
121.9375
122.25
122.3125
122.25
121.6875
121.0625
120.4375
119.75
118.875
117.75
116.25
114.4375
112.0625
109.1875
105.8125
101.9375
97.75
93.8125
90.6875
88.5
87.125
86.125
85.375
84.6875
83.8125
82.875
81.75
80.625
79.5
78.4375
77.4375
76.5625
75.625
74.8125
74.0625
73.3125
72.625
71.8125
71.0625
70.375
69.75
69.0625
68.375
67.75
67.1875
66.5
65.9375
65.4375
64.9375
64.4375
63.9375
63.4375
62.9375
62.5
62.125
61.6875
61.25
60.8125
60.4375
60.0625
59.75
59.375
59.0625
58.6875
58.375
58.0
57.625
57.3125
57.0625
56.6875
56.4375
56.125
55.8125
55.5
55.0625
54.75
54.375
54.0625
53.6875
53.375
53.0
52.6875
52.375
52.0625
51.75
51.4375
51.1875
50.9375
50.6875
50.5
50.4375
50.25
50.1875
50.0625
49.9375
49.8125
49.6875
49.4375
49.125
48.875
48.5625
48.1875
47.875
47.6875
47.375
47.125
47.8125
52.0
61.875
74.75
88.8125
102.5625
112.625
117.625
119.25
119.625
119.8125
119.875
119.4375
118.625
117.5
116.1875
114.75
113.0625
111.0625
108.8125
106.1875
103.3125
100.25
96.875
93.5
90.25
87.5625
85.6875
84.4375
83.625
82.9375
82.375
81.75
80.875
79.9375
79.0
78.0625
77.125
76.3125
75.625
74.9375
74.3125
73.6875
73.0625
72.3125
71.5625
70.8125
70.0625
69.3125
68.625
67.9375
67.25
66.6875
66.1875
65.6875
65.1875
64.75
64.25
63.8125
63.3125
62.8125
62.3125
61.9375
61.5
61.0625
60.625
60.25
59.9375
59.5
59.1875
58.875
58.625
58.375
58.125
57.9375
57.6875
57.5625
57.5
57.25
56.9375
56.625
56.1875
55.6875
55.125
54.6875
54.1875
53.75
53.375
53.6875
56.6875
64.375
75.6875
88.6875
101.6875
111.5625
117.0
119.0
119.5
119.6875
119.875
119.875
119.6875
119.3125
118.8125
118.125
117.375
116.5
115.3125
113.75
111.75
109.375
106.3125
102.75
98.5625
94.25
90.5625
87.875
86.0
84.9375
84.25
83.6875
83.125
82.3125
81.375
80.25
79.1875
78.125
77.125
76.125
75.25
74.4375
73.6875
73.0
72.25
71.5
70.8125
70.0625
69.375
68.6875
68.0625
67.375
66.75
66.1875
65.625
65.0625
64.5625
64.0625
63.5625
63.0625
62.625
62.1875
61.75
61.375
61.0
60.625
60.25
59.875
59.5
59.125
58.8125
58.4375
58.0625
57.75
57.375
57.125
56.75
56.4375
56.1875
55.875
55.5625
55.3125
55.0625
54.75
54.375
54.0625
53.8125
53.4375
53.0625
52.75
52.375
52.0625
51.8125
51.5625
51.3125
51.1875
51.0625
50.9375
50.8125
50.6875
50.4375
50.1875
49.9375
49.625
49.25
48.9375
48.5625
48.1875
48.0
48.25
51.1875
59.625
72.0625
85.8125
100.0
111.3125
117.5
119.75
120.25
120.5625
120.6875
120.5
119.9375
119.0
117.875
116.625
115.1875
113.4375
111.4375
109.0625
106.3125
103.25
100.0
96.4375
92.875
89.75
87.375
85.625
84.5625
83.875
83.25
82.5625
81.75
80.875
79.75
78.6875
77.6875
76.75
75.8125
75.0625
74.25
73.5625
72.875
72.1875
71.5625
71.0
70.375
69.875
69.4375
68.875
68.375
67.9375
67.5
67.0
66.5
66.0
65.5
65.0
64.5
64.0
63.5
63.0625
62.625
62.25
61.9375
61.5
61.125
60.8125
60.4375
60.0625
59.6875
59.3125
59.0
58.6875
58.4375
58.1875
58.0625
57.9375
57.8125
57.625
57.4375
57.0625
56.625
56.125
55.625
55.1875
54.625
54.125
53.875
54.375
57.6875
65.9375
77.8125
91.25
104.375
113.8125
118.6875
120.4375
121.0
121.25
121.4375
121.4375
121.1875
120.75
120.25
119.625
118.9375
118.0
116.75
115.0625
112.9375
110.375
107.1875
103.4375
99.125
94.875
91.375
88.875
87.1875
86.1875
85.5625
85.0
84.3125
83.4375
82.375
81.25
80.125
79.0
78.0
77.0625
76.1875
75.375
74.625
73.875
73.125
72.375
71.625
70.9375
70.1875
69.5
68.8125
68.25
67.5625
67.0
66.4375
65.875
65.375
64.875
64.375
63.875
63.4375
63.0
62.5
62.0625
61.6875
61.3125
60.9375
60.625
60.25
59.8125
59.5
59.1875
58.8125
58.5
58.125
57.875
57.5625
57.1875
56.875
56.625
56.25
56.0
55.75
55.4375
55.1875
54.875
54.625
54.3125
54.0625
53.8125
53.625
53.375
53.125
52.875
52.5625
52.3125
52.0
51.75
51.375
51.125
50.75
50.5
50.25
50.0
49.6875
49.4375
49.25
49.0625
48.875
48.6875
48.5
48.375
48.125
47.9375
47.8125
47.6875
47.4375
47.25
47.0625
46.9375
46.75
46.6875
46.4375
46.25
46.125
46.0625
45.9375
45.6875
45.625
45.5
45.375
45.125
45.0625
44.875
44.8125
44.6875
44.5625
44.4375
44.25
44.125
44.0
43.9375
43.8125
43.6875
43.625
43.5
43.375
43.3125
43.1875
43.0625
43.0
42.875
42.8125
42.75
42.6875
42.625
42.625
42.5625
42.5625
42.5
42.5
42.375
42.25
42.125
42.0
41.9375
41.875
41.9375
41.9375
42.125
42.4375
44.5
51.5
63.125
75.625
88.4375
99.875
107.125
110.1875
110.75
110.5
110.125
109.625
108.625
107.1875
105.1875
102.75
100.0625
97.25
94.375
91.625
89.1875
86.9375
84.9375
83.0
81.125
79.5
78.25
77.5
77.125
76.8125
76.4375
76.0625
75.4375
74.75
73.875
73.0
72.0625
71.1875
70.3125
69.5625
68.8125
68.125
67.5
66.9375
66.3125
65.75
65.25
64.8125
64.375
63.8125
63.375
62.875
62.375
61.9375
61.5
61.0625
60.625
60.1875
59.8125
59.5
59.125
58.75
58.375
58.0
57.75
57.5
57.25
57.0
56.875
56.75
56.625
56.375
56.125
55.75
55.375
54.9375
54.5
53.875
53.4375
53.0
52.6875
52.8125
54.8125
60.5625
69.75
80.875
92.3125
101.9375
108.0
110.9375
112.0
112.4375
112.875
113.25
113.3125
113.1875
112.9375
112.625
112.1875
111.625
110.9375
109.875
108.625
106.875
104.75
102.0625
98.6875
94.75
90.6875
87.3125
84.875
83.25
82.25
81.625
81.125
80.5
79.6875
78.75
77.75
76.75
75.6875
74.6875
73.875
73.0
72.1875
71.5625
70.9375
70.25
69.625
68.9375
68.25
67.625
66.9375
66.25
65.5625
64.9375
64.3125
63.75
63.25
62.75
62.25
61.8125
61.375
60.9375
60.5625
60.125
59.75
59.3125
59.0
58.625
58.3125
57.9375
57.6875
57.3125
57.0
56.625
56.3125
56.0
55.6875
55.375
55.125
54.8125
54.5
54.25
54.0
53.75
53.4375
53.1875
53.0
52.75
52.5625
52.4375
52.3125
52.1875
52.125
51.9375
51.75
51.5
51.25
50.9375
50.6875
50.5
50.3125
50.125
50.0625
50.625
53.625
62.0
74.6875
88.8125
103.0
113.8125
119.3125
121.0
121.1875
121.1875
121.125
120.875
120.4375
119.6875
118.875
118.0
116.875
115.4375
113.8125
111.8125
109.375
106.5625
103.5
100.1875
96.5625
93.1875
90.5
88.5
87.1875
86.3125
85.5625
84.8125
83.9375
82.9375
81.875
80.6875
79.625
78.5
77.5
76.5
75.6875
74.875
74.125
73.375
72.6875
72.0
71.3125
70.6875
70.125
69.5
68.9375
68.375
67.6875
67.1875
66.6875
66.1875
65.625
65.125
64.6875
64.1875
63.6875
63.3125
62.875
62.4375
62.0625
61.625
61.25
60.875
60.5625
60.1875
59.75
59.4375
59.1875
58.8125
58.4375
58.1875
57.875
57.625
57.375
57.25
57.125
57.0
56.875
56.75
56.625
56.3125
55.9375
55.5625
55.0625
54.5625
54.0625
53.6875
53.5625
55.125
61.0
71.5
84.375
98.125
109.8125
117.0625
120.25
121.4375
122.125
122.8125
123.1875
123.25
123.0
122.5625
122.1875
121.6875
121.0625
120.0625
118.875
117.1875
115.125
112.5
109.3125
105.4375
101.0625
96.6875
93.0625
90.375
88.5625
87.5
86.6875
86.0
85.1875
84.25
83.125
81.9375
80.75
79.5625
78.5625
77.5625
76.6875
75.9375
75.1875
74.4375
73.6875
72.9375
72.125
71.375
70.6875
69.9375
69.1875
68.5625
67.875
67.25
66.625
66.0625
65.5
65.0
64.5
64.125
63.625
63.125
62.625
62.25
61.8125
61.375
61.0
60.625
60.25
59.875
59.5
59.0625
58.8125
58.4375
58.125
57.75
57.5
57.1875
56.875
56.625
56.3125
56.0625
55.8125
55.5
55.1875
54.9375
54.6875
54.4375
54.1875
53.875
53.6875
53.4375
53.25
53.0625
53.0
52.9375
52.9375
53.0625
53.3125
53.4375
53.625
53.8125
53.9375
54.0625
53.9375
53.8125
53.4375
53.1875
52.8125
52.3125
51.9375
52.5
56.75
66.375
79.125
93.25
106.9375
116.5
120.6875
121.9375
122.25
122.5
122.6875
122.5625
122.0
121.1875
120.25
119.3125
118.125
116.625
114.625
112.25
109.5
106.5
103.125
99.5625
95.875
92.5625
89.875
88.0
86.875
86.1875
85.5
84.75
83.875
82.9375
81.9375
80.75
79.6875
78.625
77.625
76.6875
75.8125
75.0
74.1875
73.5
72.75
72.125
71.4375
70.8125
70.25
69.75
69.25
68.8125
68.4375
68.0625
67.625
67.0625
66.5625
65.875
65.25
64.5
63.8125
63.125
62.5
61.9375
61.5
61.625
63.5
69.3125
79.25
91.8125
104.8125
115.4375
121.625
124.125
124.8125
125.125
125.375
125.4375
125.3125
125.0625
124.875
124.625
124.5
124.0
123.25
122.1875
120.75
118.6875
116.0625
112.8125
108.6875
103.75
98.75
94.5625
91.4375
89.4375
88.25
87.5
86.75
85.9375
84.9375
83.8125
82.5625
81.3125
80.0625
79.0625
78.125
77.1875
76.375
75.5
74.6875
73.75
72.9375
72.125
71.375
70.5625
69.8125
69.125
68.375
67.6875
67.125
66.5625
65.9375
65.375
64.875
64.375
63.8125
63.375
62.875
62.375
61.9375
61.5625
61.1875
60.6875
60.375
60.0
59.5625
59.1875
58.875
58.5
58.125
57.75
57.5
57.125
56.8125
56.5625
56.25
55.9375
55.625
55.375
55.125
54.875
54.625
54.3125
54.0625
53.875
53.625
53.375
53.1875
53.0625
53.0
52.875
52.75
52.625
52.4375
52.25
52.0
51.6875
51.375
51.1875
50.9375
50.75
50.6875
50.8125
52.4375
59.1875
72.3125
88.0625
104.625
118.8125
126.625
129.125
129.3125
129.1875
129.125
128.625
127.75
126.6875
125.625
124.5
123.125
121.5
119.1875
116.5
113.4375
110.125
106.5
102.9375
99.3125
95.875
93.0
90.9375
89.5625
88.625
87.9375
87.125
86.1875
85.125
84.0
82.75
81.5625
80.375
79.3125
78.1875
77.1875
76.3125
75.5
74.75
74.0
73.3125
72.5625
71.9375
71.3125
70.625
70.0
69.4375
68.875
68.3125
67.75
67.25
66.9375
66.5625
66.25
65.9375
65.5625
65.1875
64.75
64.3125
63.6875
63.0625
62.5
61.875
61.1875
60.6875
60.1875
60.0625
61.375
66.625
76.6875
89.8125
104.0
116.125
123.375
126.375
127.4375
127.8125
128.0625
128.0
127.875
127.4375
127.25
127.0625
126.75
126.3125
125.5
124.375
122.75
120.6875
117.9375
114.5
110.25
105.25
100.0625
95.75
92.5
90.4375
89.1875
88.375
87.6875
87.0
86.0625
84.875
83.6875
82.5
81.25
80.1875
79.1875
78.25
77.4375
76.6875
75.875
75.0625
74.25
73.375
72.5625
71.75
70.9375
70.0625
69.3125
68.6875
68.0
67.3125
66.6875
66.125
65.5625
64.875
64.375
63.8125
63.375
62.875
62.375
62.0
61.625
61.1875
60.75
60.375
59.9375
59.5625
59.125
58.8125
58.375
58.0625
57.6875
57.25
56.9375
56.6875
56.3125
56.0
55.6875
55.4375
55.125
54.875
54.625
54.3125
54.0625
53.8125
53.5625
53.3125
53.0625
52.875
52.5625
52.3125
52.125
52.0
51.6875
51.5
51.375
51.25
51.1875
51.0625
50.9375
50.8125
50.6875
50.5
50.3125
50.0625
49.75
49.375
49.125
48.875
48.625
48.5625
49.625
55.6875
68.4375
83.875
100.375
115.4375
124.5
128.0
128.6875
128.8125
128.75
128.1875
127.0
125.4375
123.75
122.0625
120.375
118.4375
116.0625
113.25
110.1875
106.875
103.5625
100.125
96.625
93.375
90.75
88.8125
87.5
86.75
85.9375
85.0625
84.125
83.125
82.0
80.875
79.6875
78.5625
77.5
76.5625
75.625
74.6875
73.9375
73.1875
72.5
71.6875
71.0625
70.375
69.875
69.375
68.9375
68.5
68.125
67.75
67.25
66.6875
66.0
65.3125
64.5625
63.8125
63.0625
62.4375
61.8125
61.375
61.4375
63.3125
69.3125
79.5
92.375
105.5625
116.125
122.0625
124.4375
125.0
125.125
125.125
124.875
124.5
124.0
123.625
123.25
122.9375
122.375
121.4375
120.125
118.4375
116.1875
113.25
109.4375
104.8125
99.8125
95.125
91.5
88.9375
87.3125
86.3125
85.625
84.9375
84.125
83.125
81.9375
80.75
79.625
78.5625
77.5625
76.625
75.75
75.0
74.125
73.375
72.5625
71.8125
70.9375
70.1875
69.5625
68.8125
68.125
67.4375
66.75
66.1875
65.6875
65.125
64.625
64.0625
63.625
63.125
62.6875
62.3125
61.8125
61.375
60.9375
60.625
60.1875
59.75
59.4375
59.0625
58.6875
58.375
58.0
57.6875
57.375
57.0
56.6875
56.3125
55.9375
55.5625
55.25
54.875
54.5625
54.125
53.75
53.4375
53.0625
52.75
52.5
52.1875
51.875
51.6875
51.4375
51.1875
50.9375
50.75
50.5625
50.3125
50.0625
49.875
49.625
49.375
49.1875
49.0
48.8125
48.625
48.4375
48.25
48.0625
47.875
47.6875
47.5625
47.375
47.25
47.0625
46.875
46.75
46.5625
46.375
46.25
46.125
45.9375
45.8125
45.6875
45.5625
45.375
45.25
45.1875
45.1875
45.125
45.125
45.0
44.875
44.75
44.625
44.4375
44.1875
44.0
43.8125
43.625
43.375
43.25
43.25
45.0
52.875
66.5625
81.125
96.6875
110.625
118.75
121.6875
122.1875
122.0625
121.5
120.4375
118.75
116.5
113.8125
110.75
107.5625
104.25
101.0625
98.125
95.5
93.125
90.875
88.6875
86.625
84.9375
83.6875
82.6875
81.9375
81.3125
80.625
79.8125
78.8125
77.8125
76.6875
75.625
74.625
73.625
72.625
71.8125
71.0
70.3125
69.5625
68.875
68.375
67.6875
67.125
66.5
66.0
65.4375
64.9375
64.5
64.0
63.5
63.0
62.6875
62.4375
62.125
61.8125
61.5625
61.3125
61.0
60.5625
60.0625
59.5
58.9375
58.375
57.8125
57.25
56.75
56.4375
56.375
58.0
63.5
73.0
84.8125
97.375
108.0
114.5
117.375
118.1875
118.4375
118.5625
118.5625
118.3125
117.9375
117.4375
116.9375
116.3125
115.6875
114.8125
113.625
112.0625
110.0625
107.5
104.125
100.0
95.5625
91.4375
88.0625
85.75
84.25
83.3125
82.625
82.0625
81.3125
80.375
79.3125
78.25
77.25
76.25
75.3125
74.4375
73.6875
72.9375
72.1875
71.4375
70.6875
70.0
69.25
68.5
67.75
67.0625
66.4375
65.875
65.25
64.6875
64.0625
63.5625
63.0625
62.5625
62.125
61.6875
61.25
60.8125
60.375
60.0
59.5625
59.0625
58.625
58.1875
57.75
57.375
56.9375
56.5
56.125
55.75
55.25
54.9375
54.625
54.25
53.9375
53.6875
53.375
53.125
52.8125
52.5
52.25
52.0
51.75
51.4375
51.1875
50.9375
50.75
50.375
50.1875
50.0
49.8125
49.5625
49.3125
49.1875
49.0625
48.9375
48.8125
48.6875
48.5625
48.4375
48.25
48.0
47.875
47.5625
47.25
47.0
46.75
46.4375
46.1875
46.375
49.5625
59.125
72.8125
87.5
102.5625
114.3125
120.25
122.0625
122.25
122.3125
122.125
121.5
120.4375
119.0625
117.4375
115.5625
113.5
111.125
108.5625
105.625
102.625
99.6875
96.6875
93.6875
90.875
88.5
86.75
85.625
84.75
84.0625
83.3125
82.5625
81.6875
80.5625
79.375
78.3125
77.1875
76.1875
75.25
74.3125
73.4375
72.625
71.875
71.125
70.4375
69.75
69.125
68.5
67.875
67.1875
66.625
66.0625
65.5
65.0625
64.5625
64.0625
63.5625
63.1875
62.75
62.25
61.75
61.375
61.0
60.6875
60.5
60.25
60.0
59.8125
59.625
59.3125
58.9375
58.5
58.0
57.4375
56.9375
56.375
55.875
55.4375
55.5625
57.875
64.75
75.75
88.75
102.125
112.75
118.625
120.8125
121.375
121.6875
121.875
121.875
121.625
121.1875
120.6875
120.1875
119.625
118.8125
117.75
116.3125
114.4375
112.0625
109.0625
105.375
101.0
96.4375
92.4375
89.4375
87.3125
85.9375
85.125
84.5
83.875
83.0
82.0625
80.875
79.75
78.625
77.5625
76.625
75.75
74.9375
74.125
73.3125
72.5625
71.875
71.0625
70.375
69.6875
68.9375
68.25
67.5
66.875
66.3125
65.8125
65.1875
64.6875
64.125
63.6875
63.1875
62.6875
62.25
61.8125
61.375
61.0
60.625
60.1875
59.8125
59.375
59.0625
58.6875
58.375
58.0
57.6875
57.3125
57.0
56.75
56.4375
56.0625
55.75
55.5
55.1875
54.9375
54.6875
54.375
54.0
53.75
53.375
53.0625
52.6875
52.375
52.0625
51.6875
51.375
51.0
50.75
50.4375
50.1875
49.875
49.6875
49.5
49.25
49.0625
48.9375
48.75
48.5
48.3125
48.125
47.9375
47.75
47.625
47.4375
47.25
47.0625
46.875
46.6875
46.5
46.375
46.1875
46.0625
45.875
45.75
45.5625
45.5
45.3125
45.125
45.0
44.875
44.75
44.5625
44.4375
44.3125
44.1875
44.0625
43.9375
43.8125
43.625
43.5625
43.375
43.3125
43.1875
43.1875
43.125
43.125
43.0
42.875
42.75
42.625
42.4375
42.25
42.125
41.9375
41.75
41.6875
41.625
41.8125
44.5625
53.375
66.4375
79.875
94.125
106.1875
113.0625
115.5
115.75
115.5
114.8125
113.6875
111.9375
109.6875
107.0
104.125
101.0
98.0
95.125
92.5625
90.25
88.125
86.1875
84.3125
82.625
81.1875
80.1875
79.4375
78.875
78.3125
77.625
76.8125
76.0
75.0625
74.125
73.125
72.125
71.3125
70.4375
69.6875
68.9375
68.1875
67.5625
66.9375
66.3125
65.6875
65.25
64.625
64.1875
63.6875
63.25
62.6875
62.1875
61.8125
61.3125
60.875
60.5
60.125
59.75
59.375
58.9375
58.5
58.1875
57.875
57.5625
57.3125
57.0625
56.9375
56.75
56.625
56.375
56.0625
55.6875
55.25
54.8125
54.3125
53.875
53.375
52.9375
52.625
53.25
56.875
64.6875
75.25
86.9375
98.375
106.9375
111.5
113.25
113.8125
114.0625
114.3125
114.375
114.1875
113.8125
113.3125
112.75
112.125
111.375
110.375
109.0
107.1875
105.0625
102.375
99.0625
95.125
91.1875
87.75
85.125
83.4375
82.3125
81.5625
81.0
80.4375
79.6875
78.8125
77.75
76.75
75.875
74.9375
74.0625
73.25
72.5
71.75
71.125
70.375
69.625
68.9375
68.3125
67.6875
67.0
66.3125
65.75
65.125
64.5625
64.0625
63.4375
62.9375
62.4375
61.9375
61.375
60.9375
60.4375
59.9375
59.5
59.0625
58.625
58.125
57.75
57.25
56.875
56.5
56.1875
55.8125
55.5
55.1875
54.875
54.5625
54.25
53.9375
53.6875
53.4375
53.0625
52.8125
52.5625
52.3125
52.0
51.8125
51.625
51.3125
51.0625
50.8125
50.625
50.4375
50.3125
50.1875
50.0625
49.9375
49.75
49.625
49.4375
49.125
48.8125
48.5625
48.25
48.0
47.625
47.375
47.5625
50.375
58.6875
71.25
85.0625
99.5
111.0
117.3125
119.5
119.9375
120.25
120.4375
120.3125
119.5625
118.5625
117.3125
115.9375
114.375
112.625
110.625
108.4375
106.0625
103.3125
100.375
97.125
93.75
90.5625
88.1875
86.4375
85.375
84.5625
83.9375
83.3125
82.5
81.625
80.4375
79.3125
78.1875
77.1875
76.125
75.25
74.3125
73.5
72.75
72.0
71.3125
70.5625
69.9375
69.3125
68.625
68.0
67.4375
66.8125
66.25
65.75
65.25
64.75
64.25
63.875
63.375
63.125
62.8125
62.5625
62.25
61.9375
61.6875
61.375
61.0
60.5
60.0
59.4375
58.8125
58.3125
57.8125
57.375
57.75
60.8125
68.625
80.1875
93.4375
106.3125
115.75
120.625
122.3125
122.75
123.125
123.25
123.1875
122.9375
122.5625
122.1875
121.75
121.3125
120.625
119.625
118.1875
116.4375
114.0625
111.0625
107.4375
103.0625
98.375
94.0625
90.75
88.375
86.9375
86.0625
85.4375
84.875
84.0
83.0625
81.9375
80.8125
79.6875
78.6875
77.6875
76.75
75.875
75.125
74.3125
73.5625
72.75
72.0
71.25
70.5
69.75
69.125
68.4375
67.75
67.125
66.5
66.0
65.4375
64.9375
64.4375
63.9375
63.4375
63.0625
62.625
62.1875
61.75
61.375
60.9375
60.5625
60.1875
59.8125
59.375
59.125
58.75
58.375
58.0
57.75
57.375
57.0
56.625
56.375
56.0
55.5625
55.25
54.875
54.5
54.125
53.8125
53.4375
53.125
52.8125
52.5
52.1875
51.9375
51.625
51.375
51.1875
50.9375
50.75
50.5
50.3125
50.0625
49.875
49.6875
49.4375
49.25
49.0
48.875
48.6875
48.5625
48.375
48.3125
48.1875
48.0625
47.9375
47.875
47.75
47.5625
47.3125
47.0625
46.875
46.625
46.375
46.0625
45.8125
45.5625
45.4375
45.9375
50.25
60.8125
74.5625
89.125
103.9375
114.625
119.6875
121.1875
121.375
121.5
121.25
120.625
119.5
117.875
116.0
113.875
111.5
108.875
106.0625
103.125
100.25
97.375
94.5625
91.8125
89.1875
87.0625
85.5
84.5
83.875
83.3125
82.75
82.0
81.125
80.125
79.0
77.8125
76.625
75.625
74.625
73.75
72.9375
72.1875
71.5
70.9375
70.25
69.5
68.9375
68.3125
67.75
67.0625
66.5
65.875
65.375
64.875
64.3125
63.8125
63.375
63.0
62.5625
62.125
61.75
61.375
61.0
60.75
60.5
60.25
60.0
59.8125
59.5625
59.3125
59.0
58.5
58.0
57.4375
56.875
56.3125
55.8125
55.375
55.25
56.4375
61.375
70.75
82.75
95.8125
107.5
115.0625
118.4375
119.5625
119.875
120.125
120.25
120.1875
119.9375
119.5625
119.125
118.625
117.9375
117.0
115.8125
114.25
112.375
109.8125
106.625
102.8125
98.375
94.0
90.4375
87.8125
86.0625
85.0
84.3125
83.75
83.0
82.125
81.125
80.125
79.0
77.875
76.9375
76.0625
75.25
74.4375
73.6875
72.9375
72.25
71.5
70.75
70.0625
69.3125
68.625
67.9375
67.25
66.625
66.0
65.5
65.0
64.4375
63.9375
63.5
63.0625
62.5625
62.125
61.75
61.3125
60.875
60.5
60.125
59.625
59.25
58.9375
58.5625
58.1875
57.875
57.5
57.0625
56.625
56.25
55.875
55.5
55.125
54.75
54.375
54.0625
53.75
53.375
53.125
52.875
52.625
52.375
52.125
52.0
51.875
51.6875
51.5625
51.375
51.25
51.0625
50.8125
50.5
50.125
49.8125
49.4375
49.125
48.875
48.5625
48.625
50.9375
59.0
71.625
85.875
100.9375
113.3125
120.125
122.625
123.1875
123.4375
123.625
123.375
122.625
121.5625
120.3125
118.9375
117.4375
115.625
113.5
111.0625
108.25
105.1875
101.8125
98.25
94.625
91.3125
88.8125
87.0625
85.9375
85.0625
84.375
83.6875
82.8125
81.875
80.9375
79.875
78.875
77.9375
77.25
76.5
75.75
75.125
74.4375
73.8125
73.125
72.5
71.8125
71.0625
70.3125
69.625
68.9375
68.25
67.625
67.125
66.5625
66.0
65.5625
65.0625
64.5625
64.125
63.625
63.125
62.6875
62.3125
61.9375
61.5
61.125
60.8125
60.4375
60.1875
59.9375
59.8125
59.5625
59.4375
59.25
59.0
58.625
58.25
57.75
57.25
56.6875
56.1875
55.625
55.1875
55.4375
58.1875
65.9375
77.625
91.25
104.9375
115.3125
120.8125
122.8125
123.375
123.75
123.875
123.75
123.375
122.9375
122.4375
121.875
121.3125
120.5625
119.375
117.8125
115.8125
113.3125
110.25
106.625
102.25
97.6875
93.5
90.4375
88.375
87.0625
86.25
85.625
85.0
84.125
83.125
81.9375
80.8125
79.625
78.625
77.625
76.6875
75.9375
75.1875
74.4375
73.625
72.8125
72.0625
71.3125
70.5625
69.875
69.1875
68.5
67.8125
67.25
66.625
66.0625
65.5
65.0
64.5
64.0
63.5625
63.125
62.8125
62.5
62.25
62.0
61.75
61.5
61.25
60.9375
60.4375
59.9375
59.4375
58.875
58.3125
57.75
57.25
56.875
56.375
56.0625
55.8125
55.8125
57.3125
63.25
74.375
88.1875
102.875
115.3125
122.6875
125.5625
126.3125
126.4375
126.375
126.0625
125.5
124.875
124.125
123.3125
122.375
121.25
119.75
117.8125
115.375
112.5
109.0
105.0
100.5
95.9375
92.0
89.1875
87.3125
86.1875
85.5
84.875
84.1875
83.25
82.125
81.0
79.875
78.75
77.75
76.8125
75.875
75.0625
74.25
73.5625
72.75
72.0
71.25
70.5
69.6875
69.0
68.25
67.625
66.875
66.1875
65.6875
65.0625
64.5625
64.0625
63.625
63.125
62.6875
62.25
61.8125
61.375
61.0
60.625
60.25
59.875
59.5625
59.1875
58.9375
58.6875
58.375
58.125
58.0
57.9375
57.75
57.75
57.6875
57.625
57.625
57.5
57.375
57.125
56.875
56.5
56.125
55.8125
55.4375
55.1875
54.9375
54.8125
54.75
54.75
54.6875
54.5625
54.3125
54.0
53.5625
53.125
52.6875
52.1875
51.75
51.3125
51.0
51.75
56.5
67.3125
81.25
96.3125
110.5
119.8125
123.875
124.9375
125.0
124.9375
124.75
124.25
123.3125
122.1875
120.9375
119.5625
118.0
116.125
113.8125
111.0
107.9375
104.625
101.0
97.25
93.6875
90.6875
88.625
87.125
86.1875
85.4375
84.625
83.75
82.8125
81.6875
80.5625
79.4375
78.25
77.25
76.25
75.375
74.5
73.75
73.0
72.25
71.5
70.75
70.0625
69.375
68.75
68.0625
67.4375
66.8125
66.3125
65.6875
65.1875
64.6875
64.1875
63.6875
63.1875
62.6875
62.25
61.875
61.4375
61.0625
60.625
60.25
59.75
59.5
59.125
58.6875
58.375
58.0625
57.75
57.375
57.0625
56.6875
56.375
56.125
55.875
55.5
55.25
54.9375
54.6875
54.4375
54.1875
53.9375
53.625
53.375
53.125
52.9375
52.625
52.375
52.125
51.875
51.6875
51.4375
51.3125
51.0625
50.875
50.6875
50.5
50.25
50.0625
49.8125
49.5625
49.3125
49.0625
48.75
48.5
48.25
47.9375
47.6875
47.375
47.1875
47.0
46.8125
46.5625
46.375
46.1875
46.0
45.875
45.6875
45.5625
45.375
45.3125
45.125
45.0
44.8125
44.625
44.5625
44.4375
44.25
44.125
44.0625
43.875
43.6875
43.5625
43.5
43.375
43.25
43.0625
42.9375
42.75
42.6875
42.625
42.5
42.375
42.25
42.125
42.0625
41.9375
41.8125
41.75
41.6875
41.625
41.5
41.4375
41.3125
41.3125
41.25
41.1875
41.1875
41.125
41.0
40.875
40.8125
40.625
40.4375
40.3125
40.1875
40.0
39.9375
40.1875
42.4375
49.9375
61.6875
73.9375
86.75
98.375
105.75
108.875
109.625
109.5
109.0625
108.25
106.9375
105.0625
102.75
100.125
97.4375
94.625
91.9375
89.4375
87.0625
84.875
82.9375
81.0625
79.4375
78.1875
77.25
76.75
76.375
76.0
75.5
75.0
74.25
73.4375
72.5625
71.75
70.875
70.0
69.25
68.5
67.6875
67.0
66.375
65.75
65.25
64.75
64.375
64.0
63.75
63.5
63.125
62.75
62.375
61.875
61.25
60.625
60.0
59.375
58.6875
58.125
57.625
57.25
57.3125
58.75
63.5
71.6875
82.0
92.9375
102.625
108.8125
111.75
112.75
113.125
113.1875
113.1875
113.125
112.875
112.5
112.0
111.625
111.0
110.375
109.4375
108.125
106.375
104.125
101.3125
97.75
93.625
89.5625
86.3125
83.8125
82.1875
81.1875
80.5625
80.0
79.3125
78.5
77.5625
76.5625
75.5625
74.625
73.75
72.9375
72.1875
71.5
70.8125
70.0625
69.375
68.75
68.125
67.4375
66.75
66.125
65.5
64.875
64.3125
63.6875
63.125
62.625
62.1875
61.6875
61.1875
60.8125
60.375
60.0
59.5625
59.1875
58.8125
58.4375
58.0625
57.6875
57.3125
56.9375
56.5
56.0625
55.6875
55.3125
54.9375
54.5625
54.25
53.875
53.5625
53.25
52.9375
52.5625
52.3125
52.125
51.875
51.625
51.375
51.125
50.875
50.625
50.4375
50.25
50.125
50.0625
49.9375
49.6875
49.5
49.1875
49.0
48.6875
48.4375
48.125
47.75
47.5
47.375
48.625
54.8125
66.875
80.9375
95.9375
109.625
118.25
121.8125
122.6875
122.8125
123.0
122.75
122.0625
121.0625
119.75
118.375
116.75
114.75
112.4375
109.875
107.0
104.0
100.75
97.4375
94.0
90.8125
88.25
86.5
85.375
84.5625
84.0
83.5
82.875
82.0625
81.1875
80.25
79.25
78.25
77.375
76.5
75.6875
74.9375
74.1875
73.375
72.625
71.8125
71.0
70.3125
69.625
68.9375
68.375
67.875
67.3125
66.75
66.3125
65.75
65.25
64.75
64.3125
63.8125
63.3125
62.875
62.4375
62.0
61.5625
61.1875
60.875
60.5
60.0625
59.75
59.4375
59.25
59.0
58.75
58.5625
58.4375
58.25
58.0625
57.8125
57.4375
57.0625
56.625
56.125
55.5625
55.0625
54.6875
55.4375
59.6875
69.0
81.4375
95.375
108.3125
117.1875
121.5
123.0
123.4375
123.8125
124.1875
124.25
124.0625
123.5625
123.0625
122.5
121.8125
120.8125
119.4375
117.8125
115.8125
113.25
110.0
106.1875
101.625
97.1875
93.4375
90.5625
88.625
87.4375
86.625
85.9375
85.25
84.375
83.25
82.125
81.0625
79.9375
78.8125
77.875
76.9375
76.0625
75.3125
74.625
73.8125
73.0625
72.3125
71.625
70.8125
70.0625
69.375
68.75
68.0625
67.4375
66.875
66.3125
65.8125
65.3125
64.8125
64.25
63.8125
63.3125
62.8125
62.25
61.75
61.3125
60.875
60.375
59.875
59.5
59.0
58.625
58.25
57.8125
57.4375
57.125
56.8125
56.5
56.1875
55.875
55.5625
55.3125
55.0625
54.75
54.4375
54.125
53.875
53.5
53.25
53.0625
52.875
52.75
52.5625
52.4375
52.3125
52.125
51.9375
51.6875
51.375
51.0625
50.75
50.4375
50.0625
49.75
49.4375
49.4375
51.9375
60.0625
72.875
87.3125
102.4375
114.5625
121.25
123.6875
124.3125
124.6875
124.875
124.75
124.125
123.125
121.875
120.625
119.25
117.6875
115.75
113.5625
110.9375
108.0625
104.8125
101.3125
97.6875
94.125
91.3125
89.3125
88.0
87.0625
86.375
85.6875
84.8125
83.875
82.75
81.5625
80.375
79.1875
78.0625
77.0625
76.1875
75.3125
74.5
73.875
73.1875
72.4375
71.625
70.9375
70.3125
69.625
69.0
68.3125
67.75
67.25
66.8125
66.4375
66.125
65.8125
65.5
65.125
64.625
64.125
63.5
62.875
62.25
61.625
61.0625
60.5
60.0
60.0
61.6875
67.5
77.875
90.8125
104.375
115.5625
122.125
124.75
125.4375
125.625
125.75
125.6875
125.375
125.0625
124.75
124.4375
124.0625
123.4375
122.5625
121.3125
119.625
117.5
114.75
111.1875
106.8125
101.8125
97.0
93.125
90.3125
88.4375
87.3125
86.5
85.875
85.0625
84.1875
83.0625
81.875
80.625
79.625
78.625
77.625
76.75
75.9375
75.1875
74.375
73.5625
72.75
72.0
71.1875
70.4375
69.6875
68.9375
68.25
67.625
67.0
66.375
65.875
65.3125
64.875
64.3125
63.875
63.4375
62.9375
62.5625
62.125
61.6875
61.25
60.875
60.5
60.1875
59.8125
59.5
59.0625
58.75
58.375
58.0
57.6875
57.375
57.0625
56.6875
56.375
56.0
55.625
55.25
54.9375
54.5625
54.1875
53.875
53.625
53.375
53.125
53.0
52.8125
52.6875
52.5
52.25
51.875
51.5625
51.25
50.875
50.5
50.1875
49.8125
49.625
50.5
56.0625
67.875
82.5
98.5625
113.9375
123.5625
127.0
127.9375
128.125
128.25
128.0
127.25
126.3125
125.1875
124.0
122.5625
120.75
118.5
116.0
113.0625
109.75
106.1875
102.4375
98.5
94.6875
91.625
89.4375
87.9375
86.8125
85.9375
85.125
84.25
83.3125
82.25
81.125
80.0
78.9375
77.9375
77.0625
76.1875
75.4375
74.75
74.0625
73.3125
72.75
72.125
71.5
70.9375
70.5
70.0
69.4375
69.0
68.5
67.9375
67.375
66.8125
66.25
65.75
65.25
64.6875
64.1875
63.6875
63.3125
62.875
62.5
62.125
61.8125
61.375
61.0
60.5625
60.3125
60.0
59.75
59.5
59.25
59.1875
59.0
58.75
58.375
57.9375
57.5
57.0
56.4375
55.9375
55.4375
55.0
55.125
57.8125
65.5
77.5
91.75
106.0625
116.9375
122.5625
124.625
125.1875
125.375
125.5625
125.4375
125.0625
124.5625
123.9375
123.25
122.4375
121.4375
120.0
118.25
116.0
113.3125
110.0
106.0625
101.6875
97.25
93.5
90.6875
88.8125
87.625
86.8125
86.0625
85.25
84.3125
83.1875
82.0
80.8125
79.5625
78.5
77.5625
76.625
75.6875
74.9375
74.1875
73.375
72.625
71.9375
71.1875
70.375
69.6875
69.0
68.3125
67.6875
67.0625
66.4375
65.9375
65.375
64.875
64.375
63.875
63.375
62.9375
62.5
62.0625
61.6875
61.1875
60.8125
60.4375
60.0625
59.6875
59.3125
58.9375
58.625
58.25
57.9375
57.625
57.25
56.9375
56.6875
56.375
56.0625
55.6875
55.4375
55.1875
54.875
54.625
54.375
54.0625
53.8125
53.5625
53.25
53.0
52.75
52.375
52.0625
51.75
51.4375
51.0625
50.8125
50.5
50.1875
49.9375
49.75
49.5625
49.375
49.3125
49.3125
49.1875
49.0
48.8125
48.5
48.1875
47.9375
47.625
47.3125
47.0
46.8125
46.5
46.3125
46.9375
51.5625
62.25
75.5625
89.9375
104.1875
114.4375
119.25
120.75
121.125
121.25
121.125
120.625
119.6875
118.3125
116.6875
114.875
112.8125
110.5
107.875
104.9375
101.875
98.6875
95.375
92.0
88.875
86.375
84.6875
83.5
82.75
82.125
81.5
80.75
79.8125
78.8125
77.8125
76.75
75.6875
74.8125
74.0
73.25
72.5625
72.0
71.375
70.8125
70.1875
69.6875
69.1875
68.6875
68.3125
67.8125
67.375
66.8125
66.3125
65.6875
65.125
64.6875
64.125
63.5
62.9375
62.5
62.0625
61.6875
61.3125
60.9375
60.5625
60.1875
59.8125
59.4375
59.125
58.8125
58.625
58.3125
58.0625
57.8125
57.6875
57.4375
57.125
56.8125
56.4375
56.0
55.5
54.9375
54.4375
53.9375
53.5
53.3125
54.0
58.3125
67.375
79.1875
92.25
104.6875
113.3125
117.5625
118.9375
119.3125
119.5625
119.6875
119.5625
119.1875
118.625
117.9375
117.1875
116.375
115.3125
113.9375
112.1875
110.0625
107.375
104.0625
100.125
95.9375
91.9375
88.75
86.4375
84.9375
84.0625
83.375
82.75
82.0
81.125
80.125
79.0625
78.0
77.0
75.9375
75.0625
74.1875
73.4375
72.6875
71.9375
71.125
70.375
69.75
69.0625
68.375
67.625
67.0
66.3125
65.75
65.25
64.6875
64.125
63.625
63.1875
62.6875
62.1875
61.75
61.375
60.9375
60.5
60.0625
59.75
59.375
59.0
58.625
58.3125
57.9375
57.5625
57.25
56.9375
56.625
56.3125
56.0
55.6875
55.375
55.125
54.8125
54.5
54.1875
53.9375
53.75
53.6875
53.5
53.4375
53.375
53.3125
53.125
52.875
52.5625
52.0625
51.5625
51.125
50.5625
49.9375
49.5
49.125
49.3125
52.5
61.5
74.0625
87.9375
102.375
113.4375
119.375
121.375
121.9375
122.25
122.375
122.0625
121.375
120.375
119.4375
118.3125
117.0625
115.5625
113.6875
111.3125
108.5
105.5
102.0
98.125
94.125
90.625
87.9375
86.0625
84.9375
84.1875
83.5
82.8125
82.0
81.0
79.875
78.75
77.8125
76.8125
75.8125
74.875
74.125
73.4375
72.625
71.8125
71.0625
70.375
69.625
68.9375
68.25
67.5625
66.9375
66.3125
65.6875
65.125
64.5625
64.0625
63.5625
63.125
62.6875
62.25
61.9375
61.6875
61.5
61.3125
61.125
61.0
60.9375
60.875
60.75
60.5625
60.3125
60.0
59.5625
59.1875
58.8125
58.4375
57.875
57.4375
57.0625
56.8125
56.625
56.5
56.4375
56.3125
56.25
56.125
55.875
55.5
55.125
54.6875
54.125
53.5625
53.125
52.75
52.3125
52.5625
55.375
63.5
75.4375
89.0625
102.9375
113.625
119.1875
121.1875
121.625
121.75
121.875
121.8125
121.5
120.875
120.125
119.1875
118.25
117.0
115.5
113.5
111.125
108.375
105.0
101.125
97.0
93.1875
90.0625
87.9375
86.5
85.5625
84.875
84.1875
83.375
82.4375
81.4375
80.25
79.125
78.0625
77.0625
76.0625
75.1875
74.375
73.625
72.875
72.1875
71.3125
70.5625
69.875
69.25
68.5
67.8125
67.3125
66.6875
66.0625
65.5625
65.0625
64.5
64.0
63.5625
63.0625
62.625
62.1875
61.75
61.3125
61.0
60.5625
60.1875
59.75
59.375
59.0
58.625
58.25
57.9375
57.625
57.25
56.9375
56.625
56.3125
56.0
55.75
55.5
55.1875
54.875
54.625
54.3125
54.0
53.8125
53.5625
53.25
53.0
52.8125
52.5625
52.375
52.1875
52.0
51.8125
51.5625
51.3125
50.875
50.5
50.0625
49.6875
49.1875
48.875
48.5
48.1875
48.25
50.5625
58.125
70.0
83.375
97.6875
109.75
116.75
119.5625
120.3125
120.625
120.8125
120.75
120.3125
119.4375
118.3125
117.1875
115.875
114.25
112.4375
110.125
107.5625
104.625
101.375
97.75
93.9375
90.4375
87.625
85.75
84.5625
83.75
83.0
82.375
81.5
80.625
79.5
78.375
77.375
76.375
75.4375
74.625
73.8125
73.0625
72.375
71.625
70.875
70.1875
69.5
68.8125
68.125
67.4375
66.875
66.3125
65.8125
65.25
64.75
64.375
64.0625
63.8125
63.5625
63.375
63.125
62.9375
62.6875
62.375
62.0
61.625
61.25
60.8125
60.375
59.8125
59.375
59.0
58.625
58.3125
58.0625
57.9375
57.6875
57.625
57.4375
57.25
57.0
56.75
56.25
55.75
55.25
54.75
54.1875
53.6875
53.3125
53.1875
54.4375
59.8125
70.0
82.625
96.375
108.625
116.4375
119.75
120.625
120.75
120.8125
120.875
120.6875
120.25
119.625
119.0
118.25
117.375
116.125
114.625
112.6875
110.25
107.3125
103.75
99.6875
95.5
91.8125
88.875
86.9375
85.6875
84.8125
84.125
83.5625
82.6875
81.75
80.625
79.5
78.4375
77.375
76.375
75.4375
74.625
73.75
73.0
72.1875
71.4375
70.6875
70.0
69.375
68.6875
68.0
67.3125
66.6875
66.0625
65.5
64.9375
64.5
63.9375
63.4375
62.9375
62.5
62.0625
61.5625
61.25
60.8125
60.4375
60.0
59.6875
59.3125
58.9375
58.5625
58.1875
57.875
57.625
57.1875
56.75
56.5625
56.25
55.875
55.625
55.375
55.0625
54.75
54.5
54.25
53.9375
53.6875
53.4375
53.1875
52.9375
52.6875
52.4375
52.1875
51.9375
51.75
51.625
51.5
51.4375
51.375
51.25
51.125
50.9375
50.625
50.25
49.875
49.4375
48.9375
48.4375
48.0
47.5625
47.25
47.5
50.8125
59.875
72.3125
86.0625
100.25
111.375
117.3125
119.4375
120.0625
120.4375
120.4375
120.0625
119.3125
118.1875
116.9375
115.5625
114.125
112.25
110.0625
107.6875
105.0
101.875
98.5
94.9375
91.3125
88.125
85.875
84.4375
83.5
82.75
82.125
81.5
80.625
79.6875
78.625
77.5625
76.5
75.5625
74.625
73.8125
73.0625
72.25
71.5625
70.8125
70.0625
69.3125
68.6875
68.0625
67.375
66.6875
66.125
65.5625
64.875
64.375
63.8125
63.3125
62.8125
62.3125
61.9375
61.5
61.1875
60.9375
60.6875
60.4375
60.25
60.1875
60.0625
60.0
59.875
59.8125
59.75
59.5
59.1875
58.8125
58.4375
58.0
57.625
57.125
56.75
56.5625
56.375
56.3125
56.1875
56.0625
55.875
55.5625
55.25
54.75
54.25
53.75
53.3125
52.75
52.25
52.1875
53.8125
59.625
70.1875
82.875
96.375
108.1875
115.4375
118.5
119.25
119.4375
119.5625
119.5625
119.3125
118.8125
118.0625
117.1875
116.375
115.375
114.125
112.5
110.4375
108.0
105.125
101.625
97.6875
93.6875
90.3125
87.625
85.875
84.8125
84.0
83.375
82.6875
81.875
80.875
79.8125
78.6875
77.625
76.625
75.6875
74.8125
73.9375
73.1875
72.4375
71.6875
70.9375
70.3125
69.5625
68.875
68.125
67.5625
66.9375
66.1875
65.5625
65.0625
64.625
64.0
63.5
63.0625
62.625
62.125
61.6875
61.3125
60.875
60.4375
60.0625
59.6875
59.3125
59.0
58.625
58.25
57.875
57.5625
57.1875
56.875
56.5625
56.3125
55.9375
55.625
55.3125
55.0625
54.8125
54.5625
54.375
54.25
54.125
54.0
54.0
53.875
53.6875
53.375
53.0
52.625
52.125
51.625
51.125
50.5625
50.0
49.8125
51.375
57.75
68.875
81.875
96.0
108.4375
116.0625
119.375
120.5
120.875
121.0625
121.0625
120.6875
120.0
119.125
118.1875
117.125
115.8125
114.125
112.1875
109.875
107.125
103.9375
100.375
96.3125
92.4375
89.1875
86.8125
85.1875
84.1875
83.4375
82.75
82.0
81.125
80.1875
79.0625
78.0625
77.0625
76.0625
75.125
74.3125
73.5625
72.75
71.9375
71.1875
70.5
69.6875
69.0
68.375
67.625
67.0
66.375
65.6875
65.0625
64.5625
64.0
63.375
62.9375
62.5625
62.0625
61.6875
61.4375
61.125
60.8125
60.625
60.5
60.3125
60.25
60.125
60.0
59.875
59.75
59.4375
59.125
58.8125
58.4375
58.0625
57.6875
57.375
57.125
57.0
56.875
56.75
56.5625
56.25
55.875
55.5
55.0625
54.5625
54.0
53.5625
53.0625
52.875
54.625
61.0625
72.1875
85.375
99.5
111.375
118.4375
121.0625
121.6875
121.75
121.8125
121.6875
121.3125
120.625
119.875
119.125
118.1875
117.1875
115.75
114.0
111.8125
109.1875
106.0625
102.375
98.3125
94.25
90.8125
88.25
86.625
85.5
84.75
84.125
83.3125
82.375
81.4375
80.3125
79.1875
78.125
77.125
76.1875
75.25
74.375
73.5625
72.875
72.0625
71.3125
70.5625
69.875
69.25
68.5
67.875
67.1875
66.5625
66.0
65.4375
64.875
64.375
63.9375
63.4375
62.9375
62.4375
62.0
61.5625
61.1875
60.75
60.375
59.9375
59.5625
59.1875
58.875
58.5
58.1875
57.8125
57.5
57.125
56.75
56.5
56.1875
55.9375
55.5625
55.3125
55.0
54.75
54.4375
54.1875
53.9375
53.6875
53.375
53.125
52.9375
52.6875
52.5
52.375
52.3125
52.125
52.0
51.8125
51.625
51.25
50.75
50.375
49.875
49.375
48.875
48.4375
48.0
47.8125
49.0625
54.9375
66.0
79.1875
93.5625
106.8125
115.3125
119.0625
120.125
120.3125
120.5
120.5
120.1875
119.3125
118.25
117.0
115.625
114.125
112.375
110.25
107.75
104.875
101.6875
98.125
94.375
90.8125
87.9375
85.75
84.4375
83.5625
82.875
82.1875
81.5
80.625
79.5625
78.5
77.5
76.5
75.5
74.625
73.8125
73.0
72.25
71.5625
70.8125
70.125
69.4375
68.75
68.0625
67.375
66.8125
66.1875
65.5625
65.0
64.375
63.875
63.4375
63.0
62.625
62.25
62.0
61.8125
61.6875
61.5625
61.5
61.375
61.1875
61.0
60.75
60.4375
60.0625
59.6875
59.1875
58.6875
58.25
57.8125
57.4375
57.1875
57.0
56.8125
56.6875
56.625
56.5625
56.375
56.0625
55.75
55.3125
54.8125
54.3125
53.75
53.1875
52.6875
52.4375
53.3125
57.8125
67.5625
80.0
93.6875
106.5625
115.25
119.125
120.1875
120.375
120.375
120.375
120.1875
119.75
119.0625
118.375
117.5625
116.6875
115.5
114.0
112.0
109.5625
106.6875
103.3125
99.4375
95.375
91.625
88.75
86.8125
85.5625
84.75
84.1875
83.5625
82.6875
81.75
80.6875
79.625
78.5625
77.5625
76.5
75.5
74.6875
73.875
73.125
72.375
71.625
70.875
70.125
69.5
68.75
68.0625
67.5
66.875
66.25
65.75
65.125
64.625
64.125
63.6875
63.1875
62.75
62.375
61.875
61.5
61.125
60.6875
60.25
59.9375
59.5625
59.1875
58.875
58.5
58.125
57.8125
57.5
57.125
56.8125
56.5
56.25
55.875
55.625
55.4375
55.3125
55.1875
55.125
55.0
54.875
54.75
54.5
54.1875
53.8125
53.4375
53.0
52.5
52.0625
51.625
51.5
52.8125
58.5625
69.25
82.4375
96.5625
109.25
117.1875
120.6875
121.75
122.125
122.5
122.5625
122.3125
121.75
121.0625
120.25
119.375
118.1875
116.6875
114.8125
112.5
109.75
106.5625
102.875
98.8125
94.8125
91.25
88.625
86.8125
85.6875
84.875
84.1875
83.4375
82.5625
81.5625
80.4375
79.375
78.375
77.375
76.5
75.625
74.8125
74.0625
73.25
72.4375
71.6875
70.9375
70.125
69.375
68.75
68.0
67.3125
66.6875
66.0625
65.4375
64.9375
64.375
63.875
63.375
62.9375
62.5
62.125
61.6875
61.3125
60.9375
60.5625
60.25
59.875
59.5625
59.25
58.9375
58.6875
58.5
58.3125
58.1875
58.125
58.0625
58.0
57.9375
57.875
57.8125
57.75
57.625
57.5625
57.4375
57.25
57.0
56.6875
56.25
55.875
55.4375
54.9375
54.5
53.9375
53.5625
53.1875
53.0625
54.4375
60.5
71.5
84.8125
99.0625
111.5
118.9375
121.875
122.6875
122.875
123.0625
123.0625
122.8125
122.125
121.375
120.5625
119.5
118.25
116.6875
114.875
112.5
109.75
106.5625
103.0
98.9375
95.0625
91.75
89.3125
87.6875
86.6875
85.875
85.125
84.3125
83.375
82.3125
81.0625
79.9375
78.8125
77.875
76.875
75.875
75.0625
74.25
73.5625
72.8125
72.0625
71.25
70.625
69.9375
69.25
68.5625
67.875
67.25
66.625
66.0625
65.5
65.0
64.5
64.0625
63.5625
63.0625
62.625
62.25
61.8125
61.4375
60.9375
60.5625
60.1875
59.8125
59.4375
59.125
58.8125
58.375
58.0625
57.6875
57.4375
57.0625
56.8125
56.4375
56.125
55.8125
55.5625
55.3125
55.125
55.0
54.875
54.8125
54.75
54.625
54.4375
54.1875
53.8125
53.4375
53.0
52.5625
52.125
51.625
51.375
51.4375
53.625
61.0
72.75
86.1875
100.3125
112.0625
118.6875
121.375
122.0625
122.375
122.5
122.5
122.125
121.5
120.75
119.875
118.875
117.6875
116.1875
114.25
111.8125
109.0625
105.8125
101.9375
97.8125
93.75
90.4375
88.0
86.4375
85.3125
84.5625
83.875
83.0625
82.125
81.0625
80.0
78.9375
77.9375
76.875
75.875
75.0
74.25
73.4375
72.6875
71.875
71.125
70.4375
69.6875
68.9375
68.1875
67.5
66.875
66.1875
65.625
65.0625
64.5
63.9375
63.5
63.0
62.5625
62.0625
61.625
61.1875
60.8125
60.4375
60.0625
59.6875
59.3125
59.0
58.6875
58.3125
57.9375
57.625
57.25
56.875
56.625
56.375
55.9375
55.875
55.8125
55.25
54.9375
55.125
55.3125
55.375
55.625
55.8125
56.0
56.125
56.125
55.9375
55.75
55.3125
54.8125
54.375
53.75
53.1875
52.625
52.375
53.1875
57.5625
67.3125
80.125
94.125
107.375
116.25
120.25
121.5
121.6875
121.8125
121.75
121.5
121.0
120.3125
119.4375
118.4375
117.25
115.75
113.9375
111.75
109.1875
106.0625
102.5625
98.6875
94.8125
91.4375
88.9375
87.3125
86.3125
85.5625
84.8125
84.0
83.0625
82.0625
80.9375
79.8125
78.6875
77.6875
76.6875
75.75
74.9375
74.125
73.375
72.625
71.875
71.125
70.625
70.0625
69.625
69.125
68.6875
68.1875
67.75
67.125
66.4375
65.75
65.0
64.3125
63.625
62.875
62.25
61.6875
61.375
62.125
65.75
74.0
85.75
99.3125
112.0625
120.75
124.8125
126.0
126.25
126.375
126.375
126.125
125.8125
125.4375
125.125
124.75
124.3125
123.5625
122.5625
121.125
119.0625
116.4375
113.0
108.75
103.8125
98.6875
94.375
91.3125
89.25
87.9375
87.0625
86.5
85.6875
84.5625
83.5625
82.3125
81.125
80.0
78.875
77.875
76.9375
76.125
75.375
74.625
73.75
73.0
72.25
71.5
70.6875
70.0
69.1875
68.5
67.75
67.0625
66.4375
65.8125
65.1875
64.625
64.0625
63.5
62.9375
62.4375
61.9375
61.375
60.875
60.4375
60.0
59.625
59.25
58.875
58.5
58.1875
57.75
57.4375
57.0625
56.75
56.3125
56.0625
55.75
55.4375
55.125
54.8125
54.5625
54.25
53.9375
53.6875
53.4375
53.0625
52.8125
52.625
52.375
52.125
51.875
51.6875
51.4375
51.1875
51.0
50.8125
50.5
50.3125
50.1875
49.9375
49.75
49.5625
49.4375
49.1875
49.125
48.9375
48.8125
48.8125
48.75
48.625
48.5625
48.4375
48.3125
48.0625
47.8125
47.5625
47.25
47.0625
46.8125
46.625
46.375
46.3125
46.3125
46.3125
46.4375
46.6875
46.875
47.1875
47.5625
47.8125
48.0625
48.125
48.1875
48.1875
48.0625
47.875
47.5625
47.25
47.0
46.8125
46.5625
46.375
46.25
46.125
46.0
45.875
45.75
45.6875
45.5625
45.375
45.25
45.125
44.875
44.6875
44.5625
44.375
44.3125
44.125
44.0625
44.0
43.9375
43.8125
43.75
43.625
43.5625
43.4375
43.375
43.25
43.125
43.0
42.9375
42.8125
42.6875
42.625
42.5
42.3125
42.3125
42.25
42.1875
42.1875
42.1875
42.125
42.0625
42.0
42.0
41.875
41.6875
41.5625
41.375
41.4375
44.0
52.9375
65.875
78.9375
92.8125
104.6875
111.5625
114.375
115.0
114.75
114.0625
112.6875
110.625
108.0625
105.125
101.8125
98.4375
95.1875
92.25
89.75
87.6875
85.75
84.0
82.4375
80.9375
79.75
78.8125
78.0625
77.5
77.0625
76.5
75.8125
75.0
74.1875
73.3125
72.3125
71.375
70.4375
69.625
68.8125
68.1875
67.4375
66.875
66.3125
65.8125
65.1875
64.6875
64.125
63.625
63.125
62.625
62.1875
61.75
61.375
60.9375
60.5
60.0625
59.625
59.125
58.625
58.1875
57.6875
57.1875
56.6875
56.25
55.8125
55.4375
55.0
54.6875
54.3125
54.0625
53.75
53.5625
53.1875
52.9375
52.625
52.375
52.125
51.8125
51.5625
51.3125
51.125
50.8125
50.625
50.375
50.125
49.9375
49.6875
49.4375
49.1875
49.0625
48.8125
48.625
48.5625
48.4375
48.25
48.1875
48.125
47.875
47.625
47.4375
47.25
46.9375
46.625
46.3125
46.0
45.75
45.6875
46.75
51.6875
61.0625
72.125
84.0625
95.5
103.6875
107.875
109.4375
109.875
110.375
110.75
110.9375
110.8125
110.3125
109.5
108.625
107.5
106.3125
105.0
103.4375
101.625
99.375
96.75
93.6875
90.5
87.4375
85.1875
83.5625
82.375
81.6875
81.125
80.5
79.8125
79.0
78.125
77.0625
76.0625
75.125
74.25
73.4375
72.625
71.875
71.1875
70.5625
69.875
69.1875
68.625
67.9375
67.3125
66.6875
66.125
65.625
65.0625
64.5
64.0
63.625
63.125
62.6875
62.1875
61.8125
61.375
61.0
60.5625
60.1875
59.875
59.5
59.125
58.8125
58.5625
58.375
58.1875
58.0
57.8125
57.6875
57.5625
57.3125
56.9375
56.4375
55.9375
55.5
54.9375
54.5
54.125
54.75
58.625
67.3125
78.8125
91.625
103.9375
112.6875
117.0625
118.75
119.5
120.0
120.3125
120.5
120.375
120.0
119.6875
119.25
118.6875
117.875
116.8125
115.4375
113.75
111.5625
108.875
105.5
101.5
97.125
92.875
89.5625
87.25
85.8125
84.9375
84.25
83.6875
82.9375
82.0625
81.0
79.9375
78.75
77.6875
76.6875
75.8125
74.9375
74.1875
73.5
72.75
72.0
71.25
70.5625
69.8125
69.0625
68.4375
67.8125
67.125
66.5625
66.0
65.4375
64.875
64.375
63.875
63.375
62.875
62.375
61.9375
61.5
61.0
60.5625
60.0625
59.625
59.1875
58.75
58.3125
57.875
57.4375
57.0
56.625
56.25
55.875
55.625
55.3125
55.0
54.6875
54.375
54.0625
53.8125
53.5625
53.1875
52.875
52.6875
52.4375
52.125
51.875
51.625
51.375
51.125
50.9375
50.6875
50.4375
50.25
50.0625
49.8125
49.5625
49.375
49.25
49.125
49.0
48.875
48.8125
48.6875
48.5625
48.375
48.1875
47.9375
47.6875
47.4375
47.1875
46.875
46.625
46.4375
46.25
47.0
51.5
62.0
75.0
89.0
102.875
112.75
117.3125
118.6875
119.0
119.25
119.5
119.1875
118.4375
117.1875
115.8125
114.375
113.0
111.3125
109.3125
106.9375
104.3125
101.4375
98.375
95.25
92.125
89.4375
87.375
85.875
84.8125
84.0625
83.375
82.625
81.75
80.8125
79.75
78.6875
77.5625
76.5
75.5625
74.625
73.75
72.9375
72.1875
71.5
70.75
70.0625
69.5
68.875
68.25
67.6875
67.125
66.625
66.0625
65.5
64.9375
64.5
64.0
63.5
63.0
62.625
62.3125
62.0625
61.8125
61.5625
61.3125
61.0625
60.8125
60.375
59.9375
59.4375
58.875
58.1875
57.625
57.0625
56.625
56.5625
57.875
63.0625
72.5
84.5625
97.6875
109.1875
116.4375
119.6875
120.6875
121.0625
121.375
121.4375
121.4375
121.3125
121.0
120.625
120.25
119.75
119.0625
118.125
116.6875
114.875
112.5
109.5
105.75
101.4375
96.75
92.5625
89.3125
87.25
85.9375
85.0625
84.5
83.9375
83.0625
82.0625
81.0625
79.875
78.75
77.75
76.8125
75.8125
75.0625
74.375
73.5625
72.8125
72.0625
71.375
70.625
69.9375
69.1875
68.5
67.75
67.125
66.5
65.9375
65.3125
64.875
64.375
63.875
63.375
62.875
62.5
62.0
61.625
61.1875
60.75
60.375
60.0
59.625
59.25
58.9375
58.625
58.25
57.8125
57.5
57.125
56.8125
56.375
56.0
55.5625
55.1875
54.875
54.5
54.125
53.75
53.375
53.0625
52.8125
52.5
52.25
52.0
51.75
51.4375
51.25
51.0625
50.8125
50.625
50.375
50.1875
49.9375
49.6875
49.5
49.3125
49.125
48.9375
48.75
48.5625
48.375
48.1875
48.0
47.8125
47.6875
47.5625
47.5
47.4375
47.3125
47.1875
47.0625
46.875
46.6875
46.5
46.25
46.0
45.75
45.5
45.25
45.125
45.6875
50.0625
60.75
74.25
88.5625
102.9375
113.375
118.375
119.8125
120.0625
120.3125
120.25
119.8125
118.8125
117.4375
115.75
113.8125
111.75
109.4375
106.9375
104.375
101.6875
98.9375
96.1875
93.4375
90.8125
88.5625
86.75
85.4375
84.5625
83.75
82.9375
82.0625
81.125
80.1875
79.125
78.0625
77.0
76.0
75.0
74.0625
73.1875
72.4375
71.75
71.0
70.3125
69.5625
69.0
68.3125
67.75
67.1875
66.6875
66.125
65.625
65.0625
64.625
64.3125
63.9375
63.625
63.3125
63.0625
62.75
62.4375
62.0
61.5625
61.0
60.5
59.875
59.3125
58.8125
58.25
57.75
57.5
58.125
61.75
69.8125
80.9375
93.6875
105.75
114.4375
118.8125
120.25
120.6875
121.0
121.125
121.0625
120.9375
120.5625
120.25
119.9375
119.625
119.0
118.0625
116.875
115.25
113.125
110.3125
106.8125
102.5
97.8125
93.4375
90.0
87.5625
86.0625
85.1875
84.5625
83.9375
83.1875
82.1875
81.0625
79.9375
78.8125
77.8125
76.8125
75.9375
75.125
74.375
73.5625
72.8125
72.0625
71.25
70.5625
69.875
69.125
68.375
67.75
67.0625
66.4375
65.875
65.375
64.75
64.25
63.8125
63.3125
62.875
62.375
62.0
61.625
61.1875
60.75
60.375
59.9375
59.625
59.1875
58.8125
58.5
58.0625
57.6875
57.25
56.875
56.4375
56.0625
55.6875
55.25
54.9375
54.5625
54.25
53.9375
53.625
53.3125
53.0625
52.75
52.5
52.25
52.0
51.75
51.5625
51.4375
51.375
51.1875
51.0
50.875
50.625
50.375
50.125
49.8125
49.4375
49.125
48.875
48.5625
48.25
48.5
51.625
60.9375
74.5
89.3125
104.8125
116.625
122.5625
124.375
124.8125
125.0625
125.0625
124.6875
123.9375
122.8125
121.5625
120.25
118.625
116.8125
114.625
112.125
109.125
105.875
102.4375
98.8125
95.0625
91.6875
89.25
87.4375
86.3125
85.5625
84.9375
84.3125
83.5
82.6875
81.75
80.75
79.8125
78.9375
78.0625
77.25
76.5
75.75
74.9375
74.1875
73.375
72.5625
71.75
71.0
70.25
69.5625
69.0
68.4375
67.8125
67.25
66.8125
66.25
65.6875
65.1875
64.75
64.3125
63.875
63.5625
63.25
62.9375
62.6875
62.5
62.25
62.0
61.625
61.1875
60.5625
59.9375
59.375
58.75
58.1875
57.6875
57.5
58.8125
64.25
74.375
87.25
101.25
113.5
121.0
124.125
125.0
125.3125
125.5625
125.625
125.375
125.0625
124.8125
124.5625
124.3125
123.875
123.0625
121.8125
120.125
118.0
115.1875
111.8125
107.6875
102.9375
98.125
94.125
91.0625
89.125
88.0
87.25
86.5625
85.8125
84.9375
83.8125
82.5625
81.3125
80.25
79.1875
78.1875
77.3125
76.5
75.625
74.875
74.125
73.3125
72.5
71.75
71.0625
70.375
69.625
68.875
68.3125
67.6875
67.0625
66.4375
65.875
65.375
64.9375
64.375
63.875
63.5
63.0625
62.6875
62.25
61.8125
61.375
61.0
60.6875
60.3125
59.9375
59.5625
59.1875
58.875
58.5
58.1875
57.875
57.5
57.1875
56.875
56.625
56.25
56.0
55.75
55.4375
55.1875
54.875
54.6875
54.375
54.125
53.875
53.625
53.375
53.125
52.875
52.6875
52.5
52.3125
52.125
51.8125
51.5625
51.375
51.125
50.8125
50.5625
50.25
50.0
49.75
49.5
49.1875
48.9375
48.6875
48.4375
48.25
48.0
47.875
47.6875
47.4375
47.3125
47.1875
47.0
46.8125
46.625
46.375
46.25
46.125
45.9375
45.875
45.75
45.5625
45.4375
45.3125
45.125
45.0
44.8125
44.6875
44.625
44.5
44.375
44.125
44.0
43.9375
43.8125
43.6875
43.5625
43.4375
43.375
43.25
43.125
42.9375
42.9375
42.8125
42.6875
42.5625
42.5
42.375
42.3125
42.1875
42.125
42.125
42.0
41.9375
41.875
41.8125
41.8125
41.8125
41.6875
41.6875
41.5625
41.5
41.375
41.1875
41.125
41.0625
41.125
41.1875
41.25
41.5
41.9375
44.0
51.3125
63.625
76.5625
89.875
102.0625
109.6875
112.75
113.3125
112.875
112.125
111.125
109.625
107.5625
105.0625
102.1875
99.125
96.0625
93.0625
90.375
88.0
86.0
84.1875
82.5
80.875
79.5
78.375
77.6875
77.1875
76.8125
76.375
75.75
75.0625
74.25
73.375
72.4375
71.5
70.5625
69.625
68.8125
68.0625
67.3125
66.6875
66.0625
65.5625
65.0625
64.5
64.0625
63.625
63.125
62.625
62.125
61.6875
61.25
60.875
60.5625
60.25
59.9375
59.75
59.5
59.25
58.875
58.5
58.125
57.625
57.125
56.5625
56.125
55.625
55.125
54.625
54.375
54.8125
57.5625
64.25
73.8125
84.875
96.125
105.0
110.125
112.3125
112.9375
113.1875
113.3125
113.375
113.125
112.8125
112.4375
112.0
111.5625
110.9375
110.1875
109.0625
107.75
106.0
103.6875
100.6875
97.0625
92.875
88.8125
85.5625
83.1875
81.6875
80.875
80.3125
79.8125
79.25
78.5625
77.625
76.5625
75.625
74.625
73.6875
72.9375
72.1875
71.375
70.6875
70.0
69.3125
68.625
67.9375
67.3125
66.625
65.9375
65.3125
64.75
64.1875
63.6875
63.125
62.5625
62.0
61.5
61.0
60.5
60.0625
59.5625
59.0625
58.625
58.1875
57.75
57.375
56.9375
56.5
56.1875
55.8125
55.5
55.1875
54.8125
54.4375
54.1875
53.875
53.5625
53.25
53.0
52.75
52.4375
52.1875
51.875
51.625
51.375
51.125
50.875
50.875
50.75
50.5625
50.4375
50.3125
50.0
49.75
49.625
49.25
48.9375
48.625
48.25
47.875
47.6875
48.0625
51.25
60.5625
73.8125
88.125
102.9375
114.1875
119.75
121.4375
121.6875
121.875
121.875
121.5
120.5625
119.4375
118.25
116.9375
115.4375
113.625
111.5
109.0625
106.375
103.5
100.375
97.125
93.6875
90.625
88.3125
86.6875
85.625
84.875
84.1875
83.5625
82.8125
81.9375
80.875
79.8125
78.5625
77.4375
76.3125
75.25
74.3125
73.5
72.875
72.0625
71.375
70.75
70.1875
69.75
69.0625
68.0625
67.375
66.75
66.3125
65.875
65.25
64.6875
64.1875
63.6875
63.1875
62.8125
62.3125
61.9375
61.5625
61.125
60.75
60.375
60.0625
59.75
59.5625
59.25
59.0625
58.9375
58.75
58.5
58.1875
57.8125
57.4375
56.875
56.3125
55.8125
55.25
54.875
55.0
57.625
65.125
76.625
89.9375
103.625
114.25
120.0
122.1875
122.6875
123.0625
123.25
123.3125
123.0625
122.625
122.125
121.5625
121.0
120.1875
119.0625
117.5625
115.6875
113.375
110.5
106.9375
102.8125
98.375
94.1875
90.875
88.5
86.9375
85.9375
85.25
84.625
83.75
82.8125
81.6875
80.5625
79.4375
78.3125
77.3125
76.4375
75.5625
74.75
74.0
73.1875
72.4375
71.75
71.0
70.25
69.5
68.8125
68.125
67.5
66.875
66.25
65.6875
65.1875
64.6875
64.125
63.6875
63.1875
62.75
62.25
61.8125
61.4375
61.0
60.625
60.25
59.875
59.5
59.0625
58.625
58.25
57.75
57.3125
56.9375
56.5625
56.125
55.75
55.375
55.125
54.75
54.375
54.0625
53.75
53.5
53.1875
52.9375
52.6875
52.4375
52.1875
51.875
51.625
51.375
51.1875
51.0
50.9375
50.8125
50.6875
50.5625
50.375
50.125
49.875
49.625
49.375
49.0
48.6875
48.3125
48.0
47.8125
48.625
53.75
64.875
78.5
93.375
107.6875
117.25
121.4375
122.5625
122.8125
123.0
122.9375
122.3125
121.125
119.75
118.3125
116.875
115.25
113.25
110.875
108.25
105.25
102.0625
98.6875
95.1875
91.8125
89.0
86.9375
85.5625
84.625
83.9375
83.3125
82.6875
81.9375
81.1875
80.25
79.25
78.25
77.3125
76.3125
75.4375
74.5
73.6875
72.875
72.0625
71.25
70.4375
69.75
69.1875
68.5625
67.9375
67.375
66.75
66.25
65.625
65.125
64.625
64.1875
63.625
63.125
62.625
62.125
61.6875
61.25
60.875
60.5
60.3125
60.0625
59.8125
59.625
59.5
59.3125
59.0625
58.75
58.375
57.875
57.3125
56.6875
56.125
55.625
55.125
54.9375
56.5
62.3125
72.6875
85.5
99.25
110.875
117.875
120.875
121.6875
121.9375
122.125
122.125
121.8125
121.3125
120.75
120.0625
119.375
118.6875
117.6875
116.4375
114.8125
112.75
110.0625
106.75
102.8125
98.4375
94.0625
90.5625
87.9375
86.1875
85.125
84.375
83.6875
82.9375
82.0625
80.9375
79.8125
78.6875
77.625
76.6875
75.6875
74.8125
74.0625
73.375
72.625
71.875
71.1875
70.4375
69.6875
68.9375
68.3125
67.625
66.9375
66.375
65.8125
65.1875
64.6875
64.125
63.5625
63.0625
62.6875
62.1875
61.6875
61.3125
60.875
60.5
60.0625
59.75
59.375
59.0625
58.6875
58.375
58.0
57.6875
57.3125
57.0
56.625
56.3125
56.0
55.625
55.1875
54.8125
54.5
54.1875
53.8125
53.375
53.125
52.8125
52.5
52.1875
51.875
51.625
51.375
51.25
51.1875
51.0625
50.9375
50.8125
50.6875
50.4375
50.0625
49.75
49.5
49.125
48.75
48.375
48.25
47.9375
48.4375
52.5625
62.8125
76.1875
90.75
105.375
115.8125
120.75
122.25
122.625
122.75
122.6875
122.125
121.125
119.8125
118.4375
117.0
115.3125
113.3125
111.0
108.3125
105.3125
102.0625
98.6875
95.125
91.6875
88.75
86.625
85.1875
84.25
83.5
82.875
82.125
81.25
80.3125
79.3125
78.3125
77.375
76.4375
75.6875
75.0
74.3125
73.75
73.1875
72.5625
71.875
71.25
70.625
69.9375
69.25
68.625
68.0
67.375
66.75
66.125
65.5
65.0
64.5625
64.125
63.6875
63.25
62.8125
62.375
62.0
61.625
61.1875
60.8125
60.4375
60.0625
59.625
59.3125
58.9375
58.625
58.375
58.125
57.875
57.75
57.625
57.4375
57.3125
57.0625
56.75
56.3125
55.875
55.3125
54.8125
54.3125
53.875
53.375
53.5
55.9375
63.375
74.875
88.0625
101.6875
112.625
118.625
120.875
121.4375
121.6875
121.875
121.8125
121.5
120.8125
120.125
119.4375
118.75
117.75
116.4375
114.6875
112.5
110.0625
107.125
103.5
99.4375
95.375
91.75
88.9375
87.0
85.8125
84.9375
84.25
83.5625
82.6875
81.625
80.5
79.4375
78.3125
77.25
76.375
75.5625
74.75
73.9375
73.25
72.5
71.75
71.0
70.25
69.5625
69.0625
68.25
67.5625
66.9375
66.3125
65.75
65.25
64.75
64.1875
63.6875
63.1875
62.75
62.3125
61.875
61.4375
61.0625
60.6875
60.3125
59.9375
59.5625
59.1875
58.8125
58.4375
57.9375
57.5
57.125
56.75
56.3125
55.875
55.5
55.0625
54.875
54.5
54.1875
53.9375
53.8125
53.625
53.5
53.375
53.1875
53.0
52.75
52.375
52.0
51.6875
51.25
50.875
50.5
50.1875
49.9375
50.375
54.125
63.6875
76.5625
90.875
105.3125
115.75
120.875
122.4375
122.875
123.125
123.1875
122.8125
122.0625
121.0625
119.9375
118.75
117.25
115.4375
113.375
111.0
108.25
105.3125
101.9375
98.25
94.3125
90.75
88.0625
86.1875
85.0
84.1875
83.5
82.8125
82.0
81.0625
80.125
79.0625
78.125
77.125
76.3125
75.625
75.0
74.375
73.8125
73.1875
72.5625
71.9375
71.25
70.625
69.9375
69.25
68.5625
67.8125
67.25
66.625
66.0
65.4375
64.9375
64.4375
64.0625
63.5625
63.125
62.75
62.375
61.9375
61.5
61.125
60.75
60.375
59.9375
59.5625
59.125
58.8125
58.5625
58.3125
58.125
58.0
57.8125
57.6875
57.5
57.1875
56.8125
56.4375
56.0
55.4375
54.9375
54.4375
54.0
53.9375
55.8125
62.5
73.75
87.125
101.1875
112.875
119.5
122.0625
122.6875
122.9375
123.125
123.0
122.6875
122.0625
121.375
120.5
119.625
118.625
117.375
115.625
113.625
111.0625
108.0
104.375
100.25
95.9375
92.0625
89.1875
87.25
86.0
85.1875
84.625
83.9375
83.0625
82.0625
81.0
79.8125
78.625
77.5625
76.5625
75.6875
74.875
74.125
73.3125
72.5625
71.8125
71.125
70.3125
69.625
69.0
68.25
67.625
67.0
66.4375
65.875
65.375
64.875
64.375
63.8125
63.375
62.875
62.375
62.0
61.5625
61.1875
60.8125
60.4375
60.0
59.625
59.3125
58.9375
58.5625
58.25
57.9375
57.5625
57.1875
56.9375
56.6875
56.375
56.0
55.75
55.5
55.25
54.875
54.625
54.4375
54.1875
53.875
53.5625
53.375
53.125
52.75
52.4375
52.0625
51.8125
51.4375
51.1875
50.8125
50.5625
50.25
50.0
49.6875
49.375
49.1875
49.0
48.875
48.5
48.375
48.3125
48.1875
47.9375
47.75
47.625
47.375
47.1875
47.0625
46.875
46.625
46.5625
46.375
46.25
46.0625
45.875
45.8125
45.6875
45.5
45.375
45.25
45.125
45.0
44.875
44.75
44.625
44.5
44.375
44.25
44.0625
44.0
43.9375
43.8125
43.6875
43.625
43.5
43.375
43.375
43.25
43.125
43.1875
43.25
43.125
42.9375
42.875
42.75
42.5
42.3125
42.25
41.9375
41.75
41.6875
41.5625
41.4375
41.4375
41.5
41.5
41.625
41.875
42.125
42.375
42.625
43.0
43.25
43.5
43.6875
43.8125
43.875
43.9375
43.8125
43.625
43.4375
43.1875
42.875
42.6875
42.5
42.375
42.25
42.125
42.0625
42.0
41.9375
41.875
41.8125
41.625
41.5
41.375
41.25
41.125
41.0
40.875
40.75
40.625
40.5625
40.4375
40.375
40.375
40.25
40.1875
40.125
40.0625
40.0625
40.0
39.875
39.8125
39.6875
39.6875
39.5625
39.5
39.5
39.5625
40.5
45.25
54.75
64.875
75.0
84.9375
92.25
95.875
96.375
95.1875
93.125
90.625
87.6875
84.5
81.1875
78.125
75.4375
73.3125
71.5625
70.25
69.1875
68.4375
67.625
66.75
66.0625
65.5625
65.25
65.125
65.125
65.1875
65.125
65.0625
64.875
64.5
64.0625
63.5625
62.9375
62.4375
61.8125
61.1875
60.625
60.125
59.6875
59.25
58.875
58.5
58.125
57.8125
57.5
57.1875
56.8125
56.5
56.25
56.0
55.8125
55.5625
55.25
54.9375
54.6875
54.375
54.0625
53.8125
53.625
53.375
53.0625
52.8125
52.5625
52.375
52.0625
51.8125
51.5625
51.25
50.9375
50.625
50.3125
49.9375
49.6875
49.375
49.125
48.875
48.625
48.4375
48.1875
48.0
47.8125
47.625
47.375
47.25
47.0
46.875
46.75
46.5625
46.375
46.25
46.0625
45.8125
45.6875
45.5625
45.4375
45.375
45.25
45.1875
45.0625
44.9375
44.8125
44.6875
44.5
44.25
44.0
43.75
43.625
44.25
47.625
55.125
64.625
74.9375
85.5
94.125
99.4375
101.875
102.8125
103.25
103.6875
104.0625
104.25
104.0625
103.5625
102.75
101.6875
100.5625
99.3125
97.8125
96.1875
94.1875
91.9375
89.3125
86.4375
83.5
81.0
79.375
78.5
78.1875
78.1875
78.1875
78.0
77.5625
76.9375
76.0625
75.1875
74.1875
73.25
72.3125
71.5
70.75
70.0625
69.5
68.9375
68.3125
67.6875
67.1875
66.6875
66.0625
65.5
65.0
64.5
63.9375
63.4375
63.0625
62.5625
62.0625
61.625
61.3125
61.0
60.75
60.5
60.3125
60.1875
60.0
59.875
59.625
59.25
58.8125
58.25
57.75
57.125
56.5625
56.25
57.0
60.875
69.1875
80.125
92.375
103.75
111.6875
115.625
117.0
117.5
117.875
118.25
118.375
118.375
118.125
117.8125
117.4375
117.0625
116.5
115.75
114.5625
113.0625
111.1875
108.75
105.8125
102.3125
98.25
94.125
90.5625
87.8125
85.9375
84.75
84.0
83.375
82.6875
81.9375
81.0
80.0
78.9375
77.9375
77.0
76.0625
75.25
74.5
73.75
73.0
72.3125
71.5625
70.8125
70.125
69.5
68.8125
68.125
67.4375
66.9375
66.3125
65.75
65.1875
64.6875
64.1875
63.6875
63.3125
62.875
62.4375
62.0
61.625
61.25
60.875
60.5625
60.1875
59.8125
59.5625
59.1875
58.8125
58.5
58.125
57.75
57.3125
57.0
56.5625
56.1875
55.8125
55.4375
55.0625
54.75
54.4375
54.0625
53.6875
53.5
53.25
53.0
52.875
52.75
52.625
52.5
52.375
52.125
51.875
51.5625
51.1875
50.875
50.5
50.1875
49.875
49.625
49.5625
51.0625
57.375
69.0
82.5625
97.0625
110.0625
117.9375
121.125
121.9375
122.25
122.5
122.5
122.0625
121.3125
120.4375
119.375
118.125
116.75
115.0625
113.0
110.6875
108.0
105.0625
101.75
98.25
94.625
91.3125
88.8125
87.125
86.0625
85.3125
84.6875
84.0
83.1875
82.3125
81.3125
80.1875
79.1875
78.3125
77.5
76.75
76.125
75.5625
74.9375
74.375
73.8125
73.25
72.6875
72.125
71.5
70.8125
70.1875
69.5625
68.9375
68.3125
67.6875
67.125
66.625
66.125
65.625
65.25
64.875
64.4375
64.0
63.625
63.1875
62.8125
62.4375
62.0625
61.625
61.375
61.125
60.875
60.6875
60.625
60.5
60.25
60.0625
59.6875
59.1875
58.6875
58.1875
57.625
57.0625
56.5625
56.25
56.625
59.9375
68.3125
80.3125
94.0
107.5625
117.5
122.375
124.125
124.625
124.9375
125.0625
125.0625
124.6875
124.375
124.0
123.6875
123.1875
122.4375
121.4375
119.9375
118.1875
115.875
113.0
109.5
105.5
101.125
96.875
93.4375
91.0
89.4375
88.3125
87.5625
86.875
86.0625
85.0625
84.0
82.8125
81.625
80.5
79.5
78.5625
77.625
76.875
76.125
75.3125
74.5625
73.875
73.0625
72.375
71.75
71.0
70.3125
69.5625
69.0
68.4375
67.875
67.3125
66.8125
66.3125
65.8125
65.3125
64.8125
64.375
63.9375
63.5
63.125
62.6875
62.375
62.0
61.625
61.25
60.875
60.625
60.25
59.875
59.5
59.25
58.875
58.5625
58.1875
57.8125
57.375
57.0
56.6875
56.3125
56.125
55.875
55.75
55.5
55.25
55.0625
54.8125
54.4375
54.0625
53.6875
53.25
52.8125
52.4375
52.0625
51.6875
51.6875
53.4375
60.3125
72.4375
86.75
102.0625
115.125
122.625
125.625
126.4375
126.8125
127.0
126.875
126.375
125.5
124.5625
123.6875
122.6875
121.4375
119.8125
118.0
115.6875
112.9375
109.75
106.1875
102.1875
98.0625
94.3125
91.4375
89.5625
88.3125
87.4375
86.75
86.0
85.0625
84.125
83.0625
82.0
80.9375
79.9375
79.0625
78.125
77.375
76.5625
75.8125
75.0625
74.375
73.75
73.0625
72.4375
71.8125
71.3125
70.875
70.4375
70.0
69.5625
69.0625
68.625
68.125
67.5625
67.0625
66.5625
66.0
65.5
65.125
64.625
64.1875
63.75
63.375
63.0
62.5625
62.1875
61.9375
61.625
61.4375
61.25
61.0625
60.9375
60.6875
60.4375
60.0625
59.6875
59.1875
58.6875
58.0625
57.5625
57.0625
56.625
56.5
57.9375
63.8125
74.8125
88.375
102.875
115.3125
122.5
125.5
126.25
126.5625
126.75
126.6875
126.375
125.875
125.4375
125.0
124.4375
123.6875
122.625
121.1875
119.4375
117.125
114.25
110.8125
106.75
102.25
97.875
94.25
91.625
89.875
88.6875
87.9375
87.25
86.4375
85.5
84.375
83.25
82.0625
81.0
79.875
78.8125
77.9375
77.0625
76.25
75.5
74.75
74.0
73.1875
72.4375
71.75
71.0
70.375
69.6875
69.0625
68.5
67.875
67.3125
66.8125
66.3125
65.8125
65.3125
64.875
64.4375
64.0
63.625
63.125
62.6875
62.3125
61.9375
61.5625
61.25
60.875
60.5
60.125
59.8125
59.4375
59.1875
58.875
58.6875
58.5
58.25
58.25
58.125
58.0
57.8125
57.625
57.25
56.875
56.375
55.875
55.3125
54.875
54.4375
54.125
55.1875
60.5
71.375
85.125
100.125
113.5
122.0625
125.875
127.0625
127.4375
127.5625
127.4375
126.9375
126.375
125.75
125.125
124.375
123.4375
122.1875
120.4375
118.1875
115.5625
112.4375
108.75
104.625
100.1875
96.0
92.5
90.25
88.75
87.8125
87.125
86.375
85.5
84.5
83.375
82.1875
81.125
80.0625
79.0625
78.125
77.25
76.4375
75.5625
74.8125
74.0625
73.3125
72.5
71.75
71.0
70.3125
69.625
68.9375
68.3125
67.6875
67.125
66.625
66.0625
65.5625
65.0625
64.625
64.1875
63.75
63.3125
62.875
62.4375
62.0625
61.75
61.375
61.0
60.625
60.375
60.0
59.6875
59.4375
59.25
59.0625
58.8125
58.6875
58.6875
58.75
58.8125
59.0
59.1875
59.375
59.5625
59.4375
59.1875
58.8125
58.375
57.75
57.125
56.5
55.875
55.375
54.9375
55.0
57.25
64.8125
77.0
91.1875
105.9375
117.5
123.5
125.5
125.875
125.9375
126.0
125.6875
125.25
124.5
123.6875
122.8125
121.6875
120.375
118.8125
116.8125
114.5
111.6875
108.375
104.5625
100.375
96.25
92.75
90.3125
88.75
87.75
87.0625
86.4375
85.625
84.6875
83.625
82.4375
81.25
80.0625
79.0
77.9375
77.0
76.1875
75.4375
74.625
73.875
73.1875
72.4375
71.75
71.0
70.375
69.6875
69.125
68.5
67.9375
67.375
66.875
66.375
65.875
65.375
64.875
64.4375
63.9375
63.4375
63.0
62.6875
62.25
61.875
61.4375
61.0625
60.6875
60.375
60.0625
59.75
59.4375
59.1875
59.0625
58.8125
58.6875
58.5625
58.5
58.375
58.0
57.5625
57.125
56.625
56.0625
55.625
55.125
54.625
54.625
56.8125
64.0625
75.9375
89.8125
104.375
116.0625
122.4375
124.8125
125.5
125.875
125.9375
125.6875
125.125
124.5
123.875
123.1875
122.5625
121.5625
120.125
118.3125
116.1875
113.5
110.25
106.5
102.3125
97.875
94.0625
91.1875
89.25
87.875
86.875
86.0625
85.1875
84.25
83.1875
82.0625
80.875
79.8125
78.625
77.625
76.6875
75.8125
74.9375
74.125
73.375
72.625
71.8125
71.0625
70.375
69.6875
69.0625
68.375
67.75
67.125
66.5
65.9375
65.375
64.8125
64.3125
63.8125
63.375
62.8125
62.3125
61.875
61.4375
60.9375
60.5625
60.25
59.8125
59.4375
59.125
58.75
58.4375
58.1875
57.875
57.5
57.1875
56.9375
56.625
56.25
56.0
55.75
55.4375
55.1875
55.0
54.6875
54.4375
54.25
54.0
53.75
53.5
53.3125
53.1875
53.0625
53.0
53.0
53.0625
53.0
53.0
52.9375
52.9375
52.9375
52.9375
53.0
53.0
53.0
52.875
52.75
52.5
52.5
53.9375
60.1875
71.625
85.25
99.625
111.9375
118.9375
121.3125
121.5625
121.3125
121.0625
120.5
119.75
118.5625
117.1875
115.625
113.9375
111.875
109.5
106.875
104.0
100.875
97.8125
94.6875
91.625
89.0625
87.0625
85.8125
84.9375
84.25
83.5625
82.8125
81.9375
80.9375
79.875
78.75
77.6875
76.625
75.6875
74.75
74.0
73.1875
72.4375
71.75
71.125
70.5625
70.0625
69.625
69.25
68.8125
68.3125
67.8125
67.3125
66.625
65.875
65.1875
64.375
63.625
63.0
62.375
61.875
61.75
63.0
67.8125
77.1875
89.375
102.625
113.875
120.8125
123.625
124.1875
124.1875
124.0625
123.75
123.25
122.8125
122.3125
121.875
121.5
121.0
120.1875
119.125
117.625
115.625
112.875
109.375
105.0
100.0625
95.3125
91.5625
88.875
87.1875
86.1875
85.4375
84.8125
84.125
83.1875
82.0625
80.9375
79.8125
78.6875
77.6875
76.75
75.9375
75.125
74.3125
73.5625
72.8125
72.0
71.25
70.5
69.75
69.0
68.3125
67.75
67.0625
66.5
65.9375
65.4375
64.9375
64.4375
63.9375
63.5
63.0
62.625
62.25
61.75
61.375
60.9375
60.5
60.0625
59.625
59.1875
58.6875
58.375
57.9375
57.5
57.0625
56.6875
56.3125
55.9375
55.625
55.375
55.0625
54.8125
54.5
54.1875
54.0
53.6875
53.4375
53.1875
52.9375
52.625
52.375
52.125
51.9375
51.6875
51.4375
51.25
51.0625
50.8125
50.625
50.4375
50.1875
50.0
49.875
49.8125
49.6875
49.5625
49.4375
49.3125
49.1875
48.9375
48.6875
48.4375
48.125
47.875
47.5625
47.25
47.0625
46.8125
47.6875
53.25
66.125
81.5
97.625
113.0
122.5
125.9375
126.375
126.3125
126.0
125.25
123.875
122.0625
120.0625
117.9375
115.5
112.6875
109.6875
106.5625
103.5625
100.625
97.9375
95.1875
92.6875
90.3125
88.5
87.1875
86.25
85.4375
84.625
83.8125
82.875
81.8125
80.625
79.625
78.5
77.375
76.375
75.375
74.4375
73.6875
73.0
72.1875
71.5
70.875
70.25
69.5
68.9375
68.3125
67.6875
67.125
66.625
66.125
65.6875
65.1875
64.6875
64.25
63.875
63.4375
62.9375
62.5625
62.1875
61.6875
61.25
60.9375
60.6875
60.375
60.25
60.0625
59.875
59.6875
59.5
59.0625
58.625
58.125
57.625
57.0
56.5
56.0
55.625
55.9375
58.8125
67.0
79.0
92.5625
106.0625
116.0625
121.0625
122.625
122.875
123.0625
123.125
122.875
122.3125
121.6875
121.125
120.4375
119.75
118.8125
117.5
115.9375
113.9375
111.375
108.25
104.4375
100.0625
95.6875
92.0
89.3125
87.5
86.375
85.625
84.9375
84.25
83.375
82.25
81.1875
80.0625
79.0
77.9375
77.0
76.1875
75.375
74.5625
73.875
73.125
72.3125
71.5
70.875
70.1875
69.4375
68.75
68.125
67.5
66.875
66.375
65.875
65.3125
64.8125
64.375
63.9375
63.5
63.0
62.5625
62.125
61.75
61.3125
61.0
60.625
60.25
59.8125
59.5
59.1875
58.8125
58.4375
58.1875
57.875
57.4375
57.1875
56.9375
56.5625
56.25
56.0
55.5625
55.1875
54.8125
54.5
54.0625
53.6875
53.5
53.25
53.0
52.875
52.6875
52.5625
52.4375
52.3125
52.0
51.6875
51.4375
51.0
50.5625
50.25
49.875
49.5625
49.25
50.0625
54.875
66.0
80.125
95.375
110.125
119.6875
123.75
124.8125
124.875
124.8125
124.625
123.8125
122.625
121.25
120.0
118.625
117.0
115.0
112.4375
109.5
106.3125
102.875
99.1875
95.4375
92.0625
89.375
87.4375
86.25
85.4375
84.75
84.125
83.25
82.3125
81.1875
80.125
79.0625
78.0625
77.0625
76.125
75.3125
74.5
73.8125
73.125
72.5
71.8125
71.25
70.6875
70.125
69.625
69.1875
68.75
68.3125
67.9375
67.5625
67.125
66.625
66.1875
65.625
65.125
64.6875
64.25
63.6875
63.1875
62.8125
62.4375
62.0625
61.6875
61.3125
60.9375
60.5625
60.1875
59.8125
59.5
59.125
58.8125
58.5625
58.375
58.1875
58.0625
58.0
57.8125
57.5
57.1875
56.75
56.3125
55.875
55.375
54.875
54.4375
54.0625
54.4375
57.8125
66.625
79.0625
93.0
106.8125
116.625
121.25
122.75
123.0
123.125
123.125
122.8125
122.1875
121.5625
120.8125
120.125
119.25
118.125
116.5625
114.5625
112.125
109.1875
105.75
101.8125
97.625
93.75
90.625
88.4375
87.0
86.125
85.4375
84.8125
84.125
83.125
82.0
80.9375
79.875
78.75
77.75
76.875
75.9375
75.125
74.375
73.6875
72.8125
72.125
71.4375
70.6875
70.0
69.375
68.8125
68.125
67.5625
67.0
66.4375
65.875
65.375
64.875
64.375
63.875
63.4375
63.0
62.5625
62.1875
61.75
61.375
61.0
60.625
60.25
59.9375
59.5625
59.25
58.875
58.625
58.25
57.9375
57.625
57.25
57.0
56.6875
56.4375
56.1875
55.9375
55.625
55.375
55.125
54.8125
54.5
54.25
54.0625
53.8125
53.5625
53.3125
53.0625
52.75
52.5625
52.25
51.9375
51.8125
51.625
51.4375
51.3125
51.125
50.875
50.625
50.3125
50.0
49.5625
49.3125
48.9375
48.625
48.3125
48.0625
48.375
51.625
61.0
74.0
88.0
102.4375
113.4375
118.9375
120.8125
121.125
121.1875
121.1875
120.75
119.9375
118.75
117.375
115.875
114.0625
112.0
109.5625
106.875
103.9375
100.75
97.4375
94.0625
90.8125
88.1875
86.25
85.0
84.125
83.5
82.8125
82.0625
81.1875
80.25
79.25
78.1875
77.1875
76.25
75.375
74.5625
73.8125
73.125
72.375
71.625
70.9375
70.25
69.5625
68.9375
68.375
67.8125
67.25
66.75
66.25
65.9375
65.625
65.3125
65.0
64.8125
64.5625
64.3125
64.125
63.8125
63.4375
63.0
62.625
62.1875
61.625
61.125
60.75
60.375
60.0
59.625
59.3125
59.0
58.75
58.4375
58.1875
57.9375
57.75
57.5625
57.4375
57.25
57.0
56.75
56.375
55.9375
55.5
55.0
54.625
54.125
53.6875
53.375
53.75
56.75
64.8125
76.625
89.875
103.0625
113.0
118.0
119.6875
120.125
120.375
120.625
120.5
120.0
119.375
118.5625
117.6875
116.8125
115.8125
114.4375
112.6875
110.4375
107.75
104.5625
100.875
96.8125
93.0
90.0
87.875
86.5625
85.625
85.0
84.375
83.625
82.75
81.6875
80.5625
79.5
78.4375
77.5
76.5625
75.75
74.875
74.125
73.4375
72.625
71.9375
71.1875
70.5
69.875
69.25
68.625
68.0
67.3125
66.8125
66.3125
65.8125
65.3125
64.8125
64.375
63.9375
63.5
63.0
62.625
62.1875
61.8125
61.4375
61.0625
60.6875
60.375
60.0
59.625
59.3125
59.0
58.6875
58.3125
58.0625
57.75
57.4375
57.1875
57.0
56.875
56.8125
56.75
56.625
56.5
56.25
56.0
55.625
55.125
54.625
54.0625
53.4375
52.9375
52.5
52.5625
55.3125
63.6875
76.0625
90.0625
104.375
115.25
120.875
122.8125
123.25
123.5
123.6875
123.5
123.0
122.3125
121.5
120.625
119.625
118.3125
116.625
114.625
112.125
109.0625
105.625
101.75
97.625
93.625
90.5625
88.5
87.1875
86.3125
85.6875
85.0625
84.25
83.3125
82.25
81.125
80.0
79.0625
78.125
77.25
76.375
75.625
74.8125
74.0625
73.3125
72.5625
71.75
71.0
70.375
69.625
69.0
68.4375
67.8125
67.125
66.625
66.125
65.625
65.125
64.625
64.25
63.8125
63.5
63.1875
62.875
62.6875
62.5
62.25
62.0625
62.0
61.9375
61.875
61.6875
61.5625
61.3125
61.0
60.625
60.375
60.0625
59.875
59.625
59.4375
59.25
59.0625
58.8125
58.4375
58.0
57.5625
57.0625
56.5
56.0
55.5625
55.25
55.6875
59.5625
69.0
81.9375
96.4375
110.25
119.6875
123.8125
125.0
125.1875
125.3125
125.375
125.125
124.4375
123.75
123.0625
122.1875
121.0625
119.75
118.25
116.25
113.75
110.6875
107.1875
103.1875
98.9375
95.1875
92.3125
90.3125
89.0625
88.25
87.5
86.6875
85.8125
84.8125
83.625
82.4375
81.375
80.375
79.25
78.3125
77.4375
76.625
75.8125
75.0625
74.3125
73.5
72.8125
72.0625
71.3125
70.6875
70.0625
69.4375
68.8125
68.25
67.6875
67.125
66.625
66.125
65.625
65.1875
64.6875
64.25
63.8125
63.375
63.0
62.625
62.25
61.875
61.5625
61.1875
60.8125
60.4375
60.125
59.75
59.4375
59.125
58.8125
58.5
58.1875
57.9375
57.625
57.375
57.0625
56.75
56.5
56.3125
56.125
56.0
55.9375
55.875
55.75
55.6875
55.5625
55.1875
54.8125
54.4375
54.0625
53.5
53.125
52.75
52.375
52.8125
56.4375
65.6875
78.625
92.875
106.9375
117.0625
121.9375
123.5
123.8125
124.0625
124.0625
123.8125
123.3125
122.625
121.8125
120.875
119.6875
118.125
116.25
113.9375
111.1875
107.9375
104.3125
100.375
96.375
92.75
90.0
88.1875
87.0
86.1875
85.4375
84.8125
83.9375
82.9375
81.8125
80.75
79.6875
78.6875
77.75
76.875
75.9375
75.1875
74.375
73.625
72.875
72.125
71.4375
70.6875
70.0
69.375
68.6875
68.0625
67.5
66.9375
66.3125
65.8125
65.3125
64.8125
64.3125
63.9375
63.5625
63.0625
62.625
62.25
61.875
61.5
61.125
60.75
60.4375
60.125
59.875
59.5625
59.25
58.9375
58.6875
58.5625
58.3125
58.1875
58.1875
58.1875
58.1875
58.375
58.5
58.6875
58.75
58.6875
58.5
58.1875
57.8125
57.1875
56.5625
56.0625
55.5625
55.0
54.5625
54.375
55.375
60.5
71.0
84.125
98.3125
111.0625
119.0
122.25
123.0625
123.1875
123.375
123.3125
123.0
122.3125
121.4375
120.6875
119.8125
118.625
117.1875
115.375
113.1875
110.4375
107.25
103.625
99.6875
95.8125
92.5625
90.1875
88.5625
87.5625
86.8125
86.125
85.375
84.5
83.375
82.3125
81.1875
80.125
79.0625
78.125
77.25
76.375
75.625
74.875
74.0625
73.3125
72.5625
71.875
71.1875
70.5
69.875
69.25
68.625
68.0
67.5
67.0
66.4375
65.875
65.4375
65.0
64.5625
64.0625
63.625
63.1875
62.8125
62.4375
62.0625
61.625
61.25
60.9375
60.5625
60.25
59.875
59.5625
59.25
58.875
58.625
58.3125
58.0625
57.6875
57.4375
57.1875
56.9375
56.75
56.625
56.5625
56.4375
56.375
56.1875
56.0
55.6875
55.3125
54.9375
54.4375
54.0
53.5
53.0625
52.875
54.0625
59.5625
70.375
83.75
98.0
110.875
118.9375
122.3125
123.3125
123.6875
124.0
123.9375
123.5
122.875
122.25
121.5
120.6875
119.6875
118.3125
116.5625
114.4375
111.625
108.4375
104.6875
100.625
96.5
92.875
90.25
88.4375
87.3125
86.5
85.8125
85.0
84.0625
83.0625
82.0
80.9375
79.875
78.875
78.0
77.125
76.3125
75.5
74.6875
73.9375
73.1875
72.375
71.625
70.875
70.1875
69.5625
68.9375
68.3125
67.6875
67.125
66.5625
66.0
65.4375
64.875
64.5
64.0625
63.625
63.1875
62.75
62.3125
62.0
61.625
61.3125
61.0
60.6875
60.375
60.0625
59.8125
59.5
59.25
59.0
58.875
58.6875
58.625
58.6875
58.8125
59.0
59.1875
59.3125
59.3125
59.25
59.0625
58.6875
58.1875
57.6875
57.0
56.375
55.8125
55.3125
55.0625
55.5625
59.5
68.9375
82.0
96.3125
109.9375
119.1875
123.25
124.375
124.5625
124.6875
124.625
124.375
123.875
123.25
122.5
121.75
120.75
119.4375
117.8125
115.6875
113.0
109.875
106.3125
102.25
98.0
94.3125
91.5625
89.625
88.5625
87.8125
87.125
86.4375
85.625
84.5625
83.375
82.25
81.0625
80.0
79.0
78.0625
77.1875
76.4375
75.5625
74.8125
74.0625
73.375
72.6875
71.9375
71.1875
70.5625
69.9375
69.25
68.6875
68.125
67.5625
67.0625
66.5625
66.0625
65.5625
65.1875
64.6875
64.25
63.8125
63.375
62.9375
62.5625
62.125
61.75
61.375
61.125
60.75
60.375
60.0625
59.6875
59.375
59.0625
58.6875
58.375
58.125
57.8125
57.5625
57.25
57.0
56.75
56.625
56.5625
56.4375
56.375
56.25
56.125
55.9375
55.625
55.25
54.8125
54.375
54.0
53.5
53.0625
52.75
53.0
56.375
65.3125
78.125
92.375
106.625
117.0
122.125
123.9375
124.375
124.5625
124.6875
124.5
124.0
123.4375
122.8125
121.9375
120.875
119.625
117.875
115.75
113.125
110.0625
106.4375
102.375
98.125
94.0625
90.8125
88.625
87.375
86.5625
86.0625
85.4375
84.625
83.6875
82.625
81.5
80.375
79.3125
78.375
77.5
76.625
75.8125
75.0
74.25
73.5
72.75
71.9375
71.25
70.625
69.875
69.1875
68.5625
67.9375
67.3125
66.75
66.1875
65.6875
65.125
64.6875
64.25
63.75
63.3125
62.875
62.5
62.0625
61.6875
61.25
60.875
60.5625
60.25
59.9375
59.5625
59.1875
58.875
58.5625
58.25
57.9375
57.6875
57.4375
57.1875
56.9375
56.8125
56.75
56.625
56.625
56.75
56.9375
57.25
57.4375
57.6875
57.8125
57.75
57.5625
57.25
56.875
56.25
55.6875
55.0625
54.5
54.0
53.625
53.5625
55.0625
61.375
72.6875
86.1875
100.5625
112.8125
120.0
122.625
123.0625
123.25
123.4375
123.4375
123.0625
122.4375
121.6875
120.9375
119.9375
118.6875
117.0625
115.0625
112.5625
109.6875
106.4375
102.75
98.8125
95.125
92.125
90.0
88.625
87.8125
87.125
86.4375
85.5625
84.625
83.5
82.3125
81.1875
80.125
79.125
78.1875
77.25
76.375
75.5625
74.8125
74.125
73.3125
72.625
72.0
71.3125
70.6875
70.0625
69.4375
68.8125
68.25
67.6875
67.1875
66.6875
66.25
65.75
65.25
64.75
64.375
63.875
63.5
63.0625
62.6875
62.25
61.9375
61.5625
61.1875
60.8125
60.4375
60.125
59.8125
59.4375
59.0625
58.8125
58.5
58.1875
58.0
57.875
57.6875
57.625
57.5625
57.4375
57.3125
57.0
56.6875
56.25
55.8125
55.375
54.875
54.375
54.0
53.6875
54.5625
59.3125
69.375
82.375
96.5
109.75
118.375
122.3125
123.5625
124.0
124.375
124.5
124.3125
123.875
123.375
122.875
122.25
121.375
120.25
118.6875
116.6875
114.125
111.0625
107.4375
103.4375
99.0625
95.125
92.0625
90.0
88.5625
87.6875
86.9375
86.125
85.25
84.3125
83.125
82.0
80.875
79.8125
78.8125
77.8125
76.9375
76.125
75.3125
74.5625
73.75
73.0
72.25
71.5625
70.8125
70.125
69.5
68.8125
68.1875
67.5625
67.0625
66.4375
65.9375
65.4375
64.9375
64.5
64.0
63.625
63.125
62.75
62.375
62.0
61.5625
61.25
60.875
60.5
60.125
59.8125
59.5
59.125
58.75
58.4375
58.1875
57.875
57.625
57.3125
57.0
56.6875
56.5
56.3125
56.125
55.9375
55.9375
55.875
55.875
55.875
55.75
55.6875
55.75
55.8125
55.8125
55.8125
55.6875
55.5625
55.375
55.75
59.0
67.625
80.1875
94.375
108.1875
118.1875
122.9375
124.125
124.25
124.375
124.4375
124.25
123.6875
123.0625
122.375
121.625
120.5625
119.1875
117.375
115.0625
112.375
109.1875
105.75
101.875
97.875
94.4375
91.8125
90.125
89.0625
88.3125
87.5625
86.6875
85.75
84.6875
83.5
82.375
81.1875
80.125
79.1875
78.375
77.625
77.0
76.375
75.75
75.0625
74.375
73.75
73.125
72.375
71.5625
70.6875
69.75
68.9375
68.125
67.4375
66.9375
66.9375
68.75
74.625
84.8125
97.6875
110.9375
121.25
126.875
129.0
129.4375
129.375
129.25
129.0
128.625
128.3125
128.125
128.0
127.75
127.25
126.375
125.0
123.1875
120.8125
117.5625
113.3125
108.25
102.875
98.0625
94.4375
92.125
90.6875
89.8125
89.1875
88.375
87.4375
86.3125
85.125
83.875
82.6875
81.5625
80.5625
79.625
78.75
77.875
77.0
76.25
75.4375
74.5625
73.8125
73.125
72.3125
71.5
70.8125
70.1875
69.5625
69.0
68.375
67.8125
67.3125
66.8125
66.375
65.875
65.375
64.9375
64.5
64.0625
63.625
63.25
62.875
62.5
62.0625
61.5625
61.1875
60.75
60.3125
59.875
59.4375
59.0
58.6875
58.3125
57.875
57.5
57.125
56.8125
56.5
56.25
55.875
55.625
55.4375
55.1875
54.875
54.625
54.375
54.125
53.8125
53.5625
53.3125
53.0625
52.875
52.625
52.4375
52.25
52.0625
51.875
51.5625
51.375
51.1875
51.0
50.8125
50.625
50.4375
50.3125
50.125
49.9375
49.75
49.625
49.4375
49.3125
49.1875
49.0625
48.875
48.6875
48.5625
48.5
48.4375
48.3125
48.25
48.1875
48.125
48.0625
47.875
47.6875
47.4375
47.25
46.9375
46.75
46.5625
46.375
46.25
46.1875
46.1875
46.3125
46.4375
46.6875
46.9375
47.25
47.625
48.0
48.3125
48.4375
48.5
48.5625
48.4375
48.3125
48.0625
47.8125
47.5
47.25
47.0625
46.875
46.6875
46.625
46.5
46.375
46.3125
46.25
46.125
46.0
45.875
45.75
45.625
45.4375
45.25
45.0625
45.0
44.875
44.75
44.6875
44.625
44.5
44.5
44.375
44.25
44.1875
44.125
44.0
43.9375
43.875
43.75
43.625
43.5625
43.4375
43.3125
43.25
43.25
43.125
43.0
42.875
42.875
42.8125
42.8125
42.8125
42.8125
42.8125
42.75
42.6875
42.4375
42.6875
45.9375
55.9375
69.625
83.1875
97.25
108.5625
114.5625
116.4375
116.5
115.8125
114.75
113.0
110.5
107.375
103.9375
100.375
96.875
93.75
91.1875
89.0
87.125
85.625
84.125
82.625
81.25
80.1875
79.375
78.75
78.3125
77.875
77.3125
76.6875
75.875
74.9375
74.0625
73.125
72.1875
71.3125
70.5
69.75
69.0
68.375
67.8125
67.1875
66.6875
66.1875
65.6875
65.1875
64.6875
64.3125
63.8125
63.375
63.0
62.5625
62.125
61.75
61.375
61.0
60.5625
60.1875
59.8125
59.4375
59.0625
58.6875
58.375
58.0625
57.6875
57.375
57.0
56.5625
56.1875
55.875
55.5
55.125
54.8125
54.4375
54.0
53.6875
53.3125
53.0625
52.75
52.4375
52.1875
51.9375
51.75
51.5
51.25
51.0
50.8125
50.625
50.375
50.1875
49.9375
49.75
49.5625
49.3125
49.125
49.0
48.875
48.8125
48.75
48.625
48.5
48.3125
48.125
47.875
47.625
47.375
47.0
46.75
46.5625
46.3125
46.3125
47.6875
53.25
63.125
74.5625
86.6875
97.9375
105.4375
109.0625
110.1875
110.4375
110.875
111.25
111.375
111.0
110.375
109.4375
108.375
107.125
105.8125
104.25
102.4375
100.375
97.875
94.9375
91.75
88.625
85.9375
84.0625
82.9375
82.4375
82.1875
82.0
81.5625
81.0
80.3125
79.375
78.375
77.4375
76.4375
75.4375
74.5625
73.6875
72.9375
72.3125
71.625
71.0
70.375
69.75
69.1875
68.6875
68.1875
67.8125
67.375
67.125
66.75
66.3125
65.9375
65.4375
64.875
64.25
63.6875
63.0
62.5
61.9375
61.375
60.9375
60.875
61.9375
66.375
75.1875
86.75
99.375
110.5625
117.75
120.875
121.8125
122.125
122.375
122.5
122.4375
122.25
121.9375
121.6875
121.5
121.125
120.5
119.625
118.3125
116.625
114.375
111.5625
108.125
104.0
99.3125
95.0
91.5625
89.1875
87.6875
86.75
86.0625
85.4375
84.75
83.8125
82.6875
81.5
80.4375
79.4375
78.4375
77.5625
76.75
75.875
75.125
74.4375
73.625
72.9375
72.1875
71.5
70.875
70.1875
69.5
68.75
68.1875
67.5625
67.0
66.5
66.0625
65.5625
65.0625
64.5625
64.125
63.6875
63.3125
62.9375
62.4375
62.0625
61.6875
61.375
61.0
60.625
60.25
60.0
59.625
59.3125
58.9375
58.6875
58.375
58.0625
57.75
57.4375
57.1875
56.875
56.625
56.3125
56.0625
55.8125
55.5625
55.3125
55.0625
54.8125
54.5625
54.3125
54.0625
53.8125
53.625
53.5
53.375
53.25
53.125
52.9375
52.8125
52.5625
52.1875
51.75
51.375
50.875
50.4375
49.9375
49.5625
49.1875
49.1875
51.375
59.6875
73.0625
87.75
103.25
115.9375
122.75
125.0
125.5
125.75
125.75
125.4375
124.625
123.5
122.25
121.0
119.5
117.625
115.3125
112.625
109.5625
106.375
103.0625
99.625
96.1875
93.0
90.4375
88.625
87.375
86.5
85.75
84.9375
84.125
83.1875
82.125
81.0
79.875
78.8125
77.875
77.0
76.125
75.3125
74.5625
73.875
73.1875
72.5
71.8125
71.1875
70.5
69.875
69.25
68.6875
68.125
67.625
67.1875
66.6875
66.1875
65.8125
65.5625
65.25
65.0625
64.9375
64.8125
64.6875
64.5625
64.3125
64.0
63.625
63.1875
62.75
62.3125
61.8125
61.3125
60.9375
60.625
60.1875
59.8125
59.5625
59.375
59.1875
59.0
58.8125
58.6875
58.5
58.4375
58.125
57.8125
57.375
56.9375
56.4375
55.9375
55.4375
55.0
54.6875
54.6875
57.0625
64.375
76.0625
89.5
103.375
114.375
120.1875
122.25
122.8125
123.125
123.3125
123.3125
123.0
122.5625
122.0625
121.5
120.75
119.75
118.5
116.875
114.8125
112.3125
109.375
105.875
101.875
97.8125
94.125
91.25
89.375
88.0625
87.1875
86.5
85.875
84.9375
83.9375
82.875
81.6875
80.5
79.5
78.5625
77.5625
76.75
75.9375
75.125
74.375
73.625
72.875
72.125
71.4375
70.75
70.1875
69.5625
68.9375
68.3125
67.8125
67.25
66.75
66.1875
65.75
65.25
64.75
64.3125
63.875
63.4375
63.0
62.6875
62.25
61.875
61.5
61.1875
60.8125
60.375
60.0625
59.8125
59.5
59.0625
58.75
58.4375
58.1875
57.875
57.6875
57.5
57.375
57.3125
57.1875
57.0625
56.9375
56.6875
56.375
55.9375
55.5
55.0
54.4375
53.875
53.4375
53.375
55.1875
61.875
73.5
87.125
101.625
113.625
120.4375
123.125
123.9375
124.3125
124.625
124.625
124.25
123.6875
123.125
122.4375
121.625
120.5
119.0
117.25
115.0625
112.375
109.25
105.625
101.5625
97.3125
93.625
90.75
88.8125
87.5625
86.6875
85.9375
85.125
84.25
83.375
82.25
81.125
80.125
79.1875
78.1875
77.25
76.4375
75.625
74.875
74.1875
73.4375
72.625
71.875
71.25
70.5
69.8125
69.125
68.4375
67.8125
67.25
66.625
66.0625
65.5625
65.0625
64.625
64.1875
63.8125
63.375
63.0
62.6875
62.375
62.0625
61.75
61.5
61.3125
61.0625
61.0
60.9375
60.9375
60.875
60.75
60.6875
60.5
60.375
60.125
60.0
59.875
59.5625
59.375
59.0625
58.6875
58.25
57.9375
57.5
57.0
56.5
56.125
55.625
55.25
55.375
58.0625
66.0625
78.375
92.375
106.625
117.4375
122.8125
124.4375
124.75
124.9375
124.9375
124.6875
124.1875
123.5
122.8125
122.0625
121.1875
119.9375
118.4375
116.5
114.25
111.5
108.3125
104.5625
100.4375
96.4375
93.0625
90.625
89.0
87.9375
87.125
86.5
85.625
84.6875
83.625
82.4375
81.25
80.125
79.0625
78.0625
77.125
76.375
75.5
74.6875
74.0
73.25
72.5
71.75
71.125
70.4375
69.8125
69.1875
68.5625
67.9375
67.4375
66.9375
66.375
65.8125
65.3125
64.875
64.375
63.875
63.4375
63.0625
62.625
62.3125
61.875
61.4375
61.125
60.8125
60.5
60.0625
59.75
59.375
59.0625
58.8125
58.5625
58.4375
58.375
58.1875
58.0625
58.0
57.75
57.375
56.9375
56.5
56.0
55.5
54.9375
54.5625
54.5625
56.6875
64.0
75.9375
89.75
104.125
115.75
122.0625
124.375
124.9375
125.1875
125.25
124.9375
124.375
123.75
123.125
122.375
121.5625
120.5
119.1875
117.375
115.25
112.5
109.3125
105.5
101.25
96.875
93.125
90.3125
88.375
87.1875
86.25
85.5625
84.8125
83.9375
82.9375
81.8125
80.75
79.6875
78.625
77.625
76.75
75.9375
75.125
74.3125
73.5625
72.75
72.0625
71.3125
70.5625
69.8125
69.125
68.5
67.875
67.25
66.625
66.0625
65.5
64.9375
64.4375
64.0
63.5625
63.125
62.75
62.3125
61.875
61.4375
61.0625
60.6875
60.375
60.0
59.6875
59.375
59.0625
58.6875
58.375
58.125
57.8125
57.5
57.25
57.0625
56.9375
56.9375
56.9375
56.9375
56.9375
57.0
57.0
57.0
57.0
56.9375
56.8125
56.5
56.1875
55.75
55.6875
57.625
64.75
76.6875
90.6875
105.1875
116.6875
122.625
124.4375
124.625
124.5625
124.4375
123.9375
123.3125
122.4375
121.625
120.75
119.625
118.1875
116.4375
114.1875
111.625
108.625
105.25
101.5
97.625
94.0625
91.0625
89.0
87.8125
86.9375
86.1875
85.375
84.5625
83.625
82.5
81.3125
80.1875
79.0625
78.0625
77.125
76.25
75.375
74.5625
73.875
73.125
72.4375
71.75
71.25
70.75
70.3125
69.875
69.4375
68.9375
68.375
67.75
67.0625
66.3125
65.5
64.8125
64.0625
63.4375
62.8125
62.5625
63.1875
66.75
75.25
87.4375
101.3125
114.3125
123.0625
126.875
127.9375
128.0
127.9375
127.625
127.1875
126.5625
126.0625
125.625
125.25
124.8125
124.0
122.875
121.3125
119.25
116.5625
113.25
109.0
104.0625
99.125
94.8125
91.75
89.6875
88.4375
87.5625
86.9375
86.1875
85.3125
84.125
82.9375
81.75
80.5625
79.5
78.5
77.625
76.75
75.875
75.125
74.375
73.5
72.75
71.9375
71.25
70.5
69.8125
69.1875
68.4375
67.8125
67.0625
66.4375
65.8125
65.3125
64.75
64.25
63.6875
63.25
62.625
62.125
61.625
61.125
60.75
60.3125
59.875
59.5
59.1875
58.8125
58.4375
58.0625
57.75
57.375
57.0
56.75
56.4375
56.0625
55.8125
55.5
55.1875
54.9375
54.6875
54.4375
54.125
53.9375
53.6875
53.375
53.125
52.9375
52.6875
52.5
52.25
52.0
51.75
51.625
51.5
51.3125
51.25
51.125
51.0625
50.9375
50.6875
50.5
50.25
49.9375
49.625
49.375
49.125
48.875
48.5625
48.625
51.375
61.25
76.5625
92.8125
109.4375
121.9375
127.625
128.8125
128.6875
128.625
128.0625
126.8125
125.0625
123.125
121.1875
119.3125
117.1875
114.625
111.625
108.5
105.25
102.0625
98.875
95.8125
92.9375
90.5625
88.875
87.625
86.75
85.9375
85.1875
84.25
83.1875
82.125
81.0625
79.9375
78.8125
77.75
76.75
75.75
74.8125
74.0
73.125
72.375
71.6875
71.0
70.3125
69.75
69.125
68.5625
68.0625
67.5625
67.0
66.5
66.125
65.75
65.375
65.0625
64.8125
64.4375
64.0625
63.6875
63.125
62.5625
61.875
61.3125
60.8125
60.1875
59.625
59.3125
59.6875
62.8125
70.875
82.8125
96.4375
109.75
119.1875
123.625
124.875
125.0625
125.125
124.9375
124.5
123.8125
123.25
122.6875
122.1875
121.625
120.8125
119.625
118.0625
116.0
113.375
110.1875
106.1875
101.5625
96.8125
92.875
90.0
88.125
86.875
86.0625
85.5
84.75
83.875
82.8125
81.6875
80.5
79.4375
78.4375
77.5
76.5625
75.75
74.9375
74.1875
73.375
72.5625
71.8125
71.125
70.4375
69.6875
69.0
68.375
67.6875
67.0625
66.5625
66.0
65.5
65.0
64.5
64.0625
63.5625
63.125
62.6875
62.3125
61.9375
61.5625
61.1875
60.75
60.4375
60.0
59.6875
59.375
59.0625
58.6875
58.375
58.0625
57.75
57.4375
57.125
56.8125
56.5
56.1875
55.9375
55.75
55.4375
55.1875
54.9375
54.6875
54.375
54.1875
53.9375
53.625
53.4375
53.125
52.8125
52.5
52.3125
51.9375
51.625
51.3125
51.0625
50.9375
50.75
50.6875
50.5625
50.4375
50.25
50.0625
49.75
49.5
49.125
48.8125
48.5
48.25
47.9375
47.6875
48.0625
52.1875
63.375
78.125
93.625
109.1875
120.0625
124.75
125.75
125.6875
125.5
124.9375
123.875
122.4375
120.8125
119.0
116.8125
114.25
111.3125
108.1875
104.9375
101.6875
98.5
95.4375
92.4375
89.6875
87.625
86.1875
85.3125
84.5625
83.875
83.125
82.25
81.25
80.25
79.125
78.0625
77.0625
76.125
75.3125
74.5625
73.8125
73.125
72.5
71.8125
71.1875
70.625
70.0
69.4375
68.9375
68.5
68.0625
67.6875
67.4375
67.0625
66.6875
66.375
66.0625
65.625
65.125
64.6875
64.25
63.75
63.375
62.875
62.375
62.0
61.6875
61.25
60.9375
60.625
60.25
59.875
59.5625
59.25
58.9375
58.625
58.375
58.1875
58.0
57.875
57.8125
57.6875
57.375
57.0
56.625
56.1875
55.6875
55.1875
54.6875
54.25
54.0
54.5
58.25
67.3125
79.8125
93.5625
106.9375
116.25
120.5625
121.875
122.0625
122.125
122.1875
121.9375
121.375
120.75
120.0625
119.1875
118.3125
117.1875
115.625
113.625
111.125
108.1875
104.75
100.8125
96.6875
92.875
89.9375
88.0
86.875
86.0625
85.4375
84.8125
84.0625
83.125
82.0625
80.9375
79.8125
78.8125
77.8125
76.875
75.9375
75.1875
74.5
73.6875
72.875
72.125
71.4375
70.8125
70.125
69.4375
68.8125
68.1875
67.625
67.0
66.5
65.9375
65.4375
64.9375
64.5
64.0
63.5625
63.0625
62.625
62.25
61.8125
61.5
61.1875
60.75
60.4375
60.0625
59.75
59.375
59.0625
58.75
58.375
58.0625
57.75
57.375
57.125
56.8125
56.5625
56.3125
56.0625
55.75
55.4375
55.1875
54.875
54.625
54.4375
54.25
54.0625
53.8125
53.5625
53.375
53.0625
52.5625
52.125
51.75
51.375
50.875
50.5
50.125
49.875
50.375
54.8125
65.125
78.4375
92.9375
107.0
116.6875
121.125
122.3125
122.5
122.6875
122.6875
122.3125
121.5
120.5625
119.5
118.3125
116.8125
115.0
112.8125
110.25
107.375
104.125
100.5625
96.6875
93.0
89.8125
87.625
86.1875
85.375
84.625
84.0625
83.375
82.4375
81.5
80.4375
79.3125
78.25
77.375
76.4375
75.5625
74.75
74.0
73.1875
72.4375
71.75
71.0
70.3125
69.6875
69.0
68.375
67.8125
67.25
66.6875
66.25
65.75
65.375
65.125
64.875
64.6875
64.5625
64.375
64.25
64.125
63.8125
63.4375
63.0625
62.6875
62.1875
61.6875
61.1875
60.75
60.25
59.875
59.5625
59.3125
59.0625
58.9375
58.8125
58.625
58.5
58.375
58.125
57.75
57.375
56.9375
56.4375
55.8125
55.3125
54.875
54.5
54.3125
55.75
61.6875
72.5625
85.9375
99.9375
112.0
118.9375
121.625
122.1875
122.375
122.5
122.4375
122.125
121.5
120.8125
120.0625
119.375
118.4375
117.1875
115.5
113.3125
110.625
107.4375
103.75
99.6875
95.625
92.0625
89.625
88.0625
86.9375
86.125
85.5625
84.75
83.875
82.9375
81.8125
80.5625
79.5625
78.5625
77.5625
76.6875
75.9375
75.0625
74.25
73.5
72.6875
72.0
71.3125
70.625
70.0
69.375
68.75
68.125
67.5625
66.9375
66.4375
66.0
65.4375
64.875
64.4375
64.0625
63.5625
63.1875
62.75
62.375
61.9375
61.5
61.1875
60.8125
60.4375
60.125
59.8125
59.4375
59.0625
58.8125
58.4375
58.0625
57.8125
57.5625
57.1875
56.9375
56.6875
56.375
56.0625
55.8125
55.625
55.375
55.3125
55.25
55.1875
55.0625
54.9375
54.8125
54.5625
54.25
53.875
53.5
53.0625
52.625
52.125
51.6875
51.4375
52.6875
58.5625
69.75
83.25
97.625
110.5
118.375
121.6875
122.5
122.8125
123.0
123.0
122.5625
121.875
121.0625
120.125
119.0
117.6875
116.0
113.75
111.1875
108.25
104.875
101.125
97.1875
93.5625
90.4375
88.3125
87.0
86.0
85.25
84.625
83.875
83.0
81.9375
80.875
79.75
78.6875
77.8125
76.875
75.9375
75.1875
74.4375
73.75
73.0
72.25
71.5625
70.8125
70.0625
69.375
68.6875
68.0625
67.4375
66.8125
66.1875
65.6875
65.125
64.625
64.1875
63.75
63.375
62.9375
62.5625
62.1875
61.875
61.5625
61.3125
61.0625
60.8125
60.5
60.375
60.25
60.1875
60.125
60.125
60.0
60.0
59.875
59.6875
59.5
59.375
59.1875
59.0
58.75
58.4375
58.1875
57.875
57.5
57.0625
56.5625
56.125
55.625
55.125
54.6875
54.5
55.4375
60.4375
70.75
83.8125
97.9375
110.75
118.875
122.125
123.0
123.125
123.4375
123.4375
123.1875
122.625
121.9375
121.1875
120.375
119.3125
117.875
116.125
113.9375
111.375
108.25
104.6875
100.625
96.625
93.25
90.8125
89.25
88.125
87.3125
86.5625
85.8125
84.875
83.8125
82.6875
81.5625
80.4375
79.4375
78.5
77.5
76.6875
75.875
75.125
74.375
73.625
72.875
72.1875
71.5
70.8125
70.125
69.5
68.875
68.3125
67.8125
67.25
66.6875
66.1875
65.75
65.25
64.8125
64.3125
63.875
63.4375
63.0625
62.6875
62.25
61.875
61.5
61.1875
60.75
60.4375
60.125
59.8125
59.4375
59.0625
58.75
58.5
58.1875
57.875
57.625
57.375
57.125
56.875
56.875
56.75
56.625
56.5625
56.4375
56.25
55.9375
55.5625
55.1875
54.6875
54.1875
53.8125
53.3125
53.0
53.8125
58.3125
68.3125
81.4375
95.8125
109.375
118.4375
122.625
123.875
124.375
124.75
124.75
124.5
123.875
123.375
122.6875
121.8125
120.8125
119.5
117.8125
115.5625
112.75
109.5
105.8125
101.75
97.5625
93.75
91.0
89.1875
88.0
87.1875
86.4375
85.75
84.8125
83.75
82.625
81.5
80.375
79.375
78.4375
77.5
76.5625
75.8125
75.0
74.25
73.5
72.75
72.0
71.25
70.625
69.9375
69.25
68.625
68.0625
67.375
66.875
66.3125
65.6875
65.25
64.75
64.3125
63.8125
63.4375
63.0
62.625
62.1875
61.8125
61.375
61.0625
60.6875
60.25
59.9375
59.625
59.3125
58.9375
58.625
58.3125
58.0625
57.75
57.5
57.1875
56.9375
56.6875
56.4375
56.3125
56.125
56.0625
56.0625
56.25
56.4375
56.75
57.0
57.3125
57.4375
57.4375
57.3125
56.9375
56.625
56.1875
55.5625
54.9375
54.4375
53.9375
53.6875
54.6875
59.9375
70.5625
83.875
98.3125
111.1875
119.1875
122.3125
123.0625
123.3125
123.5
123.5
123.125
122.5625
121.8125
120.9375
119.875
118.625
117.0625
115.0625
112.6875
109.8125
106.5
102.9375
99.0
95.25
92.3125
90.25
88.9375
88.0625
87.4375
86.75
85.9375
84.9375
83.875
82.6875
81.5
80.4375
79.4375
78.5625
77.75
77.0
76.25
75.625
74.9375
74.25
73.625
73.0625
72.4375
71.75
70.9375
70.0625
69.25
68.4375
67.6875
66.9375
66.5
66.3125
67.4375
71.8125
80.6875
92.75
105.875
117.25
124.375
127.5
128.4375
128.5625
128.4375
128.125
127.75
127.375
127.0625
126.8125
126.5625
126.1875
125.5
124.3125
122.6875
120.5
117.5
113.5625
108.8125
103.375
98.4375
94.625
92.125
90.5
89.5
88.8125
88.1875
87.3125
86.25
85.0625
83.8125
82.6875
81.5625
80.5
79.5
78.6875
77.8125
76.9375
76.125
75.3125
74.5
73.6875
72.875
72.0
71.25
70.5
69.75
69.0
68.375
67.75
67.125
66.5625
66.0
65.375
64.8125
64.3125
63.875
63.4375
63.0
62.625
62.25
61.8125
61.4375
61.0625
60.6875
60.25
59.875
59.5
59.1875
58.8125
58.5
58.125
57.875
57.5625
57.25
56.9375
56.6875
56.375
56.0625
55.8125
55.5625
55.3125
55.0625
54.8125
54.625
54.3125
54.125
53.9375
53.6875
53.4375
53.25
53.0625
53.0
52.9375
52.875
52.75
52.5
52.375
52.125
51.8125
51.5
51.1875
50.875
50.625
50.3125
50.125
50.25
53.5625
64.25
80.3125
97.5
114.875
127.125
132.1875
133.375
133.5625
133.625
133.125
131.9375
130.1875
128.375
126.625
124.6875
122.4375
119.875
116.875
113.5625
110.25
106.875
103.5
100.0
96.875
94.375
92.5625
91.375
90.5
89.6875
88.75
87.6875
86.5625
85.375
84.0625
82.875
81.6875
80.625
79.5625
78.625
77.75
76.9375
76.1875
75.4375
74.6875
73.9375
73.25
72.625
72.0
71.3125
70.75
70.125
69.5625
69.0
68.5
68.0625
67.625
67.125
66.625
66.1875
65.6875
65.3125
64.8125
64.375
63.9375
63.5625
63.125
62.75
62.375
62.0
61.6875
61.4375
61.1875
61.0
60.875
60.625
60.5625
60.375
60.1875
59.8125
59.375
58.875
58.375
57.875
57.3125
56.8125
56.5625
57.6875
62.9375
73.6875
87.25
102.0625
115.125
123.1875
126.5
127.5
127.9375
128.3125
128.5
128.3125
127.9375
127.5
127.125
126.625
125.9375
124.9375
123.5625
121.625
119.0625
115.9375
112.0625
107.625
102.8125
98.3125
94.75
92.4375
91.0
90.125
89.375
88.75
87.9375
86.8125
85.6875
84.4375
83.25
82.125
81.0625
80.0625
79.1875
78.3125
77.5
76.625
75.875
75.0625
74.25
73.5625
72.8125
72.0625
71.4375
70.8125
70.1875
69.625
69.0625
68.5
67.9375
67.4375
66.9375
66.375
65.9375
65.4375
64.9375
64.4375
64.0
63.4375
62.9375
62.5
62.0625
61.5625
61.0625
60.6875
60.1875
59.75
59.4375
59.0625
58.6875
58.4375
58.0625
57.75
57.5
57.1875
56.875
56.5625
56.3125
56.0
55.75
55.4375
55.1875
54.875
54.6875
54.375
54.125
53.9375
53.625
53.4375
53.1875
53.0
52.6875
52.4375
52.25
52.0625
51.9375
51.8125
51.6875
51.625
51.5
51.375
51.3125
51.125
51.0
50.6875
50.375
50.0625
49.8125
49.5625
49.375
49.0625
48.9375
50.375
56.9375
69.5625
84.125
99.8125
113.75
121.9375
125.0
125.6875
125.9375
126.1875
126.0
125.1875
124.0
122.75
121.4375
120.0
118.3125
116.3125
113.875
111.0625
108.0625
104.75
101.25
97.8125
94.625
92.1875
90.5625
89.4375
88.5625
87.875
87.0625
86.125
85.0625
83.9375
82.75
81.5625
80.5
79.5
78.5625
77.625
76.75
75.875
75.125
74.3125
73.5625
72.875
72.25
71.5625
71.0
70.5
70.0
69.625
69.3125
68.9375
68.5625
68.25
67.8125
67.1875
66.5625
65.9375
65.25
64.5
63.9375
63.3125
62.75
62.375
62.375
63.9375
69.5
79.5
92.125
105.4375
116.4375
122.8125
125.3125
126.0625
126.3125
126.4375
126.4375
126.25
125.875
125.625
125.375
125.0625
124.5625
123.75
122.625
120.9375
118.8125
115.9375
112.1875
107.5625
102.4375
97.625
93.9375
91.4375
89.9375
89.0625
88.4375
87.8125
87.0
86.0
84.875
83.625
82.375
81.375
80.375
79.375
78.4375
77.625
76.75
76.0
75.25
74.4375
73.6875
72.9375
72.1875
71.5
70.75
70.0625
69.4375
68.875
68.3125
67.75
67.1875
66.75
66.25
65.75
65.25
64.875
64.375
63.9375
63.5
63.1875
62.75
62.4375
62.0625
61.6875
61.3125
60.9375
60.5625
60.1875
59.875
59.625
59.25
58.9375
58.6875
58.375
58.0625
57.8125
57.5625
57.25
56.9375
56.5625
56.25
55.9375
55.5625
55.3125
54.875
54.5625
54.25
53.9375
53.625
53.25
53.0
52.6875
52.4375
52.125
51.9375
51.75
51.5
51.3125
51.25
51.125
51.0
50.9375
50.8125
50.75
50.625
50.4375
50.125
49.875
49.5625
49.3125
49.0625
48.8125
48.5625
48.3125
48.125
49.125
55.125
67.875
83.0625
99.0
113.8125
122.875
126.4375
127.1875
127.4375
127.5
127.0625
126.0625
124.6875
123.3125
121.625
119.625
117.3125
114.5625
111.5
108.3125
105.0
101.6875
98.3125
95.125
92.3125
90.25
88.9375
88.0
87.3125
86.5625
85.8125
84.9375
83.9375
82.9375
81.875
80.875
79.9375
79.1875
78.5625
77.9375
77.25
76.625
75.9375
75.25
74.5625
73.8125
73.0625
72.3125
71.5
70.8125
70.1875
69.625
69.125
68.5625
68.125
67.625
67.125
66.625
66.125
65.75
65.3125
64.875
64.375
63.9375
63.5
63.0625
62.6875
62.3125
62.0
61.6875
61.4375
61.125
60.875
60.75
60.625
60.375
60.25
60.0625
59.75
59.3125
58.875
58.375
57.8125
57.25
56.75
56.3125
55.9375
56.0
58.1875
65.125
76.5
89.8125
103.625
114.8125
120.9375
123.3125
124.0
124.4375
124.8125
124.9375
124.6875
124.25
123.9375
123.5
122.875
122.125
121.0625
119.5625
117.625
115.1875
112.0625
108.4375
104.0625
99.4375
95.25
92.1875
90.1875
89.0
88.25
87.75
87.125
86.1875
85.125
84.0
82.8125
81.6875
80.6875
79.6875
78.75
77.875
77.0625
76.25
75.5
74.75
74.0
73.25
72.5
71.875
71.125
70.5
69.8125
69.25
68.6875
68.125
67.5625
67.0
66.5
66.0
65.5625
65.125
64.625
64.25
63.875
63.4375
63.0
62.625
62.25
61.9375
61.5625
61.1875
60.8125
60.4375
60.125
59.8125
59.375
59.0625
58.8125
58.5
58.25
57.9375
57.625
57.375
57.0625
56.8125
56.5
56.25
56.0
55.75
55.5
55.1875
54.9375
54.75
54.5
54.3125
54.0625
53.9375
53.75
53.5
53.3125
52.9375
52.5
52.125
51.6875
51.1875
50.8125
50.4375
50.125
50.0625
51.8125
58.75
71.0
85.1875
100.4375
113.3125
120.875
123.875
124.625
124.875
125.125
125.0625
124.5625
123.75
122.75
121.625
120.3125
118.8125
116.875
114.625
111.875
108.8125
105.375
101.6875
97.8125
94.25
91.5
89.4375
88.125
87.25
86.5625
85.8125
84.9375
84.0
82.9375
81.75
80.625
79.625
78.6875
77.8125
76.9375
76.25
75.4375
74.6875
73.9375
73.25
72.5
71.75
71.0625
70.4375
69.875
69.25
68.6875
68.1875
67.625
67.125
66.8125
66.4375
66.1875
66.0
65.875
65.6875
65.5
65.375
65.0625
64.6875
64.3125
63.875
63.375
62.875
62.3125
61.8125
61.4375
61.125
60.75
60.375
60.125
59.8125
59.5625
59.375
59.25
59.125
59.0
58.875
58.625
58.25
57.875
57.4375
56.9375
56.4375
55.9375
55.5
55.0625
54.9375
56.4375
62.4375
73.25
86.4375
100.375
112.3125
119.375
122.1875
122.9375
123.3125
123.6875
123.8125
123.5625
123.125
122.625
122.125
121.5625
120.8125
119.625
118.125
116.0625
113.5
110.375
106.8125
102.6875
98.25
94.375
91.5
89.5625
88.375
87.6875
87.125
86.4375
85.5625
84.5625
83.375
82.3125
81.1875
80.125
79.0625
78.125
77.25
76.4375
75.625
74.8125
74.0625
73.3125
72.625
71.875
71.25
70.5
69.9375
69.25
68.6875
68.125
67.5625
67.0625
66.5
66.0625
65.5625
65.125
64.6875
64.25
63.8125
63.4375
63.0
62.5625
62.1875
61.8125
61.4375
61.0625
60.75
60.375
60.0
59.625
59.3125
59.0
58.6875
58.4375
58.125
57.8125
57.625
57.5
57.375
57.3125
57.1875
57.0625
56.875
56.5
56.0
55.5625
55.0
54.3125
53.75
53.1875
52.6875
52.5625
54.5
61.4375
73.375
87.25
101.875
114.0625
121.0625
123.8125
124.4375
124.75
124.9375
124.875
124.5625
124.0
123.3125
122.625
121.75
120.5625
119.0
117.125
114.75
111.875
108.625
104.875
100.6875
96.4375
93.0
90.4375
88.75
87.625
86.8125
86.1875
85.375
84.4375
83.375
82.3125
81.25
80.25
79.375
78.4375
77.5
76.625
75.8125
75.0
74.1875
73.4375
72.625
71.875
71.125
70.4375
69.8125
69.0625
68.5
67.875
67.3125
66.75
66.3125
65.8125
65.375
64.9375
64.6875
64.375
64.0625
63.875
63.75
63.6875
63.5625
63.4375
63.3125
63.125
62.8125
62.5
62.125
61.6875
61.3125
61.0625
60.75
60.5
60.3125
60.125
59.9375
59.625
59.1875
58.8125
58.25
57.6875
57.1875
56.625
56.25
56.6875
60.3125
69.375
82.25
96.625
110.375
119.9375
124.3125
125.5
125.8125
126.0625
126.0625
125.75
125.1875
124.5625
124.0625
123.4375
122.5625
121.5
120.0625
118.1875
115.875
113.0
109.5625
105.5
100.9375
96.625
93.25
90.875
89.375
88.5
87.8125
87.0625
86.25
85.375
84.25
83.0625
81.875
80.75
79.75
78.75
77.8125
77.0
76.1875
75.3125
74.5625
73.8125
73.0625
72.3125
71.5625
70.9375
70.25
69.625
69.0
68.5
67.9375
67.375
66.8125
66.3125
65.8125
65.375
64.9375
64.4375
64.0
63.5625
63.1875
62.8125
62.375
62.0
61.625
61.3125
60.9375
60.625
60.25
59.875
59.5
59.25
58.875
58.5
58.1875
57.9375
57.6875
57.375
57.0625
56.8125
56.625
56.375
56.25
56.125
56.125
56.0
55.875
55.75
55.5
55.125
54.75
54.375
53.875
53.375
53.0
52.6875
52.625
54.5625
61.6875
73.8125
87.8125
102.4375
114.6875
121.5625
124.25
124.8125
125.0
125.0625
124.8125
124.375
123.75
122.9375
122.0625
121.0625
119.75
118.0625
115.9375
113.3125
110.1875
106.6875
102.75
98.625
94.8125
91.75
89.5625
88.125
87.125
86.375
85.75
84.875
83.9375
82.75
81.625
80.5
79.4375
78.375
77.5
76.5625
75.75
75.0
74.25
73.5
72.75
72.0
71.25
70.5625
69.875
69.1875
68.5625
68.0
67.375
66.8125
66.25
65.6875
65.1875
64.6875
64.25
63.75
63.25
62.875
62.5
62.0625
61.75
61.4375
61.125
60.75
60.4375
60.0625
59.75
59.4375
59.0625
58.8125
58.5625
58.3125
58.0625
57.8125
57.6875
57.625
57.625
57.625
57.75
57.8125
58.0625
58.1875
58.25
58.1875
58.125
57.9375
57.5625
57.125
56.5
56.0
55.4375
55.0
54.5
54.0625
53.75
53.875
56.25
63.9375
76.0
89.75
103.9375
115.0
120.75
122.625
122.9375
123.0625
123.1875
123.0
122.4375
121.6875
120.8125
119.8125
118.625
117.1875
115.4375
113.25
110.75
107.75
104.375
100.6875
96.875
93.375
90.75
89.0
87.875
87.125
86.5
85.8125
84.875
83.8125
82.6875
81.5
80.375
79.3125
78.3125
77.375
76.4375
75.625
74.875
74.125
73.375
72.6875
71.9375
71.3125
70.625
70.0
69.3125
68.75
68.1875
67.625
67.125
66.5625
66.125
65.6875
65.25
64.6875
64.25
63.75
63.375
62.9375
62.5
62.0625
61.75
61.375
60.9375
60.625
60.3125
59.9375
59.5625
59.3125
59.0
58.625
58.3125
58.125
57.8125
57.625
57.5625
57.5
57.4375
57.25
57.125
56.8125
56.4375
56.0625
55.5625
55.125
54.625
54.125
53.6875
53.5
54.375
59.1875
69.4375
82.375
96.375
109.5
118.125
122.0
123.1875
123.5625
123.8125
123.8125
123.5
123.0
122.4375
121.75
120.9375
119.9375
118.75
117.125
114.9375
112.3125
109.1875
105.625
101.5625
97.375
93.625
90.75
88.875
87.6875
86.75
86.0625
85.3125
84.3125
83.25
82.125
81.0
79.875
78.8125
77.8125
76.875
76.0625
75.25
74.4375
73.75
73.0
72.1875
71.4375
70.75
70.125
69.375
68.6875
68.0625
67.4375
66.875
66.25
65.75
65.25
64.75
64.25
63.75
63.375
62.9375
62.4375
62.0625
61.6875
61.1875
60.875
60.5625
60.125
59.8125
59.5
59.125
58.75
58.4375
58.125
57.75
57.4375
57.1875
56.9375
56.625
56.375
56.125
55.8125
55.625
55.375
55.125
54.9375
54.875
54.8125
54.8125
54.875
54.9375
54.9375
55.0625
55.1875
55.25
55.1875
55.125
55.0625
54.8125
54.5
54.4375
56.3125
63.125
74.75
88.375
102.75
114.375
120.75
122.875
123.0625
123.0625
123.0
122.75
122.125
121.25
120.3125
119.375
118.125
116.625
114.75
112.5
109.9375
106.9375
103.625
99.9375
96.1875
92.75
90.1875
88.5
87.5
86.8125
86.25
85.5
84.625
83.6875
82.5625
81.4375
80.25
79.25
78.25
77.3125
76.5
75.8125
75.1875
74.625
74.0
73.375
72.75
72.25
71.625
70.8125
70.0625
69.1875
68.3125
67.4375
66.75
66.0625
65.625
65.625
67.375
73.0625
83.1875
96.0
109.1875
119.625
125.4375
127.625
128.0
127.9375
127.6875
127.3125
126.875
126.5
126.25
126.0
125.75
125.25
124.4375
123.125
121.3125
118.9375
115.8125
111.75
106.875
101.625
96.875
93.375
90.9375
89.5625
88.6875
88.125
87.4375
86.5625
85.4375
84.25
83.0
81.8125
80.8125
79.75
78.8125
77.9375
77.125
76.25
75.5
74.6875
73.9375
73.125
72.375
71.625
70.875
70.1875
69.5
68.875
68.3125
67.75
67.1875
66.6875
66.125
65.625
65.1875
64.75
64.3125
63.8125
63.375
62.9375
62.5
62.0
61.5625
61.125
60.6875
60.25
59.8125
59.375
58.9375
58.5625
58.125
57.8125
57.4375
57.125
56.8125
56.5
56.1875
55.875
55.625
55.3125
55.0625
54.8125
54.5
54.25
54.0
53.75
53.625
53.375
53.125
52.875
52.6875
52.4375
52.1875
52.0
51.8125
51.625
51.375
51.125
50.9375
50.8125
50.6875
50.6875
50.5625
50.4375
50.375
50.25
50.0625
49.8125
49.5625
49.375
49.0625
48.75
48.4375
48.1875
48.0
48.875
54.625
67.9375
84.25
101.1875
117.0
126.5625
129.6875
130.0
129.875
129.6875
128.8125
127.4375
125.625
123.625
121.5625
119.0625
116.25
113.1875
110.0
106.875
103.875
101.0625
98.25
95.5
93.0
90.9375
89.5
88.5
87.6875
86.875
85.9375
84.9375
83.8125
82.6875
81.5
80.4375
79.3125
78.3125
77.3125
76.375
75.5625
74.75
74.0
73.25
72.5
71.75
71.1875
70.5
69.9375
69.4375
68.875
68.3125
67.75
67.375
66.875
66.375
65.875
65.4375
65.0625
64.6875
64.375
64.125
63.8125
63.5625
63.25
62.9375
62.5625
62.0625
61.5
60.9375
60.375
59.8125
59.25
58.8125
58.8125
60.5625
66.9375
78.0625
91.5625
105.5625
116.8125
123.0
125.25
125.75
125.9375
126.0625
125.875
125.5
125.0
124.5
124.0625
123.6875
123.0
122.0
120.6875
118.75
116.3125
113.25
109.5
105.0
100.1875
95.8125
92.5625
90.25
88.8125
87.9375
87.25
86.625
85.75
84.6875
83.5625
82.5
81.3125
80.3125
79.3125
78.375
77.4375
76.625
75.75
74.9375
74.1875
73.375
72.625
71.875
71.1875
70.5
69.875
69.25
68.5625
68.0
67.4375
66.875
66.375
65.875
65.375
64.875
64.4375
64.0625
63.625
63.1875
62.8125
62.375
62.0
61.625
61.25
60.9375
60.5625
60.25
59.8125
59.4375
59.125
58.75
58.375
57.9375
57.5625
57.1875
56.8125
56.4375
56.0
55.6875
55.375
55.0625
54.6875
54.4375
54.1875
53.875
53.625
53.375
53.125
53.0
52.875
52.75
52.6875
52.5625
52.375
52.125
51.875
51.5
51.1875
50.875
50.5625
50.3125
50.0
49.6875
49.6875
52.0625
60.6875
74.6875
90.0
106.1875
119.0625
125.4375
127.375
127.75
128.0
128.0
127.4375
126.3125
124.9375
123.5
121.875
120.0
117.875
115.375
112.5
109.3125
105.9375
102.3125
98.625
95.0625
91.875
89.625
88.25
87.3125
86.625
86.0625
85.3125
84.4375
83.5
82.4375
81.375
80.375
79.625
78.8125
78.0625
77.4375
76.8125
76.1875
75.5
74.75
74.0625
73.3125
72.5
71.8125
71.0625
70.4375
69.8125
69.125
68.5625
68.0625
67.5625
67.0625
66.5625
66.125
65.625
65.1875
64.75
64.25
63.875
63.5
63.125
62.625
62.25
61.9375
61.5625
61.1875
60.8125
60.5
60.1875
59.9375
59.75
59.5625
59.375
59.375
59.25
58.9375
58.5625
58.1875
57.75
57.25
56.75
56.25
55.75
55.375
55.5625
58.0625
65.9375
78.125
92.1875
106.3125
117.0625
122.625
124.4375
124.9375
125.25
125.4375
125.375
125.0
124.4375
123.8125
123.1875
122.5625
121.625
120.25
118.5
116.3125
113.5625
110.25
106.4375
102.0
97.6875
94.125
91.5625
89.8125
88.625
87.875
87.1875
86.4375
85.5
84.375
83.125
82.0
80.875
79.8125
78.8125
77.9375
77.0625
76.25
75.4375
74.625
73.9375
73.1875
72.4375
71.6875
71.0625
70.375
69.6875
69.0625
68.5
67.875
67.375
66.875
66.3125
65.875
65.375
64.875
64.375
64.0
63.5625
63.125
62.75
62.375
61.9375
61.5625
61.25
60.875
60.5
60.1875
59.8125
59.4375
59.1875
58.8125
58.5
58.125
57.875
57.5625
57.1875
56.8125
56.4375
56.125
55.75
55.375
55.0625
54.6875
54.4375
54.1875
54.0
53.75
53.625
53.5
53.3125
53.125
52.875
52.5625
52.1875
51.8125
51.375
51.0
50.75
50.375
50.1875
51.0625
56.25
67.5
81.3125
96.3125
110.375
119.4375
123.3125
124.375
124.625
124.9375
124.9375
124.4375
123.5
122.375
121.25
120.0625
118.5625
116.8125
114.5625
111.9375
108.9375
105.5625
101.9375
98.0
94.1875
91.125
89.0
87.5625
86.625
85.9375
85.25
84.4375
83.5
82.4375
81.3125
80.25
79.25
78.3125
77.4375
76.625
75.8125
75.0625
74.3125
73.6875
73.0
72.3125
71.8125
71.25
70.75
70.3125
69.875
69.4375
68.9375
68.5
68.0625
67.5
67.0
66.5625
66.0625
65.5
65.0
64.5
64.0625
63.6875
63.3125
62.8125
62.4375
62.125
61.75
61.3125
60.9375
60.625
60.25
59.9375
59.6875
59.5
59.3125
59.1875
59.0
58.875
58.625
58.25
57.8125
57.3125
56.875
56.375
55.875
55.375
55.1875
55.875
60.25
70.0
82.8125
96.875
110.0
118.75
122.5625
123.625
124.0
124.25
124.25
123.9375
123.375
122.8125
122.3125
121.6875
120.875
119.8125
118.3125
116.375
114.0
111.0625
107.625
103.5625
99.25
95.125
92.0
89.875
88.5625
87.625
86.875
86.1875
85.375
84.375
83.1875
82.0
80.875
79.8125
78.75
77.8125
76.875
76.0625
75.25
74.5
73.75
73.0
72.3125
71.5625
70.9375
70.25
69.6875
69.0
68.375
67.8125
67.25
66.625
66.125
65.625
65.125
64.6875
64.1875
63.75
63.3125
62.9375
62.5625
62.125
61.75
61.375
61.0
60.6875
60.3125
60.0
59.625
59.3125
59.0
58.625
58.3125
58.0
57.6875
57.375
57.125
56.8125
56.5625
56.3125
56.0
55.75
55.4375
55.25
54.9375
54.6875
54.4375
54.25
53.9375
53.75
53.375
53.125
52.875
52.5625
52.25
52.0
51.6875
51.3125
51.0625
50.75
50.5
50.3125
50.125
49.875
49.8125
49.75
49.625
49.5625
49.4375
49.3125
49.0
48.75
48.4375
48.125
47.875
47.625
47.3125
47.0625
47.0625
48.6875
55.6875
67.6875
81.125
95.5
108.4375
116.25
119.5
120.25
120.5625
120.6875
120.4375
119.75
118.6875
117.4375
115.875
114.0625
112.0
109.5625
106.8125
103.875
100.8125
97.625
94.375
91.1875
88.625
86.75
85.4375
84.5625
84.0
83.375
82.75
81.875
80.9375
79.875
78.8125
77.8125
76.875
76.0
75.25
74.5
73.8125
73.1875
72.5625
71.9375
71.375
70.8125
70.3125
69.875
69.4375
69.0
68.625
68.1875
67.6875
67.25
66.8125
66.25
65.75
65.25
64.75
64.25
63.75
63.375
63.0
62.625
62.1875
61.8125
61.4375
61.125
60.75
60.4375
60.1875
59.9375
59.75
59.5625
59.375
59.1875
58.9375
58.625
58.25
57.75
57.25
56.75
56.25
55.75
55.3125
55.0
55.4375
58.8125
66.9375
78.375
91.25
104.125
113.6875
118.625
120.3125
120.75
121.0
121.25
121.25
121.0
120.625
120.125
119.5625
118.9375
118.125
117.0625
115.625
113.75
111.3125
108.1875
104.5
100.25
95.9375
92.25
89.5625
87.9375
86.9375
86.1875
85.5625
84.9375
84.0625
83.0
81.9375
80.875
79.8125
78.8125
77.9375
77.0
76.1875
75.4375
74.6875
73.875
73.1875
72.4375
71.6875
71.0625
70.3125
69.6875
69.0
68.4375
67.8125
67.25
66.75
66.25
65.75
65.25
64.75
64.3125
63.875
63.4375
63.0625
62.625
62.25
61.875
61.5
61.125
60.8125
60.5
60.125
59.75
59.4375
59.125
58.75
58.4375
58.125
57.875
57.5625
57.25
57.0
56.75
56.375
56.125
55.9375
55.6875
55.5
55.3125
55.25
55.1875
55.0625
54.9375
54.625
54.25
53.875
53.375
52.875
52.3125
51.8125
51.3125
50.875
50.9375
53.375
61.4375
73.8125
87.875
102.6875
114.625
121.1875
123.6875
124.375
124.75
125.0
124.875
124.375
123.625
122.875
122.0
121.0
119.6875
118.0
115.875
113.25
110.1875
106.8125
103.0
98.875
95.125
92.25
90.1875
88.6875
87.75
87.0625
86.25
85.375
84.375
83.25
82.125
81.0625
80.0625
79.125
78.1875
77.3125
76.5
75.75
74.9375
74.125
73.375
72.625
71.9375
71.1875
70.5625
69.9375
69.3125
68.6875
68.125
67.5625
67.0625
66.5625
66.125
65.6875
65.3125
65.0
64.625
64.375
64.1875
64.125
63.9375
63.8125
63.6875
63.5625
63.375
63.0625
62.75
62.3125
61.9375
61.5
61.1875
60.875
60.625
60.4375
60.3125
60.1875
59.9375
59.625
59.25
58.8125
58.3125
57.75
57.1875
56.75
56.25
56.25
58.25
65.0625
76.5
90.1875
104.5
116.0625
122.5625
124.875
125.5625
125.8125
126.0625
126.0625
125.875
125.4375
125.0
124.5625
124.0
123.25
122.1875
120.6875
118.6875
116.0625
112.8125
109.0
104.5625
100.0
95.9375
92.9375
91.0
89.8125
89.125
88.5625
87.8125
86.875
85.875
84.75
83.5
82.3125
81.25
80.1875
79.1875
78.375
77.5
76.625
75.8125
75.0625
74.375
73.5625
72.8125
72.1875
71.4375
70.8125
70.1875
69.5625
69.0
68.5
67.9375
67.4375
66.9375
66.5
66.0
65.5625
65.125
64.6875
64.1875
63.75
63.375
63.0
62.5625
62.1875
61.875
61.5
61.1875
60.8125
60.4375
60.125
59.8125
59.4375
59.1875
58.875
58.5625
58.25
58.0
57.6875
57.4375
57.25
57.1875
57.0625
57.0
56.9375
56.8125
56.625
56.3125
55.9375
55.5625
55.125
54.6875
54.25
53.75
53.375
53.375
55.625
63.1875
75.375
89.5
104.3125
116.3125
123.0625
125.75
126.5625
126.9375
127.1875
127.125
126.625
126.0
125.375
124.625
123.8125
122.8125
121.375
119.4375
117.0
113.8125
110.3125
106.3125
102.0
97.8125
94.3125
91.8125
90.125
89.0625
88.3125
87.625
86.6875
85.75
84.625
83.4375
82.1875
81.125
80.0625
79.0625
78.125
77.3125
76.4375
75.625
74.8125
74.0
73.25
72.5
71.8125
71.125
70.5
69.8125
69.125
68.5625
67.9375
67.4375
66.875
66.375
65.875
65.375
64.9375
64.5
64.0625
63.5625
63.0625
62.6875
62.3125
61.875
61.5
61.1875
60.875
60.5
60.25
59.875
59.5
59.1875
59.0
58.625
58.3125
58.0625
57.875
57.625
57.375
57.1875
57.0
57.0
57.0
57.1875
57.4375
57.6875
57.9375
58.0625
58.1875
58.0625
57.75
57.375
56.9375
56.25
55.5625
55.0625
54.5625
54.0625
53.875
54.75
59.3125
69.375
82.5
96.9375
110.3125
119.0625
123.0
124.0625
124.25
124.5
124.5625
124.375
123.9375
123.3125
122.5
121.625
120.5625
119.1875
117.4375
115.1875
112.5
109.3125
105.8125
101.8125
97.75
94.25
91.6875
89.9375
88.9375
88.1875
87.5
86.8125
85.875
84.8125
83.6875
82.4375
81.25
80.1875
79.1875
78.25
77.4375
76.5625
75.75
75.0
74.25
73.5
72.8125
72.25
71.6875
71.25
70.875
70.4375
69.9375
69.5
68.875
68.25
67.5625
66.75
66.0
65.3125
64.625
64.0
63.5
63.1875
63.625
66.625
74.25
85.8125
99.3125
112.4375
121.9375
126.625
128.1875
128.5625
128.6875
128.6875
128.375
128.0625
127.6875
127.4375
127.25
127.0
126.4375
125.5
124.1875
122.25
119.6875
116.375
112.25
107.3125
102.0625
97.5
94.0625
91.8125
90.4375
89.5625
88.875
88.0625
87.1875
86.0625
84.875
83.5625
82.3125
81.3125
80.3125
79.375
78.4375
77.5625
76.6875
75.9375
75.125
74.375
73.625
72.875
72.0625
71.3125
70.625
69.875
69.1875
68.5625
68.0
67.3125
66.75
66.1875
65.5625
65.0625
64.5
64.0
63.4375
63.0
62.5625
62.0625
61.625
61.25
60.875
60.4375
60.125
59.75
59.375
59.0
58.625
58.25
57.9375
57.625
57.25
56.9375
56.6875
56.375
56.0625
55.8125
55.625
55.25
55.0
54.75
54.5
54.1875
53.875
53.6875
53.4375
53.1875
53.0
52.8125
52.625
52.4375
52.25
51.9375
51.75
51.5625
51.4375
51.25
51.0625
50.8125
50.625
50.4375
50.25
50.125
50.0
49.9375
49.875
49.8125
49.6875
49.5625
49.4375
49.25
49.0
48.75
48.5625
48.3125
48.125
48.0
47.875
47.875
47.9375
48.0625
48.3125
48.6875
49.1875
49.5625
49.8125
50.0
50.0625
50.0
49.875
49.75
49.375
49.0
48.75
48.4375
48.1875
48.0
47.875
47.75
47.625
47.625
47.5
47.375
47.3125
47.125
47.0
46.8125
46.625
46.375
46.25
46.0625
45.875
45.75
45.6875
45.5625
45.5
45.5
45.375
45.3125
45.25
45.125
45.0
44.9375
44.8125
44.625
44.5625
44.5
44.375
44.25
44.125
44.0625
43.9375
43.8125
43.75
43.625
43.5625
43.5
43.4375
43.4375
43.4375
43.4375
43.4375
43.375
43.25
43.125
42.9375
42.75
42.625
43.125
47.25
57.875
71.0
84.25
98.0
108.5625
114.0625
115.9375
116.1875
115.75
114.9375
113.4375
111.3125
108.5625
105.4375
102.125
98.8125
95.75
93.0625
90.75
88.6875
86.9375
85.25
83.625
82.125
80.875
80.0
79.3125
78.8125
78.375
77.8125
77.0
76.1875
75.3125
74.375
73.375
72.5
71.5625
70.6875
70.0
69.25
68.625
68.0625
67.5
66.9375
66.4375
65.875
65.375
64.8125
64.375
63.9375
63.4375
63.0
62.625
62.25
61.8125
61.375
61.0
60.5625
60.1875
59.8125
59.4375
59.0
58.625
58.25
57.875
57.4375
57.0
56.625
56.25
55.8125
55.4375
55.0625
54.6875
54.3125
54.0
53.625
53.375
53.0625
52.8125
52.5
52.25
52.0625
51.75
51.5
51.3125
51.0625
50.8125
50.625
50.375
50.125
49.9375
49.75
49.5
49.25
49.125
49.0
48.8125
48.625
48.5625
48.375
48.3125
48.1875
48.0625
47.875
47.6875
47.5625
47.3125
47.0625
46.75
46.5
46.25
46.0
45.75
45.8125
47.4375
53.4375
63.375
74.625
86.625
97.625
105.0
108.5625
109.75
110.1875
110.625
110.9375
110.9375
110.5625
109.875
108.9375
107.875
106.6875
105.3125
103.875
102.0625
99.9375
97.5
94.8125
91.75
88.75
86.25
84.4375
83.3125
82.75
82.3125
81.9375
81.4375
80.625
79.75
78.75
77.6875
76.625
75.625
74.75
73.9375
73.1875
72.4375
71.8125
71.125
70.4375
69.8125
69.25
68.6875
68.25
67.75
67.375
67.0
66.625
66.25
65.8125
65.375
64.875
64.25
63.625
62.875
62.3125
61.75
61.1875
60.625
60.4375
61.0
63.9375
71.125
81.8125
94.125
106.125
115.0
119.625
121.125
121.5
121.75
121.875
121.9375
121.875
121.625
121.3125
121.125
120.75
120.1875
119.4375
118.3125
116.8125
114.8125
112.375
109.25
105.375
100.8125
96.1875
92.375
89.625
87.75
86.625
85.9375
85.25
84.625
83.75
82.6875
81.5
80.375
79.25
78.3125
77.375
76.5625
75.6875
74.9375
74.1875
73.4375
72.625
71.875
71.25
70.5
69.875
69.1875
68.5
67.8125
67.25
66.625
66.125
65.625
65.125
64.625
64.1875
63.8125
63.3125
62.875
62.5
62.0625
61.625
61.25
60.875
60.5
60.1875
59.8125
59.4375
59.1875
58.8125
58.5
58.1875
57.875
57.5
57.25
57.0
56.625
56.375
56.125
55.875
55.5625
55.25
55.0625
54.8125
54.625
54.3125
54.1875
54.0
53.8125
53.6875
53.5
53.25
52.9375
52.5625
52.125
51.6875
51.1875
50.6875
50.25
49.875
49.625
50.25
54.9375
66.0
80.0625
95.25
110.1875
120.3125
124.875
126.1875
126.5625
126.6875
126.5
125.875
124.9375
123.9375
122.8125
121.5
120.0
118.125
115.75
113.125
110.125
107.0
103.5625
99.9375
96.1875
92.875
90.3125
88.5625
87.4375
86.625
85.875
85.0625
84.1875
83.1875
82.0625
80.875
79.8125
78.75
77.75
76.875
76.125
75.375
74.5625
73.875
73.125
72.375
71.625
70.9375
70.3125
69.6875
69.0625
68.4375
67.9375
67.375
66.8125
66.3125
65.9375
65.5625
65.3125
65.0
64.8125
64.6875
64.5625
64.4375
64.3125
64.0625
63.8125
63.4375
63.0
62.5625
62.0625
61.5625
61.0625
60.625
60.375
60.1875
60.0
59.875
59.8125
59.6875
59.5
59.1875
58.75
58.25
57.75
57.1875
56.6875
56.125
55.6875
55.375
56.3125
61.25
71.4375
84.5
98.875
112.0
120.375
123.9375
124.8125
125.0625
125.25
125.25
125.0
124.5625
124.0625
123.5
122.875
122.125
121.0625
119.6875
117.875
115.5
112.5625
109.1875
105.25
101.0
96.625
93.125
90.5625
89.0
88.0
87.3125
86.6875
85.875
85.0
83.875
82.6875
81.5625
80.4375
79.3125
78.3125
77.375
76.5
75.6875
75.0
74.1875
73.4375
72.6875
71.9375
71.25
70.5625
69.9375
69.25
68.6875
68.0625
67.5
66.9375
66.4375
65.875
65.375
64.875
64.4375
64.0
63.5625
63.1875
62.75
62.3125
61.9375
61.5625
61.1875
60.8125
60.5
60.125
59.75
59.4375
59.0625
58.8125
58.5625
58.375
58.1875
58.0
57.9375
57.8125
57.6875
57.5
57.1875
56.75
56.3125
55.875
55.3125
54.8125
54.375
54.125
55.4375
61.5
72.75
86.375
101.1875
114.3125
122.1875
125.3125
126.1875
126.4375
126.625
126.5625
126.3125
125.75
125.125
124.4375
123.75
122.8125
121.5
119.75
117.5
114.8125
111.5
107.75
103.625
99.1875
94.9375
91.6875
89.4375
88.0
87.125
86.4375
85.75
84.9375
84.0
82.875
81.75
80.625
79.625
78.6875
77.75
76.875
76.0
75.1875
74.375
73.5
72.75
72.0625
71.25
70.5625
69.8125
69.1875
68.5
67.875
67.25
66.625
66.0625
65.5625
65.125
64.5625
64.125
63.6875
63.3125
62.9375
62.5625
62.1875
61.875
61.5
61.125
60.875
60.625
60.4375
60.25
60.125
60.0
59.9375
59.875
60.0
60.0625
60.125
60.125
60.0
59.875
59.5625
59.125
58.5625
57.9375
57.3125
56.75
56.1875
55.6875
55.375
56.625
62.1875
73.1875
86.9375
101.875
115.0
122.8125
125.8125
126.375
126.375
126.3125
126.125
125.5625
125.0
124.375
123.6875
122.9375
121.875
120.5
118.75
116.625
113.875
110.6875
107.0
102.8125
98.4375
94.5
91.5625
89.4375
88.1875
87.4375
86.8125
86.0625
85.1875
84.125
82.9375
81.6875
80.5625
79.4375
78.4375
77.4375
76.5
75.6875
74.875
74.0625
73.3125
72.5625
71.875
71.1875
70.5
69.75
69.0625
68.4375
67.8125
67.25
66.75
66.1875
65.6875
65.1875
64.6875
64.25
63.75
63.25
62.875
62.5
62.0625
61.625
61.3125
60.9375
60.5
60.125
59.75
59.4375
59.0625
58.75
58.4375
58.125
57.8125
57.5625
57.375
57.125
57.0625
57.0
56.9375
56.75
56.5625
56.25
55.875
55.4375
55.0
54.5625
54.0625
53.5
53.125
53.6875
57.4375
67.0
80.0
94.5
108.8125
118.9375
123.6875
125.3125
125.6875
125.8125
125.8125
125.4375
124.75
123.875
123.125
122.25
121.125
119.8125
118.1875
116.0625
113.4375
110.375
106.875
102.9375
98.75
94.8125
91.625
89.3125
87.875
86.9375
86.0625
85.3125
84.375
83.3125
82.1875
81.0
79.8125
78.6875
77.6875
76.6875
75.8125
75.0
74.25
73.4375
72.625
71.875
71.125
70.3125
69.5625
68.9375
68.1875
67.5625
66.9375
66.375
65.75
65.1875
64.6875
64.1875
63.6875
63.1875
62.75
62.25
61.8125
61.375
61.0
60.5
60.125
59.6875
59.3125
58.9375
58.625
58.25
57.9375
57.5625
57.1875
56.875
56.5625
56.3125
55.9375
55.625
55.375
55.125
54.8125
54.5625
54.3125
54.0625
53.8125
53.5625
53.4375
53.25
53.1875
53.0625
52.875
52.75
52.5
52.1875
51.9375
51.625
51.375
51.125
51.0
50.9375
50.875
51.375
53.8125
61.5625
74.3125
88.8125
103.6875
115.4375
121.4375
122.9375
122.6875
122.1875
121.8125
121.3125
120.4375
119.375
118.25
117.125
115.75
114.0625
112.0
109.5
106.75
103.6875
100.3125
96.8125
93.3125
90.25
87.9375
86.375
85.3125
84.625
84.0625
83.375
82.5
81.4375
80.4375
79.3125
78.1875
77.1875
76.1875
75.3125
74.4375
73.625
72.9375
72.3125
71.6875
71.1875
70.6875
70.25
69.75
69.25
68.5625
67.9375
67.125
66.25
65.5
64.75
64.0
63.25
62.8125
62.625
63.6875
68.1875
77.3125
89.4375
102.8125
114.5
121.8125
124.875
125.5
125.5
125.25
125.0
124.625
124.125
123.625
123.25
122.875
122.3125
121.5625
120.375
118.75
116.625
113.875
110.3125
106.0625
101.1875
96.375
92.375
89.5625
87.75
86.5
85.8125
85.25
84.5625
83.5625
82.5
81.375
80.1875
79.0625
78.0625
77.125
76.1875
75.3125
74.5
73.75
73.0
72.1875
71.375
70.6875
69.9375
69.25
68.5
67.875
67.1875
66.625
66.0625
65.4375
64.9375
64.4375
63.9375
63.4375
63.0
62.5625
62.0625
61.6875
61.3125
60.875
60.5625
60.1875
59.8125
59.375
59.0625
58.6875
58.3125
58.0
57.6875
57.3125
56.9375
56.5625
56.1875
55.75
55.4375
55.0625
54.6875
54.375
54.0
53.625
53.3125
53.0625
52.8125
52.5
52.25
52.0
51.75
51.5
51.3125
51.0
50.75
50.625
50.375
50.125
50.0625
50.0
49.8125
49.75
49.625
49.5
49.3125
49.0
48.8125
48.5
48.25
47.9375
47.625
47.375
47.125
47.0
48.8125
57.0
71.25
86.5
102.9375
117.125
124.8125
127.25
127.5625
127.4375
126.8125
125.75
124.25
122.375
120.25
118.0625
115.625
112.8125
109.75
106.5625
103.375
100.1875
97.0
93.875
90.9375
88.4375
86.625
85.5625
84.75
84.25
83.75
83.125
82.375
81.5625
80.625
79.625
78.625
77.625
76.6875
75.75
74.875
74.0
73.1875
72.375
71.625
70.8125
70.0625
69.4375
68.8125
68.25
67.6875
67.125
66.625
66.0625
65.5625
65.125
64.625
64.125
63.625
63.1875
62.6875
62.25
61.8125
61.375
61.0
60.625
60.25
59.875
59.5625
59.375
59.1875
58.9375
58.6875
58.625
58.5
58.25
57.9375
57.5625
57.0
56.5625
56.0
55.5
55.0
54.5625
54.1875
54.875
59.0625
68.5
81.0
94.9375
108.1875
117.25
121.375
122.625
122.9375
123.0
123.0
122.75
122.1875
121.5625
120.8125
120.0625
119.1875
118.125
116.6875
114.9375
112.6875
109.8125
106.375
102.3125
97.875
93.6875
90.375
88.0625
86.5
85.625
84.9375
84.3125
83.5625
82.625
81.5
80.375
79.25
78.125
77.125
76.1875
75.3125
74.5625
73.8125
73.0
72.25
71.4375
70.75
70.0625
69.375
68.6875
68.0625
67.375
66.75
66.1875
65.625
65.0625
64.5625
64.0625
63.625
63.125
62.6875
62.25
61.875
61.5
61.0625
60.6875
60.25
59.875
59.4375
59.0625
58.75
58.4375
58.0625
57.75
57.375
57.0625
56.6875
56.375
56.0
55.625
55.1875
54.875
54.5
54.125
53.8125
53.5
53.1875
52.8125
52.5
52.1875
51.9375
51.6875
51.4375
51.25
51.0
50.75
50.5625
50.375
50.125
49.875
49.625
49.4375
49.25
49.0
48.875
48.625
48.5
48.3125
48.125
48.0
47.9375
47.875
47.75
47.625
47.5625
47.4375
47.25
47.0
46.75
46.5625
46.25
46.0
45.75
45.5625
45.25
45.3125
47.375
55.25
68.0
81.75
96.4375
109.1875
116.625
119.4375
120.0625
120.0625
119.9375
119.3125
118.125
116.625
114.875
112.875
110.625
108.125
105.375
102.5625
99.6875
96.9375
94.1875
91.4375
88.9375
87.0
85.5
84.4375
83.6875
83.0625
82.5
81.6875
80.8125
79.75
78.6875
77.625
76.5
75.4375
74.5
73.625
72.8125
72.0625
71.3125
70.625
69.9375
69.25
68.625
68.0625
67.4375
66.8125
66.25
65.6875
65.125
64.625
64.125
63.6875
63.25
62.8125
62.375
61.9375
61.5
61.125
60.6875
60.25
59.9375
59.6875
59.4375
59.25
59.0
58.9375
58.6875
58.4375
58.0625
57.6875
57.1875
56.6875
56.0625
55.5625
55.0625
54.625
54.5625
56.3125
62.1875
72.3125
84.5
97.5
108.5625
115.375
118.3125
119.125
119.375
119.5625
119.625
119.375
118.9375
118.4375
117.8125
117.25
116.5625
115.625
114.3125
112.625
110.375
107.5625
104.125
100.0625
95.75
91.75
88.5625
86.375
85.0625
84.25
83.625
83.0625
82.3125
81.375
80.375
79.25
78.125
77.0625
76.0625
75.25
74.3125
73.5625
72.875
72.125
71.375
70.75
70.0625
69.3125
68.625
68.0
67.375
66.6875
66.125
65.5
65.0
64.5
63.9375
63.5
63.0
62.5625
62.0625
61.6875
61.25
60.875
60.5
60.125
59.75
59.375
59.0
58.625
58.25
57.9375
57.625
57.25
56.9375
56.5625
56.3125
55.9375
55.625
55.25
54.875
54.5
54.125
53.75
53.4375
53.125
52.75
52.5
52.1875
51.875
51.5625
51.375
51.125
50.9375
50.75
50.5
50.1875
50.0
49.8125
49.5625
49.375
49.25
49.1875
49.0
48.9375
48.8125
48.6875
48.5
48.25
48.0
47.6875
47.5
47.25
46.9375
46.6875
46.4375
46.3125
47.3125
52.8125
64.125
77.5625
92.0
105.875
115.0
119.125
120.25
120.5
120.625
120.375
119.625
118.5625
117.1875
115.625
113.75
111.625
109.1875
106.5
103.625
100.6875
97.6875
94.5625
91.4375
88.625
86.5
85.0625
84.125
83.625
83.0625
82.5
81.875
81.1875
80.25
79.3125
78.375
77.5
76.5625
75.6875
74.875
74.0
73.125
72.375
71.5625
70.75
70.0625
69.4375
68.875
68.3125
67.8125
67.1875
66.625
66.125
65.625
65.0625
64.625
64.125
63.625
63.1875
62.6875
62.25
61.75
61.4375
61.0625
60.6875
60.375
60.125
59.875
59.6875
59.5625
59.375
59.125
58.9375
58.625
58.25
57.75
57.25
56.75
56.1875
55.6875
55.25
54.8125
55.0
57.4375
64.5625
75.625
88.5
101.6875
112.1875
118.0
120.25
120.875
121.1875
121.4375
121.5
121.25
120.8125
120.375
119.9375
119.375
118.625
117.625
116.1875
114.375
112.0625
109.1875
105.6875
101.5
97.0625
93.0625
90.0625
87.9375
86.625
85.75
85.0625
84.4375
83.625
82.6875
81.5625
80.4375
79.375
78.375
77.375
76.5
75.6875
74.875
74.0625
73.25
72.5
71.75
71.0625
70.375
69.6875
68.9375
68.3125
67.6875
67.0
66.5
66.0
65.4375
64.9375
64.4375
63.9375
63.5
63.0625
62.6875
62.25
61.8125
61.4375
61.0625
60.625
60.3125
59.9375
59.5
59.125
58.8125
58.5
58.125
57.875
57.5625
57.25
56.9375
56.625
56.375
56.0625
55.75
55.4375
55.125
54.75
54.4375
54.125
53.875
53.625
53.4375
53.1875
53.0
52.8125
52.5625
52.25
51.875
51.5625
51.1875
50.8125
50.4375
50.0625
49.75
49.5
50.125
54.8125
65.3125
78.625
93.25
107.75
117.75
122.375
123.75
124.125
124.375
124.375
123.9375
123.0625
122.125
121.0625
119.9375
118.5625
116.9375
114.9375
112.4375
109.5
106.25
102.625
98.6875
94.8125
91.5
89.0
87.3125
86.3125
85.5625
84.8125
84.125
83.1875
82.125
81.0
79.875
78.8125
77.875
76.9375
76.125
75.3125
74.5625
73.8125
73.0625
72.375
71.5625
70.875
70.1875
69.5625
68.9375
68.4375
67.9375
67.375
66.875
66.5625
66.25
66.0
65.75
65.4375
65.1875
64.875
64.5625
64.1875
63.6875
63.3125
62.8125
62.25
61.6875
61.3125
60.9375
60.625
60.3125
60.125
59.875
59.75
59.625
59.375
59.25
59.0
58.5625
58.0625
57.5625
57.0625
56.5
56.0
55.5
55.0625
55.3125
58.3125
66.375
78.375
92.1875
106.125
116.625
121.9375
123.8125
124.25
124.5
124.6875
124.625
124.3125
123.875
123.4375
122.9375
122.3125
121.4375
120.1875
118.5625
116.4375
113.8125
110.5625
106.6875
102.1875
97.75
93.875
91.0625
89.25
88.0625
87.3125
86.6875
85.9375
85.0625
84.0
82.8125
81.6875
80.5
79.4375
78.5
77.5625
76.6875
75.875
75.125
74.25
73.5
72.75
72.0
71.3125
70.625
69.9375
69.25
68.625
68.0625
67.4375
66.9375
66.375
65.875
65.4375
64.9375
64.4375
64.0
63.5625
63.1875
62.75
62.375
61.9375
61.5625
61.1875
60.8125
60.4375
60.0625
59.6875
59.3125
58.9375
58.6875
58.3125
58.0
57.75
57.5
57.1875
56.875
56.625
56.3125
56.0625
55.8125
55.5625
55.25
55.0625
54.75
54.5
54.25
54.0625
53.875
53.75
53.6875
53.625
53.5625
53.5625
53.5
53.25
53.0
52.625
52.25
51.8125
51.375
50.9375
50.5
50.1875
50.5625
54.5
64.25
77.1875
91.5
105.8125
116.3125
121.625
123.5
124.1875
124.5625
124.75
124.5
123.875
123.0625
122.1875
121.125
119.8125
118.1875
116.0625
113.5625
110.625
107.375
103.8125
99.875
96.0625
92.6875
90.1875
88.5
87.4375
86.5625
85.875
85.0625
84.125
83.0625
81.9375
80.8125
79.6875
78.75
77.8125
76.9375
76.0625
75.25
74.5
73.6875
72.9375
72.1875
71.4375
70.6875
70.0625
69.3125
68.75
68.125
67.5
66.9375
66.4375
65.8125
65.25
64.8125
64.3125
63.875
63.375
63.0
62.5625
62.1875
61.875
61.5625
61.25
61.0
60.75
60.5
60.3125
60.25
60.125
60.0625
60.0625
59.9375
59.875
59.75
59.5
59.1875
58.9375
58.5625
58.0625
57.8125
57.5625
57.25
57.0625
57.0625
57.0
56.875
56.6875
56.4375
56.0
55.5
55.0
54.5
54.0625
53.5625
53.125
53.0
54.75
60.9375
71.875
85.0
99.0
111.1875
118.5
121.625
122.4375
122.75
123.125
123.3125
123.0625
122.6875
122.1875
121.5
120.75
119.9375
118.75
117.0
114.875
112.25
109.125
105.4375
101.375
97.25
93.625
91.0
89.3125
88.1875
87.5
86.875
86.0625
85.1875
84.125
83.0
81.75
80.6875
79.6875
78.6875
77.6875
76.8125
76.0
75.1875
74.4375
73.6875
72.9375
72.1875
71.5
70.875
70.25
69.5625
68.9375
68.375
67.8125
67.3125
66.75
66.25
65.75
65.25
64.8125
64.3125
63.875
63.4375
63.0
62.6875
62.25
61.8125
61.4375
61.1875
60.8125
60.4375
60.0625
59.6875
59.375
58.9375
58.6875
58.375
58.125
57.8125
57.5
57.25
57.0625
56.875
56.75
56.6875
56.625
56.5
56.375
56.125
55.75
55.375
54.9375
54.5
54.0
53.5625
53.125
52.8125
53.5
57.625
66.9375
79.375
93.25
106.6875
116.1875
120.9375
122.8125
123.5625
124.0625
124.375
124.3125
124.125
123.75
123.375
122.875
122.0625
120.9375
119.4375
117.5
115.0625
112.1875
108.75
104.8125
100.5
96.3125
92.9375
90.5
88.9375
87.875
87.125
86.4375
85.5
84.4375
83.375
82.25
81.125
80.0625
79.125
78.25
77.3125
76.4375
75.625
74.875
74.125
73.3125
72.5625
71.8125
71.0625
70.3125
69.6875
69.0
68.3125
67.75
67.1875
66.625
66.0625
65.5
65.0625
64.5625
64.125
63.6875
63.3125
62.875
62.4375
62.0625
61.75
61.375
61.0625
60.6875
60.375
60.125
59.875
59.6875
59.4375
59.3125
59.3125
59.25
59.25
59.25
59.1875
59.125
59.0
59.0
58.875
58.6875
58.5625
58.375
58.0
57.625
57.1875
56.75
56.3125
55.8125
55.3125
54.875
54.4375
54.1875
54.625
58.0625
66.875
79.375
93.4375
107.5
117.5625
122.625
124.375
124.875
125.25
125.5
125.5
125.25
124.75
124.0625
123.4375
122.625
121.5
120.0
118.1875
115.8125
112.9375
109.5
105.5625
101.25
97.1875
93.9375
91.5625
90.0625
89.0625
88.3125
87.5625
86.6875
85.6875
84.5625
83.375
82.1875
81.0625
80.0
79.0625
78.1875
77.4375
76.6875
76.0625
75.4375
74.8125
74.1875
73.5
72.9375
72.3125
71.5
70.625
69.75
68.875
68.0625
67.25
66.5625
66.0625
65.75
66.4375
70.125
78.375
90.1875
103.875
116.3125
124.625
128.5
129.6875
130.0
130.0625
129.9375
129.625
129.3125
129.0625
128.9375
128.875
128.6875
128.125
127.125
125.5
123.4375
120.625
117.0625
112.4375
107.0625
101.75
97.3125
94.125
92.0625
90.8125
90.0
89.375
88.5
87.4375
86.25
85.0
83.6875
82.375
81.375
80.3125
79.375
78.5
77.625
76.8125
76.0
75.1875
74.375
73.5625
72.75
72.0
71.25
70.5625
69.875
69.25
68.6875
68.0625
67.4375
66.9375
66.375
65.8125
65.25
64.75
64.1875
63.625
63.1875
62.6875
62.1875
61.625
61.1875
60.8125
60.375
60.0
59.625
59.25
58.875
58.5625
58.25
57.9375
57.625
57.3125
56.9375
56.625
56.3125
56.0
55.75
55.4375
55.125
54.875
54.625
54.3125
54.125
53.8125
53.5625
53.375
53.125
52.9375
52.6875
52.4375
52.1875
51.9375
51.8125
51.625
51.375
51.1875
51.0
50.75
50.6875
50.625
50.5
50.4375
50.375
50.25
50.125
49.9375
49.75
49.5
49.1875
48.875
48.5625
48.25
48.0625
47.875
48.125
51.3125
61.9375
77.4375
94.0625
111.1875
123.75
129.5
130.9375
131.1875
131.1875
130.75
129.6875
128.125
126.375
124.5
122.4375
119.9375
117.0
113.8125
110.5625
107.3125
104.1875
101.0
97.9375
95.0625
92.75
91.0
89.6875
88.8125
87.9375
87.0
85.9375
84.8125
83.6875
82.4375
81.1875
80.0
78.8125
77.6875
76.75
75.875
75.0
74.1875
73.5
72.875
72.1875
71.5
70.9375
70.3125
69.75
69.1875
68.6875
68.25
67.875
67.5625
67.25
66.875
66.5
65.9375
65.375
64.75
64.125
63.375
62.6875
62.125
61.5625
61.0
60.875
61.625
65.625
74.25
86.5
100.1875
112.8125
121.1875
125.0625
126.25
126.5
126.625
126.6875
126.5
126.125
125.875
125.5625
125.25
124.75
124.125
123.0625
121.5625
119.5625
116.8125
113.25
108.9375
103.9375
98.9375
94.75
91.75
89.8125
88.625
87.875
87.25
86.4375
85.5
84.3125
83.125
81.9375
80.8125
79.75
78.75
77.875
77.125
76.25
75.5
74.625
73.8125
73.0625
72.25
71.4375
70.6875
70.0625
69.3125
68.625
68.0
67.4375
66.875
66.3125
65.875
65.3125
64.875
64.4375
63.9375
63.5
63.0625
62.625
62.25
61.875
61.5
61.125
60.75
60.375
60.0
59.625
59.25
58.9375
58.5625
58.3125
58.0
57.6875
57.3125
57.0
56.6875
56.4375
56.125
55.75
55.4375
55.0625
54.6875
54.3125
54.0
53.625
53.3125
53.0
52.6875
52.4375
52.25
52.0625
51.9375
51.875
51.8125
51.6875
51.5
51.3125
51.0
50.625
50.3125
50.0
49.625
49.25
49.0625
48.875
49.5
54.375
66.375
81.5
97.6875
113.5625
124.125
128.5
129.6875
130.0
130.0625
129.8125
129.0625
127.9375
126.5
125.0
123.4375
121.4375
119.0
116.125
113.0
109.5625
106.0
102.25
98.375
94.75
91.875
89.8125
88.5625
87.5625
86.8125
86.125
85.25
84.1875
83.0625
81.875
80.625
79.5
78.5
77.625
76.8125
76.0625
75.375
74.6875
74.0
73.3125
72.6875
72.0625
71.5625
71.0625
70.5625
70.125
69.6875
69.25
68.75
68.25
67.75
67.1875
66.6875
66.0625
65.5
65.0
64.5625
64.125
63.6875
63.3125
62.875
62.5625
62.1875
61.75
61.375
61.0
60.625
60.25
59.875
59.5
59.1875
58.875
58.5625
58.3125
58.125
58.0
57.875
57.8125
57.625
57.375
57.0
56.625
56.25
55.75
55.25
54.75
54.3125
54.0625
55.1875
60.375
70.875
84.1875
98.75
111.9375
120.3125
123.9375
125.0
125.375
125.6875
125.8125
125.625
125.25
124.6875
124.0625
123.4375
122.6875
121.4375
119.9375
117.9375
115.4375
112.3125
108.5625
104.25
99.625
95.375
92.125
90.0
88.625
87.8125
87.1875
86.5
85.625
84.5625
83.375
82.125
80.9375
79.8125
78.75
77.8125
76.9375
76.125
75.3125
74.5
73.8125
73.0625
72.25
71.5625
70.875
70.25
69.5
68.8125
68.25
67.625
67.0625
66.5
65.9375
65.5
65.0
64.5
64.0
63.5625
63.1875
62.6875
62.3125
61.9375
61.5
61.125
60.8125
60.375
60.0
59.625
59.3125
58.9375
58.625
58.3125
58.0
57.625
57.3125
57.0
56.6875
56.4375
56.1875
55.875
55.625
55.3125
55.0
54.75
54.375
54.0625
53.6875
53.375
53.0
52.6875
52.375
52.0625
51.75
51.4375
51.1875
50.875
50.625
50.4375
50.1875
50.0
49.8125
49.625
49.4375
49.25
49.0
48.875
48.625
48.5
48.3125
48.0625
47.9375
47.75
47.5625
47.375
47.25
47.0625
47.0
46.9375
46.9375
46.8125
46.75
46.625
46.4375
46.3125
46.0625
45.875
45.625
45.375
45.125
44.875
44.625
44.5625
45.5
50.6875
61.9375
75.125
89.1875
102.875
112.375
116.9375
118.3125
118.6875
118.875
118.8125
118.125
116.9375
115.375
113.5625
111.4375
109.125
106.5
103.75
100.9375
98.125
95.3125
92.5625
89.75
87.25
85.4375
84.1875
83.5
83.0
82.625
82.0625
81.3125
80.4375
79.375
78.25
77.125
76.0
75.0
74.0
73.1875
72.375
71.5625
70.875
70.1875
69.625
68.9375
68.3125
67.75
67.1875
66.5625
65.9375
65.375
64.875
64.375
63.875
63.5
63.25
63.0
62.625
62.375
62.0625
61.75
61.375
61.0
60.5
59.9375
59.375
58.75
58.25
57.75
57.25
56.9375
57.75
61.6875
69.9375
81.0625
93.5
105.1875
113.375
117.375
118.75
119.125
119.25
119.375
119.25
119.0
118.5625
118.125
117.75
117.3125
116.625
115.5625
114.1875
112.3125
109.9375
106.9375
103.25
98.8125
94.25
90.4375
87.625
85.75
84.5625
83.9375
83.375
82.75
81.875
80.9375
79.8125
78.75
77.625
76.6875
75.75
74.875
74.0625
73.3125
72.625
71.8125
71.125
70.375
69.625
68.9375
68.3125
67.625
66.9375
66.3125
65.6875
65.1875
64.6875
64.0625
63.5
63.0625
62.625
62.1875
61.75
61.375
60.9375
60.5625
60.25
59.8125
59.4375
59.125
58.75
58.375
58.0625
57.75
57.375
57.0625
56.8125
56.4375
56.125
55.875
55.625
55.3125
55.0
54.75
54.4375
54.1875
54.0
53.6875
53.4375
53.1875
53.0
52.8125
52.6875
52.5625
52.4375
52.1875
52.0
51.625
51.25
50.875
50.375
49.9375
49.5
49.0
48.625
48.375
49.375
54.9375
66.625
80.625
95.625
109.8125
119.0
123.0
124.125
124.4375
124.5625
124.3125
123.6875
122.8125
121.75
120.5625
119.125
117.375
115.375
112.875
110.125
107.0
103.625
99.9375
96.125
92.625
89.75
87.75
86.375
85.5
84.75
84.0
83.125
82.25
81.125
80.125
79.0
77.875
76.9375
76.0625
75.25
74.4375
73.75
73.0
72.25
71.5
70.75
70.0
69.3125
68.6875
68.0625
67.5
66.9375
66.3125
65.8125
65.3125
64.8125
64.375
64.0625
63.75
63.5
63.3125
63.1875
63.125
63.0
62.8125
62.5625
62.3125
62.0
61.625
61.1875
60.75
60.3125
59.8125
59.3125
59.0
58.6875
58.375
58.0625
57.875
57.75
57.5625
57.4375
57.3125
57.1875
57.0
56.625
56.1875
55.75
55.25
54.75
54.25
53.8125
53.4375
53.4375
55.625
62.75
74.3125
87.9375
102.125
113.5
120.0
122.4375
123.0625
123.3125
123.5
123.5
123.3125
122.8125
122.1875
121.5625
120.875
119.8125
118.375
116.5
114.25
111.5
108.3125
104.625
100.375
96.125
92.5
89.9375
88.25
87.25
86.5625
85.9375
85.3125
84.375
83.3125
82.125
80.9375
79.8125
78.75
77.8125
76.875
76.0
75.25
74.5
73.6875
72.9375
72.1875
71.4375
70.75
70.125
69.4375
68.75
68.125
67.5625
67.0
66.4375
65.875
65.375
64.8125
64.375
63.9375
63.5
63.0625
62.6875
62.1875
61.8125
61.5
61.125
60.6875
60.3125
59.875
59.625
59.3125
58.9375
58.5
58.25
57.875
57.625
57.3125
57.0
56.6875
56.375
56.1875
55.875
55.6875
55.5625
55.4375
55.3125
55.25
55.1875
55.0
54.75
54.4375
54.0625
53.625
53.0
52.4375
51.9375
51.4375
51.0
51.6875
56.375
66.5625
79.5625
93.8125
107.625
117.125
121.6875
123.25
123.75
124.0625
124.125
123.875
123.25
122.5
121.625
120.6875
119.5625
118.0
116.0625
113.6875
110.9375
107.6875
104.0625
100.0625
95.9375
92.1875
89.375
87.5
86.3125
85.5
84.8125
84.125
83.25
82.3125
81.25
80.125
79.0
78.0625
77.0625
76.125
75.25
74.5
73.6875
72.9375
72.1875
71.375
70.6875
70.0
69.25
68.5
67.875
67.25
66.625
66.0625
65.5
64.875
64.375
63.9375
63.5
63.0625
62.6875
62.3125
61.9375
61.6875
61.5
61.25
61.125
61.0
60.9375
60.875
60.75
60.625
60.4375
60.1875
59.875
59.4375
59.0625
58.6875
58.375
58.0
57.8125
57.625
57.5
57.4375
57.25
56.875
56.5
56.125
55.5625
55.0
54.5
54.0625
53.625
53.625
55.6875
62.8125
74.5
88.125
102.3125
113.875
120.3125
122.6875
123.1875
123.375
123.5
123.3125
122.875
122.375
121.75
120.9375
120.125
119.125
117.6875
115.9375
113.625
110.9375
107.625
103.8125
99.5625
95.375
91.875
89.375
87.75
86.6875
86.0
85.375
84.625
83.6875
82.625
81.5
80.375
79.25
78.25
77.25
76.3125
75.5
74.75
73.875
73.125
72.4375
71.6875
70.875
70.1875
69.5
68.8125
68.125
67.5
66.875
66.375
65.875
65.375
64.75
64.3125
63.9375
63.375
62.9375
62.5
62.125
61.6875
61.3125
60.9375
60.5
60.125
59.8125
59.4375
59.0625
58.6875
58.375
58.0625
57.6875
57.375
57.0625
56.8125
56.4375
56.1875
55.875
55.5625
55.3125
55.0625
54.8125
54.5625
54.3125
54.0625
53.875
53.8125
53.75
53.625
53.5625
53.5
53.375
53.0
52.75
52.375
52.0
51.5625
51.125
50.6875
50.5
51.8125
57.375
67.5625
79.9375
93.625
106.1875
114.5625
118.75
120.3125
121.0
121.375
121.5
121.1875
120.5
119.5
118.25
116.75
114.9375
112.8125
110.375
107.3125
103.6875
99.5625
95.25
91.1875
88.125
86.125
85.0625
84.5
84.125
83.75
83.0
82.125
81.0
79.8125
78.6875
77.625
76.625
75.625
74.75
73.9375
73.1875
72.4375
71.75
70.9375
70.1875
69.5
68.75
68.0625
67.4375
66.8125
66.1875
65.625
65.0
64.4375
63.9375
63.5
63.0
62.5625
62.125
61.6875
61.3125
60.875
60.5625
60.1875
59.875
59.5
59.125
58.8125
58.5625
58.3125
58.125
57.9375
57.8125
57.75
57.6875
57.75
57.6875
57.625
57.625
57.5
57.3125
57.25
57.125
56.9375
56.75
56.4375
56.0625
55.6875
55.25
54.8125
54.3125
53.875
53.4375
53.0
52.625
52.75
55.125
62.6875
74.375
87.75
101.625
112.875
118.9375
121.125
121.625
121.75
121.875
121.75
121.375
120.6875
119.9375
119.125
118.25
117.0
115.5
113.5
111.125
108.3125
105.0625
101.375
97.375
93.5625
90.4375
88.3125
86.875
86.0
85.25
84.5625
83.6875
82.75
81.625
80.5
79.375
78.25
77.25
76.3125
75.4375
74.625
73.875
73.125
72.4375
71.6875
70.9375
70.3125
69.5625
68.875
68.1875
67.625
66.9375
66.375
65.875
65.3125
64.8125
64.3125
63.875
63.3125
62.875
62.4375
62.0
61.5625
61.1875
60.8125
60.4375
60.0
59.75
59.3125
59.0
58.625
58.3125
58.0
57.625
57.3125
57.0
56.6875
56.375
56.0625
55.75
55.5
55.25
55.0
54.8125
54.6875
54.625
54.5625
54.4375
54.3125
54.1875
53.8125
53.5
53.125
52.75
52.25
51.75
51.375
51.0625
51.625
55.5625
64.875
77.25
90.9375
104.5625
114.4375
119.375
121.1875
121.75
122.125
122.25
122.0625
121.5625
120.875
120.1875
119.3125
118.25
117.0
115.375
113.25
110.6875
107.625
104.125
100.1875
96.0
92.0625
89.0625
87.0
85.625
84.8125
84.125
83.5
82.625
81.6875
80.5625
79.4375
78.3125
77.3125
76.375
75.5
74.75
73.9375
73.125
72.375
71.625
70.875
70.125
69.375
68.6875
68.0
67.3125
66.6875
66.0625
65.5
64.875
64.375
63.875
63.375
62.9375
62.5
62.125
61.625
61.25
60.8125
60.4375
60.0
59.6875
59.3125
59.0
58.625
58.375
58.0625
57.8125
57.5625
57.3125
57.1875
57.125
57.125
57.3125
57.5
57.625
57.75
57.875
57.875
57.625
57.25
56.8125
56.3125
55.6875
55.0625
54.4375
53.875
53.875
55.6875
62.375
73.75
87.25
101.375
113.125
119.6875
122.125
122.75
122.9375
123.0
122.8125
122.4375
121.8125
121.0625
120.25
119.4375
118.4375
117.125
115.375
113.0625
110.25
107.0
103.25
99.0
95.0
91.6875
89.3125
87.6875
86.75
86.0
85.3125
84.5
83.625
82.5625
81.3125
80.1875
79.0
77.9375
76.9375
76.0
75.125
74.375
73.625
72.875
72.0625
71.3125
70.6875
70.0
69.375
68.6875
68.0625
67.4375
66.875
66.3125
65.8125
65.25
64.75
64.25
63.8125
63.3125
62.8125
62.375
62.0
61.5625
61.1875
60.8125
60.4375
60.0625
59.6875
59.25
58.9375
58.625
58.25
57.9375
57.625
57.25
57.0
56.6875
56.375
56.0625
55.8125
55.5625
55.25
54.9375
54.75
54.625
54.4375
54.375
54.25
54.1875
54.0625
53.9375
53.625
53.3125
52.9375
52.5625
52.125
51.625
51.1875
50.875
51.5625
56.0
66.0
79.0
93.3125
107.125
116.625
121.1875
122.6875
123.125
123.4375
123.5
123.125
122.5625
121.75
120.875
119.875
118.75
117.4375
115.6875
113.5625
110.875
107.8125
104.25
100.25
96.0625
92.375
89.5
87.4375
86.1875
85.375
84.625
83.875
83.0625
82.0
80.9375
79.75
78.625
77.5625
76.5625
75.6875
74.875
74.0625
73.3125
72.5
71.6875
71.0625
70.3125
69.625
68.875
68.1875
67.5625
66.875
66.3125
65.6875
65.0625
64.5
64.0625
63.5625
63.0625
62.5625
62.125
61.6875
61.25
60.8125
60.4375
60.0
59.625
59.3125
58.9375
58.5625
58.1875
57.875
57.5625
57.25
56.9375
56.625
56.3125
56.0625
55.8125
55.5625
55.375
55.25
55.0625
55.0
55.0625
55.1875
55.4375
55.625
55.875
56.0
56.0625
55.9375
55.6875
55.3125
54.8125
54.3125
53.625
53.0625
52.5625
52.1875
52.1875
54.1875
61.1875
72.875
86.375
100.5625
112.1875
118.6875
121.1875
121.6875
121.8125
121.9375
121.8125
121.4375
120.75
119.9375
119.0625
118.0625
116.9375
115.4375
113.4375
110.9375
108.0
104.6875
100.9375
97.0
93.3125
90.375
88.25
86.875
86.0
85.3125
84.625
83.75
82.875
81.75
80.625
79.4375
78.375
77.3125
76.375
75.5
74.625
73.8125
73.0625
72.375
71.625
70.9375
70.3125
69.625
68.9375
68.25
67.6875
67.0625
66.5
65.9375
65.375
64.875
64.4375
63.9375
63.5
63.0
62.5625
62.125
61.6875
61.25
60.875
60.5
60.125
59.75
59.375
59.0625
58.6875
58.375
58.0
57.6875
57.375
57.0625
56.75
56.4375
56.125
55.875
55.5625
55.3125
55.0625
54.8125
54.625
54.5
54.4375
54.3125
54.25
54.1875
54.0
53.6875
53.375
53.0
52.625
52.125
51.6875
51.25
50.9375
50.875
52.8125
59.8125
71.3125
84.5
98.5625
110.4375
117.375
120.375
121.375
121.8125
122.1875
122.3125
122.0625
121.4375
120.625
119.8125
118.875
117.6875
116.1875
114.4375
112.125
109.375
106.1875
102.5
98.5
94.5
91.125
88.6875
86.9375
85.8125
85.0
84.25
83.4375
82.5
81.5
80.375
79.25
78.1875
77.1875
76.1875
75.3125
74.4375
73.625
72.8125
72.0625
71.3125
70.5625
69.8125
69.125
68.375
67.75
67.0625
66.4375
65.875
65.25
64.6875
64.125
63.625
63.125
62.6875
62.25
61.8125
61.375
60.9375
60.5
60.125
59.75
59.375
59.0
58.625
58.25
57.875
57.5
57.25
56.875
56.5625
56.1875
55.875
55.625
55.3125
55.0
54.6875
54.5
54.25
54.0
53.6875
53.5
53.25
53.0
52.75
52.5
52.375
52.3125
52.3125
52.3125
52.4375
52.5625
52.75
52.875
52.9375
53.0625
53.125
53.0625
52.875
52.625
52.3125
51.9375
51.5
51.875
55.375
64.375
76.6875
90.3125
103.8125
113.5625
118.375
119.875
120.1875
120.25
120.375
120.25
119.75
118.875
117.9375
116.8125
115.6875
114.1875
112.25
109.9375
107.1875
104.1875
100.875
97.3125
93.6875
90.5625
88.1875
86.625
85.625
84.9375
84.3125
83.625
82.75
81.75
80.6875
79.5625
78.5
77.4375
76.4375
75.5
74.75
74.0625
73.375
72.75
72.25
71.625
71.125
70.5625
69.9375
69.3125
68.5625
67.75
66.875
66.0625
65.375
64.625
64.0
63.5
63.5625
65.25
70.875
80.5625
92.875
105.875
116.5625
122.625
125.0
125.625
125.8125
125.75
125.5625
125.25
124.8125
124.5
124.3125
124.0625
123.6875
123.125
121.9375
120.3125
118.125
115.3125
111.5625
106.9375
101.6875
96.625
92.6875
89.9375
88.3125
87.375
86.75
86.125
85.375
84.3125
83.125
82.0
80.75
79.5625
78.5625
77.6875
76.8125
75.9375
75.1875
74.375
73.5
72.6875
71.9375
71.125
70.3125
69.625
68.9375
68.1875
67.625
67.0
66.5
65.9375
65.4375
64.875
64.375
63.875
63.4375
62.875
62.375
61.9375
61.4375
60.9375
60.5
60.0625
59.5625
59.125
58.625
58.1875
57.75
57.3125
57.0
56.6875
56.375
56.0625
55.75
55.4375
55.1875
54.8125
54.5625
54.3125
54.0
53.6875
53.4375
53.1875
52.875
52.625
52.375
52.125
51.875
51.6875
51.4375
51.25
51.0
50.8125
50.625
50.375
50.125
49.9375
49.875
49.75
49.6875
49.625
49.5
49.3125
49.125
48.9375
48.6875
48.4375
48.125
47.8125
47.5625
47.4375
47.25
48.6875
56.0625
70.125
85.9375
102.75
117.4375
125.5625
128.3125
128.75
128.9375
128.875
128.25
127.0625
125.4375
123.75
121.9375
119.9375
117.5
114.75
111.8125
108.6875
105.5625
102.5
99.3125
96.1875
93.3125
91.125
89.5625
88.4375
87.5
86.6875
85.875
84.875
83.75
82.625
81.4375
80.25
79.125
78.0
76.9375
76.0
75.1875
74.375
73.5625
72.8125
72.0625
71.375
70.875
70.4375
70.0
69.6875
69.25
68.8125
68.3125
67.8125
67.1875
66.4375
65.6875
64.9375
64.25
63.5625
62.9375
62.375
62.3125
63.8125
69.25
79.25
92.0625
105.6875
117.0625
123.75
126.3125
126.9375
127.0625
127.0625
126.9375
126.625
126.25
126.0
125.8125
125.5625
125.125
124.375
123.1875
121.4375
119.125
116.1875
112.4375
107.75
102.4375
97.4375
93.5625
90.9375
89.3125
88.4375
87.75
87.125
86.3125
85.3125
84.0625
82.8125
81.5625
80.4375
79.4375
78.5
77.5625
76.6875
75.875
75.0625
74.25
73.4375
72.625
71.8125
71.0625
70.375
69.6875
69.0
68.375
67.8125
67.1875
66.6875
66.125
65.625
65.0625
64.5625
64.1875
63.75
63.25
62.8125
62.4375
62.0625
61.6875
61.3125
60.9375
60.5
60.125
59.75
59.375
59.0
58.75
58.4375
58.125
57.8125
57.4375
57.125
56.875
56.625
56.3125
56.0
55.75
55.5
55.1875
54.875
54.5625
54.1875
53.875
53.625
53.3125
53.0625
52.9375
52.75
52.5625
52.375
52.25
52.0
51.6875
51.375
51.0625
50.625
50.25
49.9375
49.5625
49.3125
49.9375
55.0
67.3125
83.0625
100.0
116.25
126.6875
131.0
132.125
132.5
132.5
132.0
131.125
129.875
128.5625
127.125
125.5625
123.5625
121.1875
118.375
115.125
111.625
107.875
104.0
100.125
96.4375
93.4375
91.4375
89.875
88.875
88.0
87.125
86.1875
85.125
84.0
82.75
81.5
80.375
79.375
78.375
77.4375
76.5625
75.8125
75.0625
74.3125
73.5625
72.875
72.25
71.5
70.9375
70.375
69.875
69.375
68.9375
68.4375
68.125
67.75
67.375
67.0625
66.6875
66.3125
65.8125
65.4375
64.9375
64.375
63.875
63.4375
63.0
62.5
62.1875
61.8125
61.375
61.0625
60.75
60.375
60.0
59.6875
59.4375
59.3125
59.125
58.9375
58.75
58.625
58.4375
58.0625
57.6875
57.25
56.75
56.25
55.75
55.25
54.875
55.25
58.6875
67.6875
80.625
95.1875
109.5625
119.875
124.9375
126.625
127.1875
127.5625
127.75
127.6875
127.375
126.875
126.375
125.875
125.1875
124.125
122.625
120.75
118.375
115.5
111.875
107.6875
103.0
98.4375
94.8125
92.1875
90.5
89.375
88.625
87.8125
87.0
85.9375
84.75
83.4375
82.1875
81.0625
80.0
79.0
78.0625
77.25
76.375
75.5625
74.8125
74.0625
73.25
72.5625
71.8125
71.125
70.375
69.75
69.125
68.4375
67.875
67.3125
66.75
66.1875
65.75
65.1875
64.6875
64.25
63.8125
63.375
62.9375
62.5625
62.125
61.6875
61.3125
60.9375
60.5625
60.25
59.875
59.5625
59.1875
58.8125
58.5
58.1875
57.9375
57.5625
57.25
57.0
56.6875
56.375
56.125
55.8125
55.5625
55.25
55.0
54.75
54.5625
54.375
54.25
54.125
54.0
53.875
53.6875
53.5
53.0625
52.625
52.1875
51.75
51.1875
50.6875
50.25
49.8125
49.5
50.25
54.9375
65.6875
79.4375
94.4375
108.9375
118.875
123.6875
125.3125
125.8125
126.125
126.125
125.75
125.0
124.0625
123.0
122.0
120.625
118.875
116.6875
114.0625
111.125
107.75
104.0
99.875
95.9375
92.5
90.0
88.3125
87.25
86.4375
85.6875
84.875
83.9375
82.9375
81.75
80.5625
79.5
78.5
77.5
76.5
75.6875
74.875
74.125
73.3125
72.5625
71.8125
71.0
70.3125
69.6875
69.0
68.3125
67.6875
67.125
66.5
66.0
65.5
65.0
64.625
64.25
63.9375
63.625
63.4375
63.25
63.0625
62.9375
62.8125
62.5625
62.25
61.9375
61.5625
61.125
60.6875
60.3125
59.8125
59.3125
58.9375
58.6875
58.375
58.25
58.125
57.9375
57.8125
57.75
57.5625
57.25
56.9375
56.4375
55.9375
55.375
54.875
54.375
53.9375
53.5625
53.75
56.3125
63.9375
75.6875
89.3125
103.375
114.375
120.3125
122.5
123.1875
123.5625
123.75
123.6875
123.375
122.875
122.3125
121.625
120.9375
119.9375
118.5625
116.8125
114.5
111.75
108.375
104.4375
100.125
95.8125
92.3125
89.875
88.1875
87.125
86.4375
85.75
85.0
84.0625
82.9375
81.6875
80.5
79.4375
78.4375
77.5
76.5625
75.6875
74.9375
74.1875
73.4375
72.6875
71.875
71.125
70.4375
69.8125
69.0625
68.3125
67.75
67.125
66.5625
66.0625
65.5
64.9375
64.4375
64.0625
63.5625
63.0625
62.625
62.25
61.75
61.375
61.0
60.625
60.1875
59.875
59.5
59.125
58.8125
58.5
58.125
57.75
57.4375
57.1875
56.875
56.5625
56.25
55.9375
55.75
55.4375
55.1875
54.875
54.6875
54.5625
54.4375
54.3125
54.25
54.1875
54.0625
53.875
53.5625
53.1875
52.8125
52.375
51.875
51.375
51.0
50.8125
52.0
57.8125
68.8125
81.9375
96.125
109.0625
117.4375
121.25
122.625
123.125
123.5
123.5625
123.25
122.6875
121.9375
121.0625
120.0625
118.8125
117.25
115.25
112.75
110.0
106.75
103.0
98.9375
94.9375
91.5625
89.125
87.4375
86.25
85.5
84.75
83.875
82.875
81.9375
80.6875
79.5625
78.5
77.5
76.5625
75.75
74.9375
74.125
73.3125
72.5625
71.8125
71.0
70.25
69.5
68.75
68.125
67.4375
66.8125
66.1875
65.6875
65.0625
64.5625
64.0625
63.625
63.125
62.6875
62.25
61.8125
61.4375
61.0625
60.6875
60.3125
59.9375
59.6875
59.4375
59.1875
59.0
58.8125
58.6875
58.5625
58.5625
58.5
58.3125
58.25
58.0625
57.9375
57.5625
57.25
57.0
56.6875
56.375
56.1875
56.0
55.875
55.8125
55.6875
55.375
55.125
54.75
54.3125
53.8125
53.3125
52.8125
52.375
52.1875
53.3125
58.625
69.25
82.1875
96.375
109.125
117.3125
120.875
121.9375
122.25
122.5
122.5
122.1875
121.625
120.875
120.125
119.3125
118.25
116.875
115.125
112.8125
110.125
106.9375
103.3125
99.3125
95.1875
91.5625
88.8125
87.1875
86.1875
85.625
85.0
84.3125
83.4375
82.4375
81.25
80.0625
78.875
77.875
76.9375
75.9375
75.125
74.25
73.5
72.6875
71.9375
71.1875
70.4375
69.8125
69.1875
68.5625
67.875
67.25
66.6875
66.125
65.5625
65.0
64.5
64.0625
63.625
63.125
62.6875
62.25
61.8125
61.375
61.0625
60.625
60.25
59.875
59.5
59.125
58.8125
58.4375
58.0625
57.75
57.375
57.0625
56.75
56.5
56.125
55.875
55.625
55.3125
54.9375
54.75
54.5625
54.375
54.3125
54.25
54.125
54.0
53.9375
53.8125
53.5
53.125
52.75
52.3125
51.875
51.4375
51.0625
50.6875
50.9375
54.0
62.375
74.4375
87.875
101.6875
112.4375
118.1875
120.5
121.25
121.6875
121.875
121.6875
121.3125
120.625
119.75
118.875
117.75
116.4375
114.6875
112.6875
110.1875
107.3125
104.0
100.1875
96.125
92.375
89.4375
87.3125
86.0
85.0625
84.375
83.5625
82.75
81.75
80.625
79.5
78.375
77.375
76.375
75.4375
74.5625
73.6875
72.9375
72.1875
71.375
70.625
69.9375
69.1875
68.5
67.875
67.1875
66.5625
65.9375
65.3125
64.6875
64.1875
63.6875
63.125
62.6875
62.25
61.8125
61.375
60.9375
60.5625
60.125
59.75
59.375
59.0625
58.6875
58.375
58.0
57.6875
57.3125
57.0
56.6875
56.3125
56.0
55.75
55.5
55.1875
54.9375
54.75
54.5
54.3125
54.125
54.125
54.125
54.1875
54.3125
54.5625
54.875
55.0625
55.1875
55.125
54.9375
54.625
54.25
53.875
53.3125
52.6875
52.1875
51.8125
52.1875
55.6875
64.5625
76.75
90.4375
103.9375
113.75
118.5
120.125
120.5
120.6875
120.75
120.5625
120.125
