0
30.5
36.875
50.375
67.0
82.8125
94.875
102.6875
108.75
113.9375
117.625
120.0
122.1875
122.0625
120.0625
118.0625
114.625
108.375
100.625
91.9375
81.75
72.625
68.5625
68.4375
68.1875
67.125
65.5625
63.5625
61.5625
59.8125
58.1875
56.6875
55.3125
53.9375
52.6875
51.4375
50.375
49.375
48.4375
47.625
46.875
46.125
45.4375
44.875
44.25
43.6875
43.125
42.625
42.1875
41.8125
41.4375
41.0
40.5625
40.25
40.1875
40.0
39.625
39.0625
38.4375
37.625
37.0625
36.75
36.625
36.5
36.875
41.125
51.9375
66.25
79.75
90.0
96.3125
101.4375
107.875
113.1875
115.5
116.9375
117.875
117.0625
114.6875
110.5
104.4375
97.375
89.0
79.1875
70.875
68.125
68.625
68.25
67.125
65.4375
63.5
61.6875
59.9375
58.25
56.6875
55.1875
53.75
52.4375
51.25
50.1875
49.1875
48.1875
47.25
46.4375
45.6875
44.9375
44.25
43.625
43.0
42.4375
42.0
41.5625
41.125
40.5625
40.0625
39.8125
39.5625
39.25
38.8125
38.25
37.5625
37.0
36.625
36.5
36.3125
36.3125
38.5625
46.6875
60.0625
74.25
86.125
94.125
99.75
105.625
110.8125
114.125
115.625
115.8125
116.0
115.1875
112.6875
109.0
102.9375
94.125
83.5625
73.625
68.9375
68.9375
68.9375
68.125
66.75
64.9375
63.0625
61.375
59.6875
58.1875
56.6875
55.3125
54.0
52.75
51.5625
50.5
49.5625
48.6875
47.9375
47.1875
46.4375
45.8125
45.1875
44.625
44.0625
43.625
43.1875
42.75
42.1875
41.8125
41.625
41.5625
41.3125
40.8125
40.125
39.25
38.4375
37.9375
37.8125
37.75
37.625
38.5625
44.25
56.0625
70.125
82.75
91.75
97.375
102.75
109.125
113.6875
116.0625
117.25
117.375
116.875
115.3125
112.4375
107.0
99.0
89.125
78.875
72.125
70.8125
71.0625
70.3125
69.125
67.1875
65.0625
63.125
61.375
59.75
58.1875
56.6875
55.1875
53.75
52.5
51.4375
50.4375
49.5
48.5
47.6875
46.9375
46.25
45.5
44.8125
44.25
43.6875
43.25
42.75
42.1875
41.6875
41.25
41.0625
40.75
40.375
39.8125
39.125
38.5
38.0
37.8125
37.625
37.4375
37.8125
41.9375
52.3125
66.125
79.375
89.625
96.125
101.4375
107.875
113.1875
115.625
117.0625
117.5625
116.5625
114.375
111.5
107.1875
100.3125
91.0625
80.625
72.75
70.6875
71.0
70.375
69.1875
67.5625
65.625
63.8125
62.25
60.8125
59.3125
57.625
55.9375
54.5625
53.4375
52.3125
51.1875
50.125
49.3125
48.5625
47.9375
47.5625
47.25
46.75
48.0625
54.4375
65.375
76.625
85.25
90.3125
93.5
96.625
99.6875
102.125
102.75
101.25
97.875
92.3125
85.0
76.3125
67.875
63.6875
63.9375
64.5625
64.375
63.6875
62.4375
60.9375
59.4375
57.9375
56.5
55.1875
53.8125
52.375
51.125
49.9375
48.875
47.9375
47.125
46.3125
45.5625
44.875
44.3125
43.75
43.1875
42.6875
42.1875
41.6875
41.1875
40.6875
40.1875
39.75
39.3125
38.875
38.4375
38.0625
37.75
37.4375
37.125
36.9375
36.8125
36.5625
36.375
36.25
36.1875
36.0
35.75
35.3125
34.8125
34.3125
34.0625
33.875
34.0
36.625
45.625
60.4375
76.3125
89.8125
99.0625
105.25
111.0
116.9375
122.1875
125.4375
126.25
125.75
123.75
120.5625
117.125
112.1875
103.875
93.125
82.125
74.625
73.0
73.25
72.4375
71.0
69.0
66.8125
64.8125
63.0625
61.375
59.75
58.1875
56.6875
55.25
54.0
52.9375
51.9375
50.9375
50.0
49.125
48.375
47.625
46.875
46.1875
45.5625
44.9375
44.375
43.8125
43.375
43.0
42.5625
42.0625
41.75
41.6875
41.5625
41.25
40.75
40.125
39.375
38.6875
38.25
38.0625
38.0
37.8125
38.8125
44.625
56.3125
70.1875
82.6875
91.625
97.5625
103.1875
109.25
113.375
115.5
116.8125
118.1875
118.625
116.4375
112.625
107.4375
100.0625
90.5625
80.0
72.875
71.625
71.875
71.0625
69.625
67.625
65.5
63.625
62.0
60.5625
59.1875
57.4375
55.6875
54.4375
53.6875
53.1875
52.5
52.125
53.8125
58.625
64.0625
67.875
69.6875
69.5625
68.1875
65.875
62.625
58.3125
53.375
49.4375
48.4375
48.9375
49.25
49.375
49.125
48.375
47.5
46.6875
45.9375
45.1875
44.5625
43.875
43.125
42.5
41.875
41.25
40.75
40.25
39.75
39.25
38.8125
38.4375
38.0625
37.75
37.375
37.0625
36.75
36.4375
36.1875
35.9375
35.6875
35.375
35.125
34.875
34.5625
34.3125
34.0625
33.875
33.8125
33.75
33.625
33.4375
33.375
33.375
33.3125
33.1875
33.0
32.5625
32.0625
31.75
31.625
31.5
31.6875
34.6875
44.375
59.875
76.4375
90.625
100.1875
107.125
114.0
119.25
122.8125
124.5625
124.4375
124.3125
124.3125
122.875
117.875
110.1875
101.8125
92.125
81.75
74.5
72.9375
73.4375
72.6875
71.25
69.3125
67.0625
65.125
63.3125
61.625
60.0
58.375
56.875
55.4375
54.1875
53.0625
52.0
51.0625
50.125
49.25
48.5
47.75
47.0625
46.4375
45.8125
45.25
44.6875
44.0625
43.625
43.25
42.75
42.125
41.625
41.25
41.125
40.8125
40.375
39.8125
39.125
38.375
37.75
37.5625
37.5625
37.5
38.25
43.5625
55.1875
69.625
82.875
92.5625
98.875
104.6875
110.75
114.9375
117.625
119.25
119.1875
119.125
118.9375
115.625
109.3125
101.625
92.5
82.1875
74.125
71.4375
71.4375
70.875
69.6875
68.0
66.0
64.0625
62.25
60.4375
58.8125
57.1875
55.625
54.1875
52.875
51.75
50.6875
49.6875
48.75
47.875
47.125
46.375
45.6875
45.0
44.3125
43.75
43.25
42.75
42.25
41.6875
41.1875
40.875
40.625
40.3125
39.875
39.3125
38.6875
38.0625
37.625
37.375
37.25
37.0625
37.6875
42.5
53.5
67.5625
80.875
90.9375
97.25
102.5
108.3125
113.375
116.8125
118.75
119.25
118.375
117.1875
114.5
109.0625
101.875
92.4375
81.375
73.125
70.9375
71.125
70.375
69.125
67.375
65.375
63.5625
61.875
60.25
58.6875
57.125
55.625
54.3125
53.0
51.875
50.875
49.8125
48.875
48.0
47.1875
46.4375
45.75
45.125
44.4375
43.8125
43.25
42.75
42.25
41.75
41.25
40.75
40.375
40.125
39.8125
39.375
38.875
38.1875
37.5
37.0625
36.8125
36.6875
36.5625
36.875
40.8125
51.0
64.875
78.4375
89.1875
96.125
101.75
108.0625
113.3125
116.4375
117.9375
119.125
119.5
117.4375
113.8125
109.5
103.375
94.4375
83.5625
74.9375
72.375
72.6875
72.125
70.875
69.1875
67.1875
65.1875
63.25
61.5625
60.0
58.5
57.0
55.6875
54.4375
53.25
52.125
51.0625
50.0625
49.0625
48.25
47.5625
46.875
46.25
45.5625
44.9375
44.3125
43.75
43.25
42.75
42.3125
41.75
41.3125
40.9375
40.6875
40.4375
40.0
39.5
38.8125
38.1875
37.6875
37.5
37.4375
37.3125
38.125
43.25
54.5
68.375
81.3125
91.0625
97.5625
103.375
109.75
114.4375
117.0
118.125
118.625
119.375
118.6875
114.9375
109.1875
102.0
92.6875
82.4375
74.75
72.8125
73.125
72.4375
71.0625
69.125
66.9375
64.9375
63.125
61.375
59.75
58.125
56.625
55.1875
53.875
52.6875
51.6875
50.75
49.875
49.0
48.1875
47.4375
46.6875
46.0
45.3125
44.6875
44.1875
43.6875
43.1875
42.5625
42.0625
41.8125
41.5625
41.1875
40.6875
40.125
39.4375
38.8125
38.375
38.125
38.0
37.8125
38.125
42.1875
52.5
66.1875
79.3125
89.3125
95.6875
100.9375
106.9375
112.4375
115.75
118.0
119.0625
118.0625
115.9375
112.6875
107.5625
101.0
92.25
81.875
73.8125
71.75
72.0
71.3125
70.0625
68.375
66.25
64.3125
62.5625
60.9375
59.3125
57.8125
56.375
55.0625
53.8125
52.6875
51.625
50.625
49.75
48.875
48.0625
47.3125
46.625
45.9375
45.3125
44.75
44.25
43.75
43.3125
42.875
42.3125
41.9375
41.75
41.625
41.375
40.875
40.25
39.5
38.75
38.25
37.9375
37.8125
37.625
38.125
42.3125
52.625
66.3125
79.375
89.375
95.8125
101.4375
107.5625
112.5625
115.9375
118.375
119.75
119.8125
117.5625
114.0
109.6875
103.125
94.125
83.625
74.625
71.5625
71.9375
71.625
70.4375
68.6875
66.5625
64.5625
62.8125
61.1875
59.5625
57.9375
56.4375
54.9375
53.6875
52.5
51.4375
50.4375
49.5625
48.6875
47.875
47.125
46.4375
45.75
45.0625
44.375
43.8125
43.3125
42.875
42.375
41.8125
41.3125
41.0
40.75
40.4375
40.0
39.4375
38.8125
38.1875
37.75
37.5625
37.4375
37.25
37.6875
42.1875
52.875
66.5
79.5625
89.5
95.9375
101.375
107.8125
113.375
116.5625
118.1875
118.0
117.25
117.125
115.0625
109.6875
102.25
93.1875
82.6875
74.1875
71.5625
72.0625
71.625
70.4375
68.625
66.5
64.5
62.75
61.0625
59.375
57.75
56.25
54.8125
53.5
52.3125
51.3125
50.3125
49.3125
48.4375
47.6875
46.875
46.1875
45.5
44.8125
44.125
43.625
43.125
42.6875
42.3125
41.6875
41.1875
40.9375
40.6875
40.375
39.9375
39.3125
38.625
38.0
37.625
37.4375
37.3125
37.0625
37.625
42.4375
53.3125
67.0
80.0
89.75
95.9375
101.125
107.125
112.875
115.875
117.4375
118.125
117.625
116.5625
113.5625
108.6875
101.8125
92.375
81.75
73.4375
70.9375
71.5
71.25
70.125
68.5
66.4375
64.4375
62.6875
61.0
59.3125
57.75
56.25
54.875
53.625
52.4375
51.5
50.5625
49.625
48.8125
48.0625
47.3125
46.625
46.0625
45.5
44.9375
44.375
43.8125
43.3125
42.875
42.5
42.0
41.4375
41.0625
40.875
40.5625
40.1875
39.625
39.0
38.25
37.6875
37.3125
37.1875
37.125
37.3125
40.3125
49.3125
62.5625
76.0
86.9375
94.1875
99.75
106.1875
112.25
115.75
117.9375
119.5625
119.875
118.6875
115.9375
112.3125
106.9375
99.0625
89.25
78.9375
72.5
71.8125
72.1875
71.3125
69.875
67.875
65.6875
63.75
62.0
60.3125
58.625
57.0625
55.5625
54.0625
52.8125
51.75
50.75
49.8125
49.0
48.1875
47.4375
46.625
45.875
45.125
44.5625
43.9375
43.375
42.875
42.4375
41.9375
41.375
40.9375
40.625
40.375
40.0625
39.625
39.125
38.5625
37.875
37.4375
37.1875
37.0625
36.875
37.3125
41.5
51.6875
65.125
78.3125
88.625
95.1875
100.5625
107.0
112.5
115.3125
116.875
117.9375
117.8125
116.0625
113.6875
109.875
103.8125
94.75
83.9375
74.5625
70.6875
71.1875
71.1875
70.25
68.625
66.5625
64.5
62.625
60.875
59.3125
57.8125
56.3125
54.9375
53.6875
52.5
51.4375
50.4375
49.5625
48.75
48.0
47.3125
46.625
45.9375
45.3125
44.6875
44.1875
43.6875
43.25
42.8125
42.25
41.875
41.6875
41.5625
41.3125
40.75
40.0
39.25
38.5
38.0625
37.9375
37.9375
37.8125
38.1875
42.5
53.0
66.4375
79.25
89.125
95.5625
100.9375
107.0
112.25
115.375
117.1875
118.9375
119.375
116.8125
113.5
109.0625
102.25
93.6875
83.875
74.8125
71.1875
71.5625
71.4375
70.25
68.625
66.4375
64.4375
62.625
60.875
59.25
57.625
56.0625
54.625
53.3125
52.125
51.0625
50.125
49.1875
48.25
47.4375
46.6875
46.0
45.3125
44.6875
44.0625
43.375
42.8125
42.25
41.8125
41.4375
41.0625
40.5
40.0
39.6875
39.5
39.25
38.8125
38.4375
37.8125
37.125
36.75
36.5
36.375
36.1875
36.9375
41.9375
52.9375
66.6875
79.6875
89.5
95.9375
101.75
108.1875
113.3125
116.1875
117.6875
118.375
117.8125
117.5625
116.1875
110.9375
103.3125
94.375
83.875
74.5625
71.125
71.625
71.3125
70.1875
68.5625
66.375
64.3125
62.5
60.8125
59.125
57.5625
56.0625
54.625
53.25
52.0625
51.0625
50.0625
49.125
48.25
47.4375
46.6875
45.875
45.1875
44.4375
43.6875
43.0
42.375
41.875
41.375
41.0
40.5625
40.125
39.8125
39.625
39.5
39.125
38.75
38.1875
37.5625
37.0
36.75
36.6875
36.625
36.5625
38.3125
45.4375
57.8125
71.5
83.5
91.6875
97.0
102.5
108.875
114.0625
117.1875
118.6875
118.875
117.6875
115.25
111.4375
105.8125
98.25
88.8125
78.625
71.75
70.875
71.625
70.9375
69.4375
67.375
65.3125
63.4375
61.6875
60.0625
58.4375
56.8125
55.3125
53.875
52.625
51.5
50.5
49.5
48.625
47.8125
47.0
46.3125
45.5625
44.875
44.25
43.6875
43.125
42.625
42.1875
41.625
41.0625
40.5625
40.3125
40.0625
39.75
39.3125
38.6875
38.0
37.375
37.0
36.8125
36.6875
36.625
37.9375
44.0625
55.8125
69.4375
81.6875
90.5
96.1875
101.625
108.125
113.375
116.25
117.4375
117.5625
117.0625
115.4375
112.0625
106.8125
99.6875
90.4375
79.8125
72.0625
70.5
70.9375
70.25
69.0
67.25
65.125
63.25
61.5
59.8125
58.1875
56.625
55.1875
53.8125
52.5625
51.4375
50.4375
49.4375
48.5625
47.6875
46.9375
46.1875
45.4375
44.75
44.125
43.4375
42.875
42.375
41.9375
41.5625
41.0
40.5
40.25
40.0
39.625
39.25
38.6875
38.0
37.375
37.0
36.75
36.6875
36.5625
37.4375
42.6875
53.8125
67.25
79.8125
89.125
95.125
100.5
106.5
111.375
114.8125
117.0625
117.625
116.5
115.0625
113.3125
108.6875
100.625
90.8125
80.375
72.625
70.6875
71.125
70.75
69.625
67.8125
65.6875
63.8125
62.0625
60.3125
58.75
57.1875
55.6875
54.3125
53.125
52.0
50.9375
50.0
49.1875
48.375
47.625
46.9375
46.25
45.625
45.125
44.5625
44.0
43.5
43.0625
42.5
42.0
41.5625
41.25
41.0
40.5625
40.125
39.5
38.75
38.0
37.5625
37.375
37.25
37.1875
38.1875
44.0
55.5
69.125
81.5
90.625
96.8125
102.5625
109.0
113.5625
115.4375
116.375
117.75
118.75
117.9375
114.5625
108.8125
101.5
92.25
81.625
73.375
71.1875
71.75
71.375
70.1875
68.4375
66.25
64.3125
62.5625
60.9375
59.3125
57.75
56.25
54.75
53.5
52.25
51.0
49.9375
49.125
48.5
48.0
47.5625
46.875
46.6875
49.875
58.5625
70.0625
80.4375
87.625
91.625
94.75
97.9375
100.5625
102.4375
103.375
102.125
98.0625
92.0
84.4375
75.5625
67.5625
64.5625
65.125
65.5
65.125
64.0
62.25
60.4375
58.8125
57.375
55.9375
54.625
53.3125
52.0
50.75
49.6875
48.75
47.8125
46.9375
46.1875
45.4375
44.8125
44.1875
43.625
43.0625
42.5
41.9375
41.4375
40.9375
40.5
40.0625
39.5625
39.125
38.6875
38.25
38.0
37.75
37.5
37.1875
36.875
36.625
36.5
36.375
36.0625
35.6875
35.1875
34.625
34.125
33.875
33.6875
33.5625
34.75
41.125
54.3125
70.25
84.75
95.25
101.75
108.3125
115.0
119.5625
121.75
123.5625
125.0
124.1875
121.375
118.0625
113.5625
105.9375
96.0
85.3125
76.6875
73.875
74.5
74.0625
72.6875
70.8125
68.5625
66.4375
64.625
62.875
61.1875
59.5625
58.0625
56.6875
55.4375
54.3125
53.3125
52.375
51.4375
50.5625
49.75
48.875
48.0
47.1875
46.375
45.625
44.9375
44.3125
43.6875
43.1875
42.6875
42.1875
41.6875
41.25
41.0
40.8125
40.5
40.0625
39.5
38.8125
38.0625
37.6875
37.4375
37.3125
37.375
39.0625
46.25
58.8125
72.75
84.875
93.3125
99.0
104.6875
110.9375
115.75
118.0
119.125
118.6875
117.5625
115.5625
111.875
107.0
99.9375
90.0
79.5625
72.8125
71.875
72.1875
71.3125
69.875
67.875
65.8125
63.9375
62.1875
60.5
58.8125
57.25
55.75
54.375
53.125
52.0
51.0
50.0
49.0625
48.3125
47.5625
46.8125
46.0625
45.375
44.75
44.125
43.625
43.125
42.625
42.0625
41.5625
41.25
41.0
40.625
40.25
39.75
39.0625
38.375
37.8125
37.5625
37.5
37.3125
37.75
41.9375
52.4375
66.1875
79.5
89.625
96.0625
101.375
107.5
112.375
115.25
117.625
119.3125
118.875
116.6875
114.0625
109.6875
102.0625
92.1875
81.5
73.375
71.1875
71.75
71.3125
70.0625
68.375
66.25
64.375
62.6875
61.0
59.375
57.8125
56.3125
55.0
53.75
52.625
51.625
50.6875
49.75
48.9375
48.1875
47.4375
46.8125
46.125
45.4375
44.875
44.3125
43.8125
43.375
43.0
42.5
42.0
41.625
41.5
41.4375
41.125
40.5625
39.875
39.0625
38.4375
38.0
37.9375
37.8125
37.75
39.4375
46.625
59.25
73.0625
84.8125
92.8125
98.5
104.6875
111.375
115.5
117.5
119.6875
120.1875
118.25
116.0
112.625
106.5
98.3125
88.9375
79.125
73.1875
72.875
73.25
72.375
70.875
68.8125
66.5
64.5
62.6875
60.9375
59.25
57.6875
56.25
54.875
53.5625
52.4375
51.4375
50.5
49.625
48.8125
48.0
47.3125
46.5625
45.8125
45.125
44.625
44.0625
43.625
43.125
42.5
42.0
41.6875
41.4375
41.125
40.625
40.0625
39.4375
38.75
38.3125
38.125
37.9375
37.75
38.375
43.125
53.9375
67.75
80.75
90.5625
96.8125
102.25
108.875
114.875
117.75
118.3125
118.4375
117.6875
116.5625
114.6875
110.125
102.75
93.0625
82.1875
74.1875
72.4375
72.9375
72.25
70.875
69.0
66.8125
64.875
63.0625
61.375
59.8125
58.1875
56.6875
55.25
53.9375
52.75
51.75
50.75
49.8125
48.8125
48.0625
47.3125
46.5625
45.8125
45.125
44.5625
44.0625
43.5625
43.125
42.6875
42.3125
41.8125
41.4375
41.25
41.125
40.8125
40.4375
39.8125
39.0625
38.5625
38.25
38.0625
37.9375
37.8125
39.1875
45.625
57.875
71.9375
84.25
92.75
98.1875
103.625
110.0625
114.8125
116.9375
118.75
119.8125
118.6875
116.0625
111.875
106.4375
99.5
90.0625
79.6875
73.0
72.125
72.5625
71.8125
70.5625
68.6875
66.625
64.8125
63.0625
61.375
59.75
58.1875
56.6875
55.25
54.0
52.75
51.6875
50.75
49.875
49.0
48.25
47.5
46.75
46.0625
45.4375
44.875
44.3125
43.75
43.3125
42.8125
42.25
41.75
41.375
41.125
40.8125
40.375
39.8125
39.125
38.5
38.0625
37.875
37.75
37.5625
38.0625
42.4375
52.9375
66.75
79.9375
89.9375
96.25
101.75
108.125
113.4375
116.5
118.5
119.8125
119.3125
117.0
113.625
109.5625
103.4375
94.625
84.125
75.25
72.3125
72.75
72.375
71.125
69.3125
67.125
65.125
63.25
61.5
59.875
58.3125
56.75
55.25
54.0
52.8125
51.8125
50.875
50.0
49.125
48.375
47.5625
46.8125
46.0625
45.4375
44.9375
44.4375
43.9375
43.3125
42.6875
42.25
42.0
41.75
41.3125
40.75
40.0625
39.3125
38.8125
38.5
38.375
38.1875
38.25
41.5
50.8125
64.1875
77.5
88.0625
94.75
99.875
105.6875
111.8125
116.0
117.9375
118.3125
118.4375
117.1875
113.5
108.875
103.0
94.75
84.625
75.5
72.1875
72.75
72.6875
71.5625
69.8125
67.625
65.5625
63.6875
61.9375
60.375
58.8125
57.3125
55.9375
54.6875
53.5
52.4375
51.5
50.6875
49.8125
49.0
48.25
47.5625
46.9375
46.3125
45.6875
45.125
44.6875
44.3125
43.75
43.125
42.625
42.375
42.0
41.5625
41.0
40.375
39.6875
39.0625
38.6875
38.5625
38.4375
38.625
41.4375
50.4375
63.8125
77.5
88.375
95.375
100.625
106.5625
112.5625
116.5
119.4375
121.25
121.5
120.625
117.3125
112.375
106.375
98.3125
88.1875
78.3125
73.375
73.5625
73.625
72.4375
70.75
68.625
66.5
64.625
62.875
61.1875
59.5625
57.9375
56.4375
55.0625
53.8125
52.75
51.8125
50.8125
49.9375
49.125
48.3125
47.5625
46.875
46.1875
45.625
45.0625
44.5
43.875
43.375
42.875
42.625
42.3125
41.9375
41.375
40.6875
39.9375
39.375
39.0625
38.875
38.625
38.5625
40.75
48.8125
61.9375
75.8125
87.3125
94.75
99.9375
105.5625
111.375
116.0
118.875
120.0
119.8125
118.375
115.625
111.5
105.375
97.1875
87.0
77.25
72.75
72.9375
72.8125
71.625
70.0
67.9375
65.875
64.0625
62.375
60.875
59.375
57.875
56.375
55.125
53.875
52.875
51.9375
51.0625
50.1875
49.375
48.625
47.875
47.1875
46.4375
45.875
45.3125
44.8125
44.3125
43.8125
43.375
42.9375
42.5
42.1875
42.0625
41.9375
41.5625
40.9375
40.25
39.5
38.9375
38.5625
38.375
38.1875
38.3125
41.125
50.125
63.75
77.625
88.6875
95.875
101.4375
107.5
113.375
117.4375
119.75
120.8125
121.5
120.75
117.875
113.5
107.3125
99.1875
89.25
79.125
73.875
73.875
74.0625
73.0
71.4375
69.3125
67.25
65.3125
63.5
61.8125
60.125
58.5
57.0
55.625
54.375
53.1875
52.1875
51.25
50.3125
49.4375
48.6875
47.9375
47.25
46.5
45.875
45.3125
44.8125
44.25
43.6875
43.125
42.75
42.5
42.1875
41.625
41.0625
40.375
39.6875
39.3125
39.0625
38.9375
38.6875
39.1875
43.875
54.75
68.5625
81.5
91.1875
97.1875
102.4375
108.875
114.375
116.875
118.3125
119.375
119.125
117.5625
114.0625
108.9375
102.3125
93.375
82.9375
74.9375
72.875
73.375
72.8125
71.625
69.75
67.5625
65.625
63.875
62.125
60.4375
58.875
57.4375
56.0
54.6875
53.5
52.5
51.5625
50.6875
49.875
49.0625
48.3125
47.5625
46.875
46.3125
45.6875
45.1875
44.75
44.3125
43.8125
43.25
42.75
42.4375
42.1875
41.8125
41.25
40.5625
39.875
39.25
38.8125
38.625
38.4375
38.25
39.1875
44.8125
56.5
70.5
83.1875
92.25
98.25
103.9375
109.9375
115.0625
118.125
119.25
120.6875
122.0625
120.5
116.625
111.5
104.0
94.1875
83.5625
75.5
73.4375
73.8125
73.25
71.9375
70.0625
67.875
65.75
63.875
62.125
60.375
58.6875
57.1875
55.6875
54.375
53.1875
52.125
51.1875
50.25
49.375
48.5
47.75
47.0625
46.3125
45.625
44.9375
44.3125
43.8125
43.3125
42.875
42.375
41.875
41.4375
41.1875
40.9375
40.5
40.0
39.375
38.625
38.125
37.875
37.75
37.5
37.625
40.5625
49.625
63.0
76.6875
87.875
95.1875
100.8125
106.9375
112.125
115.625
118.75
120.5625
120.25
118.9375
116.25
111.0625
104.625
96.8125
86.9375
77.1875
72.5
72.5625
72.4375
71.375
69.875
67.8125
65.75
63.875
62.125
60.5
58.9375
57.4375
56.0
54.625
53.375
52.3125
51.3125
50.375
49.5
48.6875
47.875
47.1875
46.5
45.875
45.375
44.9375
44.375
43.75
43.25
43.0
42.75
42.4375
41.9375
41.3125
40.5
39.75
39.25
38.9375
38.75
38.5
38.5625
41.9375
51.6875
65.25
78.4375
88.5625
95.1875
100.5625
106.5
111.6875
115.1875
116.9375
117.8125
118.125
116.375
113.0
108.875
103.125
94.875
84.5
75.5
72.25
72.5625
72.25
71.0625
69.25
67.0
64.9375
63.125
61.375
59.625
57.9375
56.375
54.9375
53.625
52.4375
51.4375
50.4375
49.4375
48.625
47.8125
47.0625
46.375
45.6875
45.0
44.3125
43.75
43.125
42.625
42.125
41.6875
41.25
40.75
40.3125
40.0625
39.75
39.375
39.0
38.4375
37.75
37.25
37.0
36.8125
36.6875
36.875
39.875
49.0625
62.5625
76.25
87.3125
94.4375
99.6875
106.125
112.6875
116.625
118.5
119.5625
119.625
118.0
115.0
111.625
106.6875
98.625
88.1875
78.0
72.6875
72.375
72.3125
71.125
69.5625
67.4375
65.375
63.4375
61.6875
59.9375
58.3125
56.75
55.25
53.875
52.75
51.6875
50.6875
49.75
48.875
48.0625
47.25
46.5625
45.8125
45.125
44.4375
43.875
43.375
42.9375
42.375
41.75
41.3125
41.0
40.6875
40.25
39.75
39.1875
38.4375
37.75
37.3125
37.0625
36.875
36.625
37.5625
43.125
54.5625
68.25
80.6875
89.9375
96.0
101.625
107.0625
111.8125
115.375
117.0625
117.25
116.25
115.5
113.3125
107.375
99.4375
90.3125
80.3125
73.0625
71.5
72.0
71.5
70.125
68.125
66.0
64.125
62.375
60.625
59.0
57.5
56.0
54.6875
53.4375
52.375
51.375
50.4375
49.5
48.625
47.75
46.9375
46.1875
45.5
44.8125
44.25
43.625
43.125
42.625
42.0625
41.5
40.9375
40.5625
40.3125
40.125
39.8125
39.25
38.625
37.875
37.25
36.9375
36.875
36.8125
36.875
39.4375
47.8125
60.8125
74.4375
85.6875
93.3125
99.125
105.25
110.375
113.625
116.3125
118.375
119.1875
118.75
116.375
112.125
106.25
98.0625
88.0
77.9375
72.0
71.4375
71.625
70.875
69.375
67.3125
65.125
63.1875
61.375
59.75
58.125
56.5625
55.0625
53.75
52.5
51.375
50.375
49.4375
48.5625
47.75
47.0
46.1875
45.4375
44.8125
44.1875
43.5625
43.0
42.4375
42.0
41.5
40.9375
40.4375
40.125
39.875
39.5
39.0625
38.5
37.875
37.1875
36.6875
36.4375
36.1875
36.0
36.4375
40.4375
50.5625
64.125
77.1875
87.3125
93.8125
98.75
104.625
110.5625
114.3125
115.875
116.625
116.6875
115.3125
112.3125
108.0
101.375
92.0
81.625
73.375
70.8125
71.5625
71.375
70.125
68.25
66.125
64.0625
62.3125
60.625
59.125
57.6875
56.1875
54.8125
53.5625
52.5
51.5
50.5625
49.75
48.875
47.9375
47.0625
46.3125
45.5625
44.875
44.3125
43.8125
43.25
42.6875
42.0
41.375
40.9375
40.75
40.5625
40.1875
39.625
39.0
38.3125
37.625
37.25
37.125
37.0625
37.0
38.5625
45.25
57.375
71.0
83.0625
91.5
97.0
102.6875
108.6875
113.0
115.75
117.3125
117.375
116.4375
115.0625
111.625
105.5
98.0625
88.8125
78.5625
71.75
70.75
71.125
70.3125
69.0625
67.125
64.875
62.9375
61.25
59.625
58.0
56.5
55.0625
53.75
52.5625
51.4375
50.4375
49.5
48.5625
47.75
46.9375
46.25
45.5
44.8125
44.1875
43.5625
43.0
42.5
42.0625
41.5625
41.0625
40.5625
40.1875
39.9375
39.6875
39.375
38.9375
38.375
37.6875
37.125
36.8125
36.625
36.5
36.4375
38.625
46.5
59.3125
73.0
84.6875
92.625
98.125
104.125
110.125
114.0
116.0625
117.6875
118.625
117.6875
115.4375
111.5625
105.4375
96.6875
86.375
76.4375
71.375
71.4375
71.6875
70.625
68.9375
66.8125
64.75
63.0
61.25
59.625
58.0625
56.5625
55.1875
53.875
52.6875
51.6875
50.75
49.8125
49.0
48.25
47.5
46.8125
46.125
45.4375
44.8125
44.25
43.75
43.3125
42.875
42.3125
41.8125
41.625
41.5
41.25
40.8125
40.25
39.6875
39.0625
38.625
38.4375
38.375
38.25
38.3125
41.3125
50.375
63.75
77.0
87.25
93.875
99.3125
105.375
111.1875
115.0625
116.8125
117.5625
117.5
116.25
114.1875
110.0625
102.875
93.8125
83.75
74.8125
71.5625
72.3125
72.25
71.0625
69.375
67.25
65.25
63.5
61.8125
60.1875
58.5625
57.0
55.5625
54.1875
53.0
52.0
51.0
50.0625
49.125
48.3125
47.5625
46.875
46.125
45.4375
44.8125
44.1875
43.75
43.3125
42.75
42.1875
41.6875
41.4375
41.25
40.875
40.375
39.75
39.0625
38.4375
38.125
37.875
37.75
37.625
39.5
47.0625
59.875
73.75
85.5625
93.5625
99.0625
104.9375
111.0625
114.6875
116.4375
118.0
119.6875
119.4375
116.875
112.5
106.125
97.9375
88.0
78.0625
72.75
72.625
72.8125
72.0
70.5
68.4375
66.4375
64.5625
62.8125
61.125
59.5625
58.0
56.5
55.1875
53.9375
52.875
51.8125
50.875
50.0625
49.3125
48.5625
47.8125
47.125
46.5
45.8125
45.3125
44.8125
44.4375
43.8125
43.3125
43.0
42.8125
42.5625
42.1875
41.5
40.6875
39.875
39.25
38.9375
38.9375
38.8125
38.625
40.125
47.1875
59.6875
73.625
85.625
93.625
99.0
104.6875
110.5625
114.8125
117.125
118.9375
119.9375
118.9375
117.125
114.125
108.625
100.375
90.3125
80.0
74.0625
73.75
73.9375
72.75
71.0625
69.0
66.8125
65.0625
63.5
62.0
60.125
58.1875
56.8125
55.875
55.1875
54.4375
53.6875
54.1875
57.3125
61.9375
65.625
67.25
66.9375
64.9375
61.9375
58.1875
53.625
49.5
48.0
48.375
48.8125
49.0625
48.875
48.125
47.25
46.5
45.75
45.0625
44.375
43.8125
43.1875
42.5625
41.9375
41.4375
40.9375
40.375
39.875
39.4375
39.0625
38.6875
38.25
37.9375
37.5625
37.25
36.875
36.625
36.375
36.125
35.875
35.5625
35.3125
35.0
34.75
34.5
34.25
34.125
34.125
34.0
33.75
33.5625
33.5625
33.5625
33.4375
33.25
32.9375
32.4375
32.0625
31.8125
31.6875
31.5625
32.875
39.6875
53.5625
70.5
86.25
97.5
104.4375
110.4375
116.375
120.8125
123.375
125.0625
127.0625
126.375
122.3125
117.875
112.0
104.375
95.5625
85.375
76.375
73.1875
73.5625
73.1875
71.875
70.0625
67.8125
65.75
63.9375
62.1875
60.5
58.875
57.3125
55.8125
54.5625
53.4375
52.375
51.4375
50.5
49.6875
48.8125
48.0625
47.3125
46.625
45.9375
45.375
44.8125
44.25
43.75
43.25
42.8125
42.375
41.875
41.4375
41.25
40.9375
40.5
39.875
39.25
38.625
38.125
37.8125
37.625
37.4375
37.4375
40.0625
49.0
62.875
77.1875
88.625
96.125
101.5625
107.5
112.5625
115.875
118.875
120.9375
120.125
118.375
115.5
110.875
104.9375
96.9375
86.875
76.875
71.5
71.1875
71.0
69.75
68.125
66.1875
64.25
62.5625
61.0625
59.6875
57.875
56.0625
54.6875
53.8125
53.25
52.5625
52.0625
53.4375
57.4375
62.125
65.4375
66.8125
66.25
64.1875
61.25
57.375
52.75
48.5
46.8125
47.0625
47.4375
47.6875
47.5625
46.9375
46.0625
45.25
44.5
43.8125
43.1875
42.5625
41.9375
41.3125
40.8125
40.25
39.6875
39.1875
38.6875
38.25
37.8125
37.375
37.0625
36.75
36.375
36.0625
35.75
35.5
35.25
34.9375
34.6875
34.4375
34.125
33.875
33.625
33.375
33.1875
33.125
33.0
32.875
32.625
32.5625
32.5625
32.4375
32.3125
32.0
31.5
31.0
30.6875
30.4375
30.25
30.75
35.1875
46.875
63.375
79.875
92.9375
101.0
107.125
112.75
117.625
120.6875
121.375
121.8125
123.75
123.4375
119.375
113.4375
105.5
96.1875
86.0
76.4375
71.9375
72.125
72.0
70.875
69.1875
67.125
65.0625
63.1875
61.375
59.6875
58.125
56.625
55.25
54.0
53.0
52.0
51.0
50.0625
49.25
48.5
47.75
47.0625
46.25
45.5
44.75
44.125
43.5
42.875
42.4375
42.0
41.375
40.8125
40.3125
40.0625
39.9375
39.6875
39.1875
38.5625
37.8125
37.1875
36.875
36.75
36.6875
36.8125
39.625
48.75
62.6875
76.9375
88.4375
95.75
101.0
107.25
112.9375
115.8125
117.9375
119.1875
118.8125
117.6875
114.5625
109.125
102.25
94.25
84.375
74.875
70.25
70.0
69.8125
68.9375
67.3125
65.3125
63.375
61.5625
59.875
58.3125
56.8125
55.3125
53.875
52.625
51.4375
50.375
49.375
48.375
47.4375
46.625
45.9375
45.25
44.5625
43.9375
43.375
42.875
42.4375
41.8125
41.25
40.875
40.625
40.3125
39.875
39.375
38.6875
38.0625
37.5625
37.25
37.125
36.9375
37.0625
40.3125
49.875
63.5625
77.3125
88.1875
95.0625
99.875
105.0
110.5
114.4375
116.625
117.75
116.625
114.625
112.125
107.5
100.25
90.875
80.1875
71.5625
69.0
69.625
69.3125
68.125
66.5625
64.5625
62.5625
60.75
59.0
57.375
55.875
54.375
53.0
51.75
50.75
49.8125
48.875
47.9375
47.125
46.4375
45.75
45.0625
44.4375
43.875
43.3125
42.75
42.25
41.75
41.3125
40.875
40.4375
40.25
40.125
39.9375
39.5625
39.0
38.375
37.8125
37.375
37.125
37.0625
36.9375
37.3125
41.4375
51.75
65.4375
78.375
88.25
94.6875
100.0625
106.5
111.8125
114.875
116.8125
116.875
115.4375
113.75
111.375
107.375
101.3125
91.9375
80.8125
72.4375
70.3125
71.125
70.8125
69.75
68.125
66.0
63.9375
62.0
60.25
58.6875
57.1875
55.6875
54.25
52.9375
51.875
51.0625
50.1875
49.5
49.0
48.3125
48.1875
51.3125
59.25
69.0625
77.4375
83.375
86.8125
88.8125
90.4375
91.5625
91.25
89.25
85.5
79.625
72.0
64.375
60.0625
59.6875
60.0625
60.1875
59.875
58.8125
57.4375
56.125
54.8125
53.5625
52.375
51.25
50.0625
49.0
48.0
47.125
46.25
45.5
44.75
44.0
43.4375
42.875
42.375
41.875
41.4375
40.9375
40.4375
39.9375
39.4375
39.0625
38.75
38.375
38.0
37.5625
37.25
37.0
36.8125
36.625
36.3125
36.0625
35.875
35.8125
35.625
35.3125
34.9375
34.375
33.875
33.5
33.4375
33.3125
33.9375
38.75
50.75
66.8125
82.4375
94.5625
102.5
109.1875
115.5625
119.6875
121.4375
123.1875
125.8125
125.125
122.375
119.8125
115.0625
107.9375
99.1875
88.9375
79.125
74.0625
73.8125
73.6875
72.4375
70.75
68.5625
66.4375
64.5
62.6875
60.9375
59.1875
57.625
56.1875
54.875
53.6875
52.6875
51.75
50.875
50.0
49.25
48.5
47.8125
47.25
46.5625
45.9375
45.375
44.875
44.4375
43.8125
43.1875
42.6875
42.25
42.0
41.6875
41.0625
40.375
39.625
38.875
38.4375
38.25
38.1875
38.0625
38.8125
43.9375
55.3125
69.375
82.3125
91.6875
97.6875
103.0625
109.1875
113.8125
116.4375
118.625
120.1875
119.625
117.375
113.6875
108.4375
101.5
92.125
81.25
73.3125
71.375
71.75
71.1875
70.0625
68.1875
66.125
64.125
62.3125
60.5625
58.9375
57.375
55.8125
54.375
53.125
52.0
50.9375
50.0
49.0625
48.1875
47.4375
46.75
46.0
45.25
44.5625
44.0
43.5
43.0625
42.5
41.9375
41.4375
41.125
40.875
40.5625
40.125
39.5625
38.9375
38.25
37.8125
37.5625
37.4375
37.3125
38.125
43.5625
55.125
69.1875
82.1875
91.75
97.8125
103.3125
109.875
114.9375
117.4375
119.0625
120.1875
119.625
116.9375
113.125
107.875
100.1875
90.25
79.875
73.125
72.1875
72.5625
71.75
70.375
68.375
66.1875
64.25
62.5
60.875
59.25
57.6875
56.1875
54.75
53.5
52.375
51.375
50.375
49.4375
48.625
47.8125
47.125
46.375
45.625
45.0
44.4375
43.875
43.375
43.0
42.4375
41.875
41.375
41.0625
40.75
40.4375
40.0
39.375
38.625
38.0
37.625
37.4375
37.25
37.1875
38.875
46.0
58.8125
72.8125
84.8125
93.0
98.5
103.9375
110.3125
115.5625
118.25
119.5625
120.3125
119.5625
116.875
112.4375
106.0625
97.6875
87.8125
78.25
73.6875
74.0
74.1875
73.0625
71.3125
69.1875
67.125
65.1875
63.4375
61.75
60.0625
58.5
57.0
55.625
54.4375
53.4375
52.4375
51.375
50.375
49.375
48.625
47.875
47.1875
46.5625
45.875
45.3125
44.75
44.1875
43.8125
43.3125
42.75
42.3125
42.0625
41.75
41.3125
40.75
40.125
39.5
38.8125
38.5
38.375
38.25
38.1875
40.3125
48.1875
61.1875
75.0625
86.75
94.5
99.8125
105.1875
110.9375
115.875
119.1875
121.125
121.0
119.6875
117.9375
113.5625
106.5
98.0625
88.0
78.375
73.875
74.375
74.625
73.3125
71.5
69.25
66.9375
65.0
63.25
61.5
59.9375
58.375
56.875
55.5
54.25
53.1875
52.1875
51.25
50.375
49.5
48.75
48.0625
47.3125
46.5625
45.9375
45.375
44.9375
44.375
43.8125
43.25
42.875
42.625
42.25
41.875
41.3125
40.625
39.875
39.4375
39.1875
39.0625
38.8125
38.875
42.0625
51.625
65.3125
78.875
89.375
96.125
101.4375
107.8125
113.3125
116.0
118.375
120.6875
120.75
118.5625
116.25
112.4375
105.25
95.4375
84.75
76.3125
73.875
74.125
73.4375
72.1875
70.375
68.1875
66.25
64.5
62.75
61.1875
59.6875
58.1875
56.75
55.5
54.3125
53.25
52.3125
51.4375
50.5625
49.75
49.0
48.3125
47.625
46.9375
46.3125
45.75
45.25
44.8125
44.375
43.875
43.3125
43.0
42.8125
42.6875
42.4375
41.9375
41.3125
40.625
39.875
39.4375
39.25
39.0625
38.875
40.125
46.375
58.625
72.8125
85.3125
94.0625
100.125
106.1875
112.625
117.1875
119.8125
121.5625
122.4375
121.9375
119.6875
115.5
109.9375
102.8125
93.0
82.125
75.4375
74.8125
75.3125
74.4375
72.875
70.75
68.5625
66.625
64.8125
63.0625
61.3125
59.6875
58.1875
56.6875
55.4375
54.3125
53.25
52.25
51.3125
50.5
49.6875
48.9375
48.1875
47.4375
46.75
46.1875
45.6875
45.1875
44.5625
44.0
43.5
43.1875
42.9375
42.5625
42.0
41.4375
40.75
40.125
39.75
39.5625
39.4375
39.25
40.8125
47.875
60.6875
74.75
86.6875
94.75
100.0
105.1875
111.1875
116.5625
119.875
121.75
121.8125
120.625
119.0625
115.375
109.3125
101.1875
90.625
80.25
74.875
74.75
74.875
73.875
72.25
70.125
67.9375
66.0
64.1875
62.5
60.8125
59.1875
57.6875
56.25
54.9375
53.875
52.875
51.9375
51.0
50.0625
49.3125
48.625
47.875
47.1875
46.5
45.9375
45.4375
44.9375
44.375
43.8125
43.375
43.0625
42.75
42.375
41.875
41.25
40.5
39.875
39.625
39.375
39.1875
39.0625
41.125
49.0625
62.1875
76.1875
87.75
95.5
101.1875
107.625
114.0625
117.9375
120.1875
121.125
120.875
120.375
118.8125
115.125
109.0
100.25
89.875
80.0625
75.3125
75.375
75.375
74.25
72.5
70.375
68.25
66.4375
64.625
62.9375
61.25
59.625
58.0625
56.625
55.3125
54.25
53.3125
52.375
51.5
50.75
49.9375
49.25
48.625
48.0
47.375
46.8125
46.3125
45.875
45.25
44.75
44.3125
44.0625
43.6875
43.125
42.4375
41.8125
41.0
40.375
40.0625
39.9375
39.75
39.8125
42.6875
51.8125
65.375
79.125
90.125
97.4375
103.3125
109.5
114.75
118.1875
120.8125
122.5625
122.4375
121.5
119.75
115.75
109.125
100.125
89.4375
79.6875
75.5
75.6875
75.5
74.3125
72.375
70.125
68.0
66.0625
64.3125
62.5625
60.75
59.125
57.625
56.25
55.0
53.8125
52.8125
51.75
50.875
50.125
49.375
48.5625
47.8125
47.0625
46.4375
45.875
45.3125
44.8125
44.1875
43.6875
43.3125
43.0
42.6875
42.1875
41.625
40.9375
40.3125
39.8125
39.5625
39.4375
39.125
39.4375
43.3125
53.5625
67.5
80.9375
91.25
97.9375
103.1875
109.0625
114.5
118.1875
120.4375
121.0625
120.5
119.625
117.4375
112.5
105.1875
95.6875
84.6875
76.25
74.0625
74.6875
74.125
72.6875
70.75
68.6875
66.75
65.125
63.6875
62.0
60.125
58.4375
57.25
56.4375
55.8125
54.875
54.625
56.75
61.375
66.25
69.4375
70.375
69.375
67.125
64.0625
60.0625
55.375
51.4375
50.375
50.875
51.125
51.125
50.75
49.8125
48.9375
48.1875
47.5625
46.875
46.0625
45.3125
44.5625
43.875
43.25
42.6875
42.1875
41.6875
41.1875
40.625
40.1875
39.75
39.375
39.0
38.625
38.25
37.875
37.5625
37.25
37.0
36.6875
36.3125
36.0625
35.8125
35.5625
35.3125
35.0625
34.8125
34.625
34.625
34.5625
34.375
34.1875
34.1875
34.125
34.0
33.875
33.5
33.0
32.5625
32.3125
32.1875
32.4375
35.25
44.6875
60.375
77.4375
92.1875
101.9375
108.625
115.8125
122.25
126.125
128.375
129.5
129.3125
128.875
126.5
121.25
113.75
105.1875
95.4375
84.8125
76.625
74.5
74.9375
74.125
72.5
70.4375
68.125
66.0
64.125
62.375
60.6875
58.9375
57.375
55.9375
54.6875
53.5
52.4375
51.4375
50.4375
49.5625
48.75
47.9375
47.1875
46.4375
45.75
45.0625
44.4375
43.9375
43.5
43.0625
42.5
42.0625
41.625
41.25
40.875
40.375
39.75
39.125
38.4375
37.875
37.625
37.4375
37.25
38.625
45.3125
58.125
72.5625
85.125
93.8125
99.625
105.875
112.3125
115.875
117.1875
118.6875
120.125
119.4375
116.625
112.4375
106.875
99.375
89.4375
78.9375
72.5625
71.6875
71.625
70.5625
69.0625
67.25
65.4375
63.6875
62.0625
60.5625
58.8125
57.0625
55.75
54.875
54.25
53.5625
53.0
54.6875
59.5
65.0625
69.0
70.625
70.4375
69.0
66.9375
64.0625
59.9375
54.8125
50.4375
49.0625
49.4375
49.875
50.125
49.75
48.9375
48.0625
47.25
46.4375
45.6875
45.0
44.25
43.5
42.75
42.125
41.5625
41.0
40.5
39.9375
39.4375
38.9375
38.5
38.125
37.75
37.375
37.0625
36.6875
36.375
36.125
35.8125
35.5
35.25
34.9375
34.6875
34.375
34.1875
34.0625
33.9375
33.8125
33.625
33.5
33.5
33.4375
33.3125
33.0625
32.6875
32.125
31.75
31.5625
31.4375
31.5625
34.0
42.9375
58.25
75.1875
90.125
99.9375
106.1875
113.0
118.8125
122.625
125.5625
126.0
125.0625
124.1875
122.0
118.0625
111.125
101.625
91.4375
81.0
73.5
72.0
72.3125
71.625
70.375
68.5
66.375
64.5
62.75
61.0625
59.4375
57.9375
56.4375
55.125
53.875
52.75
51.75
50.8125
49.875
49.0625
48.3125
47.5625
46.875
46.25
45.625
45.0625
44.5625
44.125
43.6875
43.25
42.875
42.4375
42.125
41.9375
41.6875
41.1875
40.5625
39.75
38.875
38.3125
38.0625
37.9375
37.75
38.125
42.1875
52.875
67.375
81.1875
91.5
97.9375
103.375
109.8125
115.25
118.125
119.625
120.1875
120.0625
118.3125
114.4375
109.75
103.375
93.875
82.625
73.875
71.1875
71.4375
71.0
69.75
68.0
66.0
64.0625
62.3125
60.625
58.9375
57.25
55.75
54.3125
53.0
51.8125
50.8125
49.8125
48.875
48.0
47.25
46.5
45.8125
45.0625
44.375
43.8125
43.25
42.75
42.3125
41.9375
41.375
40.875
40.625
40.3125
39.9375
39.5
39.0625
38.375
37.75
37.375
37.125
37.0
36.875
38.4375
45.5
58.25
72.4375
84.875
93.625
99.4375
105.1875
111.1875
115.6875
118.0625
119.3125
120.0
118.4375
115.1875
111.0
105.25
97.3125
87.125
77.125
71.4375
70.875
71.125
70.375
69.0
67.0625
65.0625
63.3125
61.5
59.875
58.3125
56.75
55.375
54.0625
52.8125
51.75
50.75
49.75
48.875
48.125
47.375
46.6875
46.0625
45.4375
44.75
44.25
43.75
43.3125
42.875
42.375
41.9375
41.625
41.5
41.375
41.0
40.375
39.625
38.875
38.25
37.9375
37.8125
37.8125
38.125
41.5625
51.25
64.75
78.1875
88.6875
95.5625
100.75
106.6875
112.8125
116.5
117.5625
118.125
119.0625
118.3125
114.9375
110.25
103.625
94.1875
83.25
74.5
71.75
72.0625
71.5625
70.375
68.75
66.625
64.75
63.0
61.3125
59.75
58.1875
56.625
55.25
53.9375
52.75
51.75
50.75
49.8125
49.0
48.1875
47.5
46.75
46.0
45.3125
44.6875
44.1875
43.6875
43.25
42.6875
42.1875
41.75
41.4375
41.125
40.8125
40.4375
39.8125
39.1875
38.5625
38.1875
38.0
37.875
37.8125
39.3125
46.125
58.625
72.625
84.75
93.1875
98.5625
104.0
110.1875
114.9375
117.9375
120.25
120.25
118.1875
116.1875
113.125
107.5
99.5625
89.5625
78.9375
72.8125
72.625
73.125
72.3125
70.875
68.9375
67.0
65.25
63.5
61.6875
59.9375
58.1875
56.6875
55.375
54.125
52.875
51.75
50.875
50.1875
49.4375
48.9375
48.5
47.875
49.0625
55.1875
65.6875
76.25
84.5
89.5625
92.4375
95.0625
97.6875
99.6875
100.375
99.4375
96.125
90.1875
82.0
72.875
65.8125
64.0625
64.9375
65.1875
64.625
63.375
61.75
60.25
58.8125
57.5625
56.3125
55.0625
53.8125
52.5625
51.4375
50.4375
49.5
48.6875
47.9375
47.25
46.5625
45.9375
45.4375
44.9375
44.4375
44.0
43.5
43.0625
42.625
42.1875
41.75
41.25
40.75
40.25
39.75
39.3125
38.9375
38.6875
38.375
38.125
37.8125
37.5
37.375
37.375
37.25
36.875
36.4375
35.8125
35.25
35.0
34.9375
35.125
37.5625
46.1875
60.9375
77.0
90.6875
99.75
106.25
113.25
119.6875
124.25
127.375
128.5
127.8125
127.125
125.5
121.4375
114.75
106.1875
96.125
85.4375
77.3125
75.375
75.9375
75.125
73.4375
71.3125
69.0625
67.0
65.0625
63.25
61.5625
59.875
58.25
56.75
55.4375
54.25
53.1875
52.1875
51.25
50.3125
49.5
48.6875
47.875
47.125
46.375
45.75
45.1875
44.6875
44.1875
43.5625
43.0
42.5
42.125
41.8125
41.375
40.9375
40.375
39.625
38.875
38.4375
38.25
38.0625
37.9375
39.1875
45.75
58.0625
72.125
84.5
93.0
98.4375
103.625
109.625
114.6875
117.4375
118.25
118.625
118.5625
117.1875
113.125
106.6875
98.4375
88.1875
78.25
73.25
73.1875
73.375
72.4375
70.8125
68.6875
66.625
64.875
63.0625
61.4375
59.875
58.3125
56.75
55.25
53.9375
52.75
51.75
50.75
49.75
48.8125
48.0
47.25
46.5
45.8125
45.25
44.625
44.0625
43.5625
43.125
42.5625
42.0625
41.5625
41.25
41.0
40.5625
40.0625
39.5
38.8125
38.25
37.875
37.6875
37.5625
37.8125
40.9375
50.25
63.875
77.5
88.625
96.0
101.4375
107.3125
112.875
116.3125
118.0625
119.1875
119.4375
118.25
115.4375
110.6875
104.25
95.75
85.0
75.6875
72.25
72.625
72.375
71.1875
69.375
67.1875
65.1875
63.375
61.625
60.0
58.375
56.8125
55.375
54.125
52.9375
51.875
50.875
49.9375
49.0625
48.25
47.4375
46.6875
46.0
45.3125
44.5625
43.9375
43.375
42.9375
42.4375
41.875
41.375
41.0625
40.75
40.4375
40.0625
39.6875
39.0625
38.5
38.0625
37.8125
37.6875
37.5
37.875
41.6875
51.6875
65.3125
78.625
88.9375
95.5625
100.8125
106.875
112.375
116.0
117.625
117.6875
117.5
116.4375
112.8125
107.875
101.75
92.875
82.1875
74.25
72.375
72.625
72.0
70.6875
68.875
66.75
64.875
63.125
61.4375
59.875
58.3125
56.75
55.3125
54.0625
52.9375
51.9375
50.875
49.875
49.0625
48.25
47.5
46.75
46.0
45.3125
44.75
44.125
43.625
43.125
42.6875
42.1875
41.6875
41.4375
41.1875
40.8125
40.375
39.75
39.0625
38.4375
38.0
37.8125
37.6875
37.625
39.25
46.3125
58.8125
72.625
84.5625
92.8125
98.3125
103.875
109.625
113.5625
116.5
118.4375
118.25
117.0
115.0625
111.875
106.75
98.875
88.4375
78.0625
72.875
72.75
72.75
71.6875
70.0625
67.9375
65.9375
64.0625
62.25
60.5625
58.9375
57.3125
55.8125
54.4375
53.1875
52.125
51.125
50.1875
49.25
48.4375
47.6875
46.9375
46.25
45.5625
44.9375
44.3125
43.8125
43.375
42.8125
42.25
41.6875
41.3125
41.0625
40.6875
40.25
39.625
39.0
38.25
37.8125
37.5
37.375
37.125
37.4375
41.3125
51.375
65.0625
78.3125
88.5625
95.0
99.9375
105.8125
111.5
115.0
117.4375
118.3125
117.75
116.5625
113.4375
108.1875
100.875
91.25
80.625
73.0
71.5625
72.625
72.375
71.1875
69.25
67.0
65.0625
63.25
61.5625
60.0625
58.5
57.0
55.6875
54.375
53.25
52.3125
51.4375
50.5625
49.75
48.9375
48.1875
47.375
46.5625
45.75
45.0
44.4375
43.875
43.375
42.9375
42.3125
41.75
41.3125
41.0625
40.9375
40.5625
40.0625
39.4375
38.75
38.125
37.75
37.625
37.5
37.5625
39.875
47.875
60.625
74.3125
85.9375
93.9375
99.5
105.375
111.0
114.5
116.875
118.5625
119.625
118.9375
115.75
110.875
104.9375
97.375
87.75
77.6875
72.3125
72.0625
72.1875
71.25
69.6875
67.6875
65.6875
63.8125
62.125
60.4375
58.875
57.375
55.875
54.5
53.25
52.25
51.25
50.25
49.375
48.5
47.75
47.0
46.3125
45.5625
44.9375
44.3125
43.75
43.25
42.8125
42.375
41.875
41.4375
41.1875
40.875
40.5
40.0
39.375
38.75
38.125
37.6875
37.4375
37.25
37.125
38.75
45.6875
58.0
71.75
83.75
91.9375
97.5
103.125
108.9375
113.5625
116.875
117.875
117.6875
117.875
115.6875
110.8125
105.125
97.375
87.4375
77.5625
72.25
72.125
72.375
71.375
69.875
67.8125
65.8125
64.0
62.3125
60.75
59.1875
57.75
56.375
55.0625
53.875
52.8125
51.8125
50.9375
50.1875
49.4375
48.75
48.0
47.375
46.6875
46.0625
45.375
44.6875
44.0
43.375
42.8125
42.25
42.0
41.8125
41.5
40.875
40.25
39.5
38.875
38.4375
38.3125
38.1875
38.0
38.625
43.375
54.1875
67.8125
80.625
90.125
96.1875
101.1875
107.1875
112.9375
117.0625
119.0625
119.5625
119.875
118.3125
114.9375
109.6875
102.25
93.3125
83.25
75.0
72.5
72.8125
72.125
70.875
69.1875
67.0
65.0
63.25
61.5
59.8125
58.25
56.75
55.25
54.0
52.8125
51.8125
50.8125
49.875
49.0
48.1875
47.5
46.8125
46.0625
45.375
44.75
44.1875
43.6875
43.1875
42.75
42.1875
41.75
41.4375
41.125
40.8125
40.3125
39.75
39.125
38.5
38.0625
37.8125
37.6875
37.4375
38.375
43.875
55.3125
69.0625
81.6875
90.9375
96.9375
102.25
108.1875
113.125
116.4375
118.4375
118.8125
118.4375
116.3125
112.625
107.625
100.75
91.25
80.5
73.4375
72.375
72.75
72.0625
70.6875
68.6875
66.5625
64.6875
62.9375
61.25
59.6875
58.1875
56.6875
55.3125
54.0625
53.0
52.0625
51.125
50.25
49.4375
48.75
48.0625
47.375
46.75
46.125
45.5625
45.0625
44.5625
44.0625
43.5625
43.125
42.75
42.4375
42.0625
41.5625
40.9375
40.3125
39.625
38.9375
38.5625
38.375
38.25
38.1875
40.0625
47.5625
60.125
73.9375
85.6875
93.5625
98.75
104.25
110.5625
115.6875
118.75
119.9375
120.0625
119.5625
117.375
113.0
107.3125
99.9375
90.0625
79.5
73.1875
72.75
73.25
72.4375
70.9375
69.0
66.8125
64.875
63.0625
61.3125
59.625
58.0
56.4375
55.0
53.6875
52.5625
51.625
50.6875
49.75
48.9375
48.1875
47.5
46.8125
46.0625
45.375
44.75
44.1875
43.75
43.25
42.75
42.25
41.875
41.625
41.25
40.75
40.1875
39.5625
38.875
38.375
38.0625
37.875
37.6875
38.0625
42.4375
53.0
66.625
79.8125
89.8125
96.125
101.25
107.1875
113.0
117.0625
118.75
118.875
118.875
118.125
115.0
110.125
102.9375
93.3125
82.75
74.5625
72.3125
72.8125
72.375
71.25
69.4375
67.3125
65.4375
63.75
62.0
60.4375
59.0
57.5625
56.125
54.875
53.75
52.75
51.875
51.0
50.25
49.5
48.75
48.0
47.3125
46.625
46.0
45.4375
44.875
44.25
43.5625
42.9375
42.4375
42.25
42.0
41.5625
40.9375
40.1875
39.375
38.8125
38.5
38.375
38.3125
38.75
42.5
52.4375
66.0
79.375
89.6875
96.125
101.0625
107.3125
113.75
117.3125
119.0
120.125
119.625
117.75
115.5625
112.0
105.875
96.9375
86.4375
77.0
72.9375
73.0
72.8125
71.75
70.0625
67.9375
65.8125
64.0
62.25
60.5625
58.875
57.3125
55.875
54.5625
53.3125
52.3125
51.3125
50.3125
49.4375
48.625
47.875
47.125
46.375
45.75
45.0625
44.5
44.0
43.5
43.0
42.5
42.125
41.8125
41.5
41.125
40.5
39.875
39.125
38.625
38.3125
38.0625
37.875
38.375
42.875
53.6875
67.5
80.5
90.1875
96.375
101.5
107.6875
113.0625
116.125
117.5
118.0625
118.125
117.25
114.5
109.3125
101.8125
92.125
81.5625
73.9375
72.125
72.4375
71.8125
70.5
68.75
66.9375
65.25
63.8125
62.25
60.375
58.5
57.1875
56.3125
55.625
54.75
54.0
54.8125
58.25
62.9375
66.75
68.4375
68.125
66.1875
63.4375
59.6875
55.125
50.75
48.6875
48.875
49.25
49.4375
49.25
48.5625
47.625
46.8125
46.0625
45.375
44.8125
44.1875
43.4375
42.75
42.125
41.5
40.875
40.375
39.9375
39.5
39.0625
38.625
38.1875
37.8125
37.5
37.1875
36.875
36.5625
36.25
35.9375
35.6875
35.375
35.125
34.8125
34.5625
34.25
34.0625
33.875
33.8125
33.6875
33.5625
33.4375
33.375
33.3125
33.1875
33.0625
32.6875
32.1875
31.8125
31.5625
31.375
31.625
34.6875
44.5
60.25
77.0625
91.375
100.6875
107.375
114.5625
119.375
121.9375
122.75
123.5625
124.75
124.3125
122.1875
117.75
110.5625
101.9375
91.875
81.25
74.1875
73.0625
73.1875
72.25
70.875
68.75
66.5
64.4375
62.625
60.9375
59.3125
57.75
56.25
54.9375
53.6875
52.625
51.625
50.75
49.8125
48.9375
48.125
47.375
46.6875
46.0625
45.4375
44.875
44.375
43.9375
43.5
43.0
42.625
42.375
42.1875
41.875
41.4375
40.875
40.1875
39.4375
38.875
38.5625
38.3125
38.125
39.125
44.9375
57.0625
71.5
84.1875
92.9375
98.375
103.6875
109.9375
114.3125
116.5625
117.6875
118.75
117.875
114.75
111.0
105.875
98.5
88.75
78.1875
71.375
70.3125
70.625
69.875
68.625
66.75
64.75
62.9375
61.125
59.5625
58.0
56.5
55.0
53.5625
52.3125
51.1875
50.1875
49.25
48.3125
47.375
46.625
45.9375
45.1875
44.5625
43.9375
43.375
42.875
42.375
41.9375
41.375
40.9375
40.625
40.3125
39.9375
39.5
38.9375
38.25
37.6875
37.3125
37.0625
36.9375
37.0
39.625
48.25
61.8125
75.8125
87.375
95.0
100.375
106.25
111.75
114.6875
116.5
118.8125
119.875
118.125
114.625
109.6875
102.6875
94.0
84.125
75.0
71.0625
71.1875
70.9375
69.9375
68.3125
66.3125
64.3125
62.5625
60.8125
59.3125
57.875
56.375
55.0
53.75
52.5625
51.5625
50.5625
49.625
48.75
48.0
47.25
46.5625
45.9375
45.3125
44.8125
44.3125
43.875
43.5625
43.0625
42.5625
42.25
42.0625
41.75
41.1875
40.5
39.6875
38.875
38.4375
38.1875
38.0
37.875
38.5
43.0
53.75
67.625
80.75
90.375
96.4375
101.6875
107.8125
113.0625
115.9375
117.75
119.1875
118.75
116.625
113.9375
109.1875
101.5
91.75
81.3125
73.6875
72.125
72.75
72.0625
70.75
68.875
66.6875
64.6875
62.9375
61.1875
59.5625
58.0
56.5
55.0625
53.8125
52.5625
51.5625
50.5625
49.625
48.75
47.9375
47.25
46.5
45.8125
45.125
44.5
44.0
43.5625
43.0625
42.5625
42.0625
41.625
41.3125
41.0
40.625
40.125
39.5
38.8125
38.3125
38.0
37.8125
37.6875
38.125
42.0625
52.375
66.1875
79.625
89.8125
96.125
100.875
106.375
112.1875
116.75
119.0
119.9375
120.0
117.625
113.875
109.0625
101.75
92.125
81.8125
74.0625
72.5
73.3125
72.8125
71.4375
69.4375
67.125
65.0
63.1875
61.5625
59.8125
58.1875
56.625
55.3125
54.1875
53.1875
52.125
51.375
50.875
50.1875
49.6875
51.5
57.875
67.3125
75.6875
81.5
84.875
86.8125
88.3125
89.125
88.625
86.1875
81.75
75.5
67.9375
61.125
58.5625
59.1875
59.75
59.875
59.3125
58.0
56.625
55.25
53.9375
52.8125
51.8125
50.75
49.75
48.75
47.8125
47.0
46.25
45.5
44.75
44.125
43.5625
43.0
42.5
42.0
41.5
41.0625
40.5625
40.1875
39.75
39.375
39.0625
38.625
38.25
37.875
37.5625
37.3125
37.0625
36.9375
36.625
36.375
36.25
36.25
36.0625
35.875
35.5
35.0
34.4375
34.1875
34.0625
33.9375
34.1875
37.1875
47.0625
62.5625
78.875
92.375
101.0625
107.4375
114.125
119.5625
123.6875
126.125
127.0
128.1875
127.375
124.5625
120.5625
114.0625
105.0625
94.8125
84.1875
76.75
75.4375
75.75
74.6875
73.0625
70.875
68.5625
66.5
64.5625
62.75
61.0625
59.375
57.75
56.3125
55.0625
53.875
52.875
51.875
50.875
50.0
49.1875
48.3125
47.5625
46.875
46.125
45.5
44.9375
44.375
43.9375
43.375
42.875
42.4375
42.125
41.8125
41.375
40.9375
40.3125
39.625
39.0
38.625
38.375
38.25
38.25
40.5625
49.0
62.375
76.3125
88.0
95.625
100.9375
106.9375
112.6875
116.125
118.625
119.375
119.5625
119.8125
117.125
112.375
106.0
97.5
87.1875
77.5625
72.9375
72.9375
72.8125
71.5625
69.875
67.75
65.75
64.0
62.5
61.0
59.25
57.375
56.0625
55.25
54.6875
53.9375
53.5
55.0625
59.625
64.8125
68.5
70.125
69.6875
67.875
65.1875
61.5
56.9375
52.1875
49.5
49.5625
50.125
50.4375
50.4375
49.9375
49.125
48.375
47.625
46.9375
46.25
45.5625
44.875
44.25
43.625
43.0
42.4375
41.875
41.375
40.8125
40.3125
39.8125
39.3125
38.875
38.5
38.1875
37.8125
37.5
37.1875
36.875
36.5625
36.3125
36.0625
35.75
35.5
35.25
35.0625
34.9375
34.75
34.5
34.25
34.25
34.3125
34.1875
33.9375
33.5625
33.0
32.625
32.5
32.4375
32.8125
36.25
46.625
62.625
79.4375
93.5625
102.5
108.875
115.9375
121.625
125.25
127.75
128.0
127.0
127.125
126.625
121.5
113.375
104.3125
94.0
83.375
76.5625
75.5625
75.5625
74.5
72.875
70.8125
68.5625
66.5
64.625
62.875
61.125
59.4375
57.75
56.3125
55.0625
53.9375
52.9375
51.875
50.875
50.0
49.1875
48.4375
47.6875
46.9375
46.25
45.625
45.125
44.625
44.125
43.5625
43.0625
42.75
42.4375
42.0625
41.625
41.0625
40.375
39.6875
39.1875
39.0
38.875
38.6875
39.9375
46.5625
59.5
74.25
86.9375
95.5
101.1875
107.1875
113.0
116.4375
119.25
121.375
121.3125
120.4375
118.5
114.0
107.75
99.375
88.6875
78.5625
73.4375
73.375
73.4375
72.3125
70.6875
68.5
66.375
64.4375
62.6875
61.0
59.375
57.8125
56.3125
55.0
53.8125
52.75
51.8125
50.9375
50.0625
49.25
48.5
47.8125
47.125
46.5
45.9375
45.4375
45.0
44.5625
44.0
43.5625
43.25
43.0625
42.75
42.25
41.625
40.875
40.25
39.9375
39.8125
39.75
39.875
42.8125
52.0625
66.125
80.0625
90.6875
97.4375
102.75
108.875
114.375
117.8125
119.9375
120.8125
120.875
119.5625
116.375
111.0625
104.25
96.0
85.75
76.75
73.875
74.375
74.0
72.6875
71.0
68.8125
66.75
64.875
63.0625
61.375
59.6875
58.125
56.625
55.3125
54.0625
53.0
52.0
51.125
50.25
49.4375
48.6875
47.9375
47.25
46.625
46.125
45.6875
45.0625
44.375
43.9375
43.625
43.25
42.875
42.3125
41.6875
40.9375
40.375
40.0
39.8125
39.6875
40.0625
44.125
54.6875
68.875
82.4375
92.4375
98.75
104.375
110.4375
115.125
118.75
120.625
120.9375
121.0625
119.8125
116.5625
110.8125
102.75
93.0625
82.625
75.6875
74.8125
75.1875
74.375
72.9375
70.9375
68.75
66.75
64.875
63.125
61.5
59.9375
58.4375
57.0
55.75
54.5625
53.5625
52.5625
51.625
50.75
50.0
49.25
48.5
47.875
47.375
46.75
46.1875
45.6875
45.1875
44.8125
44.375
43.875
43.25
42.5625
41.875
41.4375
41.125
40.9375
40.75
41.8125
48.0625
60.375
74.5625
86.9375
95.4375
101.0
106.5625
112.625
117.0625
119.3125
120.625
121.5
121.5625
119.375
114.25
107.9375
100.375
90.1875
80.625
76.9375
77.4375
76.9375
75.375
73.375
71.0
68.875
66.875
65.0
63.25
61.5625
59.9375
58.5
57.125
55.875
54.75
53.8125
52.875
51.9375
51.0625
50.3125
49.625
48.9375
48.3125
47.75
47.125
46.5
46.0
45.625
45.1875
44.75
44.125
43.4375
42.6875
42.1875
41.875
41.625
41.3125
41.5
45.1875
55.5625
69.75
83.125
93.0625
99.4375
105.0625
111.125
116.125
119.5
121.875
122.625
122.125
120.5
117.625
112.5625
105.0
95.0625
84.0625
77.1875
76.8125
77.375
76.3125
74.5625
72.375
70.0625
68.0
66.1875
64.4375
62.75
61.125
59.625
58.25
56.9375
55.75
54.75
53.6875
52.75
51.875
51.0625
50.375
49.6875
49.0625
48.4375
47.8125
47.25
46.75
46.3125
45.875
45.3125
44.6875
43.875
43.1875
42.6875
42.4375
42.25
42.125
43.8125
51.4375
64.6875
79.0
90.625
98.1875
103.625
109.8125
115.6875
119.4375
122.4375
123.875
124.125
124.125
121.5
117.0
110.6875
101.0625
89.9375
80.625
77.25
78.0
77.9375
76.625
74.625
72.25
70.125
68.1875
66.3125
64.3125
62.5
60.9375
59.5
58.1875
56.8125
55.8125
55.3125
54.5625
53.875
55.25
61.375
71.125
79.75
85.4375
88.75
91.0
92.6875
93.5625
93.0625
90.5
85.75
79.1875
71.4375
64.625
62.1875
63.0
63.5625
63.4375
62.625
61.375
59.9375
58.625
57.375
56.25
55.0625
53.8125
52.625
51.5
50.5
49.6875
48.9375
48.1875
47.5
46.8125
46.25
45.625
45.125
44.625
44.125
43.625
43.1875
42.75
42.3125
41.9375
41.5625
41.3125
41.0625
40.6875
40.4375
40.1875
40.0625
39.875
39.625
39.3125
38.75
38.1875
37.75
37.5
37.25
37.4375
40.625
51.1875
67.875
84.8125
97.6875
105.75
112.375
119.0625
124.5
129.4375
132.125
131.9375
132.4375
132.875
131.0
126.5
119.5625
110.375
99.0
87.5625
81.125
80.9375
81.0625
79.5
77.375
74.9375
72.5625
70.5
68.5
66.625
64.75
63.0
61.3125
59.8125
58.5
57.25
56.125
55.125
54.125
53.1875
52.375
51.5625
50.9375
50.25
49.5625
48.8125
48.25
47.75
47.1875
46.6875
46.125
45.25
44.4375
43.8125
43.375
43.125
42.8125
43.75
50.25
63.3125
78.125
90.375
98.3125
103.75
109.4375
115.4375
119.625
122.5
124.9375
125.0625
123.9375
122.6875
119.25
112.375
103.5625
93.125
82.75
77.9375
78.0625
77.9375
76.625
74.6875
72.375
70.1875
68.25
66.5
64.8125
63.125
61.4375
59.9375
58.5625
57.3125
56.125
55.0625
54.0625
53.0625
52.0625
51.125
50.3125
49.625
48.9375
48.25
47.75
47.25
46.8125
46.1875
45.5
44.75
43.9375
43.3125
42.875
42.625
42.5
42.6875
46.25
56.75
71.5
85.375
95.625
102.1875
107.875
114.1875
119.5
122.625
124.75
126.375
126.625
124.875
121.4375
116.5625
109.8125
100.1875
88.75
80.0625
77.75
78.125
77.4375
75.8125
73.6875
71.375
69.1875
67.25
65.3125
63.5625
61.8125
60.125
58.625
57.3125
56.0625
54.9375
53.9375
52.9375
52.0625
51.25
50.5625
49.9375
49.25
48.5625
48.0
47.5
47.0
46.375
45.6875
45.0
44.1875
43.625
43.25
43.0
42.75
43.125
47.75
59.125
73.625
86.8125
96.0625
102.0625
107.625
113.9375
119.5
122.9375
124.25
124.75
124.0625
121.75
117.625
111.0
102.25
91.625
81.8125
77.625
78.0625
77.9375
76.625
74.6875
72.4375
70.25
68.3125
66.375
64.5
62.6875
61.0
59.4375
57.9375
56.6875
55.5625
54.5625
53.5625
52.5625
51.8125
51.125
50.4375
49.75
49.0
48.5
48.0
47.5
46.875
46.25
45.4375
44.6875
44.125
43.75
43.5
43.1875
43.375
47.1875
57.9375
72.4375
86.0
95.8125
101.875
107.125
113.0625
118.8125
122.125
123.875
124.625
124.4375
123.0625
119.375
113.3125
104.875
94.25
83.75
78.625
78.8125
78.75
77.375
75.5625
73.25
71.0625
69.0625
67.1875
65.4375
63.6875
62.0625
60.5625
59.125
57.875
56.75
55.6875
54.6875
53.8125
53.0625
52.375
51.625
50.875
50.25
49.8125
49.375
48.9375
48.3125
47.5625
46.6875
45.9375
45.375
45.0625
44.875
44.5
44.6875
49.125
60.3125
74.875
87.875
96.625
102.375
107.875
113.875
119.5625
123.125
124.5
125.0
124.75
122.5
117.6875
111.25
102.9375
92.5
82.5
78.4375
79.1875
79.0
77.375
75.3125
72.875
70.625
68.625
66.6875
64.875
63.125
61.375
59.875
58.4375
57.1875
56.0625
55.0
54.0
53.0625
52.3125
51.625
50.9375
50.1875
49.4375
48.875
48.375
47.9375
47.3125
46.625
45.875
45.0625
44.4375
44.125
43.875
43.625
44.25
49.5625
61.75
76.625
89.375
98.0
103.6875
109.5
116.1875
121.8125
124.75
126.125
126.3125
125.1875
122.875
118.4375
111.4375
102.4375
91.6875
82.3125
79.25
80.0
79.4375
77.6875
75.4375
72.875
70.5625
68.5
66.5625
64.75
63.0
61.3125
59.75
58.375
57.125
56.0625
55.0
54.0
53.125
52.3125
51.5625
50.9375
50.1875
49.5
48.9375
48.4375
47.875
47.25
46.6875
45.875
45.125
44.5
44.125
43.875
43.625
43.6875
47.125
57.5
72.0625
85.875
95.75
102.0
107.4375
113.875
119.8125
123.1875
125.0625
126.125
125.625
124.0
120.1875
113.8125
104.8125
94.0
83.8125
78.75
78.9375
79.0
77.6875
75.75
73.5
71.25
69.1875
67.3125
65.5
63.75
62.0625
60.5
59.0625
57.8125
56.625
55.625
54.6875
53.75
53.0
52.25
51.5625
50.8125
50.1875
49.6875
49.3125
48.8125
48.1875
47.5
46.625
45.875
45.25
44.9375
44.8125
44.5625
44.5625
48.125
58.5
72.9375
86.25
95.4375
101.375
106.6875
112.9375
119.125
122.875
124.375
124.8125
124.75
122.75
118.8125
113.1875
104.875
93.8125
83.375
78.75
79.25
79.25
77.625
75.5
73.125
70.8125
68.6875
66.75
64.9375
63.1875
61.5625
60.0625
58.625
57.375
56.25
55.25
54.1875
53.25
52.4375
51.6875
51.0
50.1875
49.5
48.9375
48.4375
47.875
47.25
46.5625
45.6875
44.9375
44.375
44.0625
43.8125
43.5625
43.9375
48.4375
59.8125
74.5
87.75
96.8125
102.5
107.875
114.1875
119.4375
122.5625
124.125
124.75
124.4375
122.375
118.1875
111.625
102.75
92.125
82.4375
78.5
78.9375
78.625
77.0
74.9375
72.5625
70.375
68.3125
66.3125
64.5625
62.75
61.125
59.5625
58.125
56.875
55.75
54.6875
53.625
52.75
52.0
51.3125
50.625
49.9375
49.25
48.6875
48.125
47.5
46.875
46.1875
45.3125
44.5625
44.0625
43.8125
43.5
43.1875
44.3125
50.9375
63.75
78.1875
90.25
98.1875
103.375
108.875
115.3125
120.0625
122.1875
123.6875
124.5
123.5625
120.6875
116.125
108.875
98.4375
86.875
78.875
77.5625
78.375
77.5625
75.8125
73.5625
71.1875
69.0625
67.0625
65.3125
63.625
62.0
60.4375
59.0
57.6875
56.5
55.4375
54.4375
53.5625
52.6875
51.9375
51.25
50.5
49.8125
49.3125
48.9375
48.5625
47.9375
47.125
46.25
45.4375
44.8125
44.4375
44.25
44.125
43.8125
45.9375
54.3125
68.0625
82.0
92.5625
99.375
105.125
111.5625
117.25
120.75
122.9375
124.125
123.4375
122.3125
119.75
113.9375
105.875
95.5
84.5625
78.3125
78.3125
78.75
77.4375
75.5
73.0625
70.625
68.5625
66.625
64.8125
63.0
61.25
59.6875
58.1875
56.875
55.625
54.5625
53.625
52.75
51.8125
51.125
50.4375
49.6875
48.9375
48.4375
48.0
47.4375
46.8125
46.125
45.375
44.5625
43.9375
43.5625
43.375
43.0
43.1875
47.25
58.1875
72.6875
86.125
95.75
101.6875
106.9375
112.6875
118.4375
123.1875
125.0625
125.0625
124.875
122.9375
118.4375
112.0625
103.1875
91.6875
81.4375
77.5625
78.1875
78.1875
76.75
74.625
72.1875
70.0
68.0
66.0625
64.25
62.5625
60.875
59.25
57.875
56.625
55.5
54.4375
53.4375
52.5
51.75
51.0625
50.375
49.625
48.9375
48.3125
47.8125
47.3125
46.6875
45.9375
45.125
44.375
43.875
43.5625
43.25
42.9375
44.0
50.375
63.0
77.5625
89.75
97.75
103.1875
109.125
115.375
119.9375
122.3125
123.75
123.4375
122.1875
120.0625
115.4375
108.5625
98.9375
87.375
79.0
77.5
78.25
77.6875
76.0625
73.75
71.3125
69.1875
67.25
65.4375
63.6875
62.0
60.4375
58.9375
57.625
56.4375
55.375
54.4375
53.5625
52.75
52.0
51.25
50.5
49.875
49.375
49.0
48.5625
47.9375
47.0625
46.1875
45.375
44.875
44.625
44.4375
44.125
43.9375
47.1875
57.1875
71.5
85.0625
94.8125
100.875
106.25
112.3125
117.75
121.6875
124.0625
124.25
123.5
121.1875
116.5
110.5
102.375
91.875
81.4375
76.875
77.6875
77.8125
76.4375
74.5
72.1875
69.9375
67.9375
66.0625
64.25
62.5
60.75
59.125
57.6875
56.4375
55.3125
54.25
53.25
52.375
51.625
50.9375
50.1875
49.5
48.8125
48.3125
47.8125
47.25
46.5625
45.8125
45.0
44.25
43.75
43.4375
43.25
43.0
44.3125
51.375
64.75
79.4375
91.3125
98.875
104.3125
110.25
116.125
120.5625
123.6875
125.25
125.375
124.25
121.875
117.0
109.125
98.875
87.625
79.6875
78.3125
78.9375
78.0
76.0625
73.6875
71.3125
69.25
67.25
65.375
63.625
61.875
60.25
58.75
57.3125
56.125
55.0
54.0
53.0
52.25
51.5
50.8125
50.0625
49.3125
48.6875
48.1875
47.625
47.0
46.25
45.4375
44.625
44.0
43.625
43.3125
43.0
43.1875
47.25
58.125
72.5625
85.875
95.3125
101.375
107.125
113.3125
117.875
120.6875
122.875
124.0625
123.75
122.0
118.1875
111.4375
102.125
91.3125
81.4375
77.5
78.1875
78.0
76.4375
74.375
72.0625
69.9375
68.0625
66.25
64.4375
62.6875
61.0625
59.5
58.0625
56.8125
55.6875
54.6875
53.75
52.875
52.125
51.4375
50.6875
50.0
49.5
49.1875
48.75
48.0625
47.25
46.375
45.375
44.625
44.125
43.875
43.6875
43.4375
45.125
52.8125
66.25
80.4375
91.75
98.75
103.9375
109.8125
116.0625
120.625
123.0
124.3125
125.0
123.5
119.75
114.25
106.6875
96.6875
85.4375
77.875
77.0625
77.875
76.9375
75.125
72.8125
70.375
68.25
66.3125
64.5
62.8125
61.125
59.5625
58.0625
56.75
55.5625
54.5
53.5
52.5625
51.75
51.0625
50.3125
49.5625
48.875
48.375
47.875
47.25
46.625
45.8125
45.0
44.25
43.6875
43.375
43.1875
42.9375
43.75
49.625
62.0
76.6875
89.375
97.75
103.1875
108.75
114.8125
119.8125
122.75
124.4375
125.375
124.1875
120.875
117.0
110.875
101.3125
89.875
80.4375
77.5
78.0625
77.5625
76.0
73.875
71.5625
69.375
67.4375
65.5
63.625
61.875
60.25
58.6875
57.25
56.0
54.8125
53.8125
52.8125
51.9375
51.1875
50.5
49.75
48.9375
48.3125
47.8125
47.25
46.625
45.875
45.0625
44.25
43.625
43.25
43.0
42.6875
42.625
45.5
55.125
69.5
83.5
93.8125
100.125
105.75
112.625
118.5625
121.625
123.5
124.75
124.3125
122.875
119.75
113.875
105.1875
93.9375
83.0625
77.875
78.0625
78.375
77.25
75.375
72.9375
70.625
68.5625
66.5625
64.8125
63.1875
61.5
59.9375
58.4375
57.1875
56.0625
54.9375
53.875
52.875
52.0625
51.3125
50.5625
49.75
49.0625
48.5
48.125
47.5
46.6875
45.8125
44.9375
44.1875
43.6875
43.4375
43.3125
43.0625
43.75
49.4375
61.75
76.4375
89.0625
97.375
102.875
108.625
115.1875
120.625
123.375
124.75
125.4375
124.125
121.125
117.0625
110.625
101.5625
90.5625
80.9375
77.75
78.1875
77.5625
76.0625
73.9375
71.5
69.3125
67.3125
65.375
63.625
61.8125
60.1875
58.6875
57.3125
56.0
54.875
53.8125
52.8125
52.0
51.25
50.5625
49.6875
48.9375
48.4375
47.9375
47.4375
46.6875
45.9375
45.0625
44.3125
43.75
43.4375
43.25
42.875
43.125
47.5
58.6875
73.25
86.5625
95.6875
101.25
106.625
113.4375
119.25
122.125
124.375
125.5
123.75
120.5625
116.125
109.3125
100.25
89.625
80.375
77.25
77.9375
77.5625
75.9375
73.75
71.375
69.1875
67.25
65.3125
63.5
61.6875
60.0
58.5
57.125
55.875
54.75
53.8125
52.875
52.125
51.3125
50.5
49.6875
49.0625
48.625
48.0625
47.4375
46.5625
45.6875
44.8125
44.125
43.75
43.5625
43.1875
42.9375
45.125
53.8125
67.8125
81.9375
92.625
99.125
104.375
110.5
116.1875
120.375
123.0625
124.0
123.0625
121.0625
118.25
112.875
104.3125
93.625
82.75
77.1875
77.5625
77.9375
76.75
74.8125
72.4375
70.125
68.0625
66.1875
64.5
62.875
61.25
59.75
58.375
57.125
56.0
55.0625
54.1875
53.375
52.5625
51.75
50.9375
50.3125
49.9375
49.5
48.75
47.875
46.9375
45.9375
45.1875
44.6875
44.375
44.125
43.75
44.6875
51.1875
64.3125
79.125
91.0625
98.5
103.8125
109.6875
116.4375
121.1875
124.125
126.625
126.75
124.3125
121.125
116.3125
109.1875
99.75
88.625
80.1875
78.625
79.5
78.625
76.6875
74.25
71.6875
69.4375
67.4375
65.5625
63.75
62.0
60.375
58.8125
57.4375
56.25
55.1875
54.25
53.4375
52.5625
51.6875
50.875
50.1875
49.75
49.1875
48.5625
47.8125
46.875
46.0
45.25
44.8125
44.625
44.3125
44.0625
45.75
53.625
67.375
82.0
93.3125
100.25
105.4375
111.4375
117.9375
122.5
124.5625
125.4375
125.1875
123.0
119.3125
114.25
106.75
96.3125
85.125
79.0
78.75
78.8125
77.4375
75.4375
73.0625
70.8125
68.75
66.875
65.0625
63.3125
61.625
60.0625
58.5625
57.25
56.0625
54.9375
53.9375
53.0625
52.25
51.375
50.625
50.0
49.5625
49.0625
48.4375
47.75
46.8125
45.875
45.3125
45.0625
44.875
44.5625
44.4375
47.25
56.8125
71.4375
85.5625
95.625
101.6875
107.125
113.3125
119.1875
123.0
124.6875
125.5
125.375
123.0
118.8125
112.9375
104.1875
93.125
83.0625
79.25
80.1875
79.875
78.0
75.625
73.0625
70.6875
68.6875
66.8125
65.0
63.25
61.5
60.0
58.5625
57.3125
56.1875
55.0625
54.0625
53.1875
52.4375
51.625
50.75
50.0
49.4375
49.0
48.5
47.75
46.9375
46.0625
45.3125
44.75
44.5
44.375
43.9375
44.4375
49.625
61.8125
76.9375
90.1875
98.8125
104.375
109.9375
116.1875
121.375
124.3125
125.625
126.25
126.1875
124.0625
119.375
112.0625
102.5
91.5625
82.6875
80.1875
80.625
79.75
77.9375
75.625
73.1875
70.9375
68.9375
67.1875
65.25
63.1875
61.375
60.25
59.4375
58.5625
57.5625
57.9375
61.3125
66.8125
71.375
73.4375
73.1875
71.1875
68.1875
64.25
59.4375
54.5
52.1875
52.5
53.1875
53.5625
53.4375
52.625
51.625
50.6875
49.9375
49.1875
48.625
47.9375
47.1875
46.5
45.75
45.125
44.5
44.0
43.5625
43.0625
42.625
42.1875
41.8125
41.4375
41.0625
40.8125
40.5
40.1875
39.9375
39.6875
39.4375
39.1875
38.9375
38.75
38.625
38.6875
38.6875
38.3125
37.6875
36.9375
36.3125
35.9375
35.9375
35.9375
36.3125
39.875
50.875
68.125
85.6875
98.875
106.875
113.8125
121.375
127.6875
132.125
133.8125
134.9375
135.375
133.9375
130.3125
124.0
115.9375
105.8125
94.0625
84.0
80.3125
80.875
80.375
78.5
76.125
73.4375
71.0625
69.0625
67.0625
65.125
63.25
61.5
59.875
58.4375
57.1875
56.0
54.875
53.875
52.9375
52.1875
51.5
50.625
49.875
49.1875
48.75
48.1875
47.5
46.75
45.875
45.0
44.375
43.9375
43.6875
43.4375
43.375
46.375
56.3125
71.25
85.4375
95.4375
101.5
106.75
113.125
119.375
122.9375
124.25
124.875
123.6875
121.375
118.375
112.5
103.75
93.0
82.4375
77.0625
76.875
76.5
74.9375
72.9375
70.6875
68.5625
66.75
65.0625
63.25
61.1875
59.625
58.5
57.625
56.75
55.9375
56.875
60.875
66.0625
69.875
71.375
70.6875
68.4375
65.25
61.0625
56.1875
52.0
50.6875
51.25
51.6875
51.875
51.5625
50.6875
49.75
49.0
48.25
47.625
47.0
46.3125
45.5625
44.875
44.25
43.6875
43.125
42.625
42.1875
41.6875
41.1875
40.6875
40.1875
39.75
39.3125
39.0625
38.8125
38.5
38.1875
37.9375
37.6875
37.375
37.0625
36.9375
37.0
36.9375
36.625
36.1875
35.5625
35.0
34.625
34.5625
34.6875
35.5625
40.75
53.5625
71.125
87.9375
100.375
108.3125
115.4375
122.5
127.5625
130.3125
131.5
132.5625
133.375
131.6875
127.5
121.9375
114.0
103.125
91.0
81.8125
79.1875
79.5625
78.6875
76.875
74.625
72.1875
70.0
67.9375
66.0625
64.3125
62.5625
60.8125
59.3125
57.9375
56.6875
55.5625
54.5
53.5
52.625
51.875
51.125
50.3125
49.5625
49.0
48.4375
47.875
47.1875
46.375
45.5
44.6875
44.1875
43.9375
43.6875
43.375
44.375
50.9375
64.25
79.5
91.9375
99.625
104.875
110.8125
117.1875
121.5
123.8125
125.125
125.0625
123.3125
119.5
113.8125
106.5
97.0625
85.9375
78.5
77.3125
77.3125
76.0
74.25
72.0
69.75
67.8125
65.9375
64.375
62.6875
60.8125
59.4375
58.5
57.6875
56.8125
56.4375
58.6875
64.25
70.3125
74.25
75.5625
74.9375
73.125
70.4375
66.75
61.875
56.6875
53.625
53.75
54.5
54.75
54.625
53.875
52.8125
51.75
50.875
50.0
49.125
48.25
47.4375
46.625
45.875
45.1875
44.5625
43.875
43.3125
42.8125
42.375
42.0
41.625
41.25
40.8125
40.4375
40.0625
39.625
39.375
39.125
38.9375
38.625
38.25
38.0
38.0
37.875
37.6875
37.3125
36.75
36.1875
35.8125
35.75
35.8125
37.1875
44.0625
58.6875
76.8125
92.8125
103.625
110.9375
118.1875
124.125
128.8125
132.125
133.5625
134.4375
134.8125
132.125
126.5625
119.75
111.3125
100.75
89.3125
81.75
80.5625
80.6875
79.3125
77.1875
74.8125
72.25
70.0
68.0
66.0625
64.25
62.4375
60.75
59.25
57.9375
56.6875
55.5
54.4375
53.4375
52.6875
51.9375
51.25
50.375
49.625
49.0625
48.625
48.0625
47.25
46.375
45.5
44.8125
44.3125
44.0625
43.75
43.6875
46.5
56.375
71.125
85.3125
95.5
101.625
107.0
113.3125
118.75
121.8125
123.8125
124.625
123.3125
120.375
116.8125
110.5
101.25
90.75
81.125
76.8125
77.1875
76.9375
75.375
73.375
71.1875
69.125
67.125
65.3125
63.5625
61.875
60.25
58.6875
57.3125
56.0625
55.0
54.0
53.0625
52.3125
51.625
50.875
50.125
49.625
49.1875
48.8125
48.25
47.5
46.5625
45.5625
44.6875
44.1875
43.9375
43.75
43.5625
44.625
51.3125
64.8125
80.125
92.3125
99.9375
105.375
111.25
117.5625
122.5
125.375
126.25
125.8125
124.25
121.1875
116.125
108.8125
98.5625
87.0
78.875
77.5
78.1875
77.125
75.25
73.0
70.6875
68.625
66.6875
64.9375
63.1875
61.5
59.9375
58.4375
57.0
55.75
54.625
53.625
52.75
52.0
51.125
50.3125
49.5625
49.0625
48.625
48.0625
47.375
46.5
45.5625
44.75
44.3125
44.0625
43.9375
43.5625
44.0625
49.125
61.1875
76.125
89.0625
97.6875
103.3125
109.25
116.125
121.1875
123.25
124.5
124.75
123.0625
120.1875
115.9375
108.75
99.0625
88.0
79.625
78.0
78.9375
78.0625
75.9375
73.5
71.125
69.125
67.3125
65.5
63.6875
61.9375
60.3125
58.8125
57.375
56.0625
55.0
54.0
53.0625
52.25
51.4375
50.5625
49.8125
49.3125
48.8125
48.25
47.5625
46.75
45.9375
45.25
44.75
44.5625
44.4375
44.0
44.4375
49.5
61.4375
76.5
89.4375
97.9375
103.6875
109.75
116.4375
121.125
123.5
125.25
125.875
123.9375
120.375
116.0625
109.75
100.25
88.75
80.6875
79.6875
80.1875
79.0
77.0
74.875
72.8125
70.9375
68.875
66.6875
64.5625
62.8125
61.3125
59.875
58.5
57.3125
56.1875
55.125
54.375
53.8125
53.25
53.9375
59.25
69.5
80.25
88.25
92.9375
95.75
98.1875
100.25
101.0
100.125
97.5
92.5
84.9375
75.875
68.8125
67.0625
67.875
68.0625
67.625
66.375
64.5
62.625
61.0625
59.625
58.3125
57.0
55.75
54.5
53.3125
52.3125
51.4375
50.5625
49.75
49.0
48.3125
47.6875
47.0625
46.4375
45.8125
45.25
44.75
44.25
43.875
43.5625
43.1875
42.75
42.375
42.125
42.0
41.75
41.375
40.8125
40.0625
39.5
39.25
39.125
39.125
40.125
46.5625
60.75
78.375
93.625
103.6875
110.3125
117.5
124.4375
128.6875
131.625
133.625
135.4375
135.3125
131.875
127.9375
122.1875
112.875
101.375
89.625
82.75
82.0625
81.875
80.25
78.125
75.6875
73.3125
71.3125
69.375
67.375
65.5625
63.8125
62.25
60.75
59.3125
58.0625
57.0
56.0
55.0625
54.1875
53.25
52.4375
52.0
51.625
51.125
50.375
49.4375
48.4375
47.5625
47.0
46.8125
46.6875
46.375
46.0625
48.3125
57.25
71.3125
85.0625
94.875
100.875
106.25
112.625
118.4375
121.6875
123.5
124.75
124.3125
121.9375
117.8125
111.8125
103.1875
91.8125
81.4375
77.75
78.5625
78.25
76.625
74.5
72.25
70.0625
68.125
66.375
64.625
62.6875
60.875
59.625
58.875
58.125
57.375
58.375
63.125
69.9375
75.25
77.75
78.1875
77.25
75.4375
72.4375
68.0
62.375
56.9375
54.6875
55.1875
55.8125
56.0625
55.6875
54.625
53.5
52.5
51.625
50.8125
50.0
49.125
48.3125
47.5
46.75
46.0
45.375
44.8125
44.25
43.75
43.25
42.75
42.375
42.0
41.5625
41.1875
40.8125
40.5
40.25
40.125
39.9375
39.5625
39.3125
39.1875
39.0625
38.9375
38.5625
38.0625
37.5
37.125
36.875
36.8125
37.0625
40.375
51.1875
68.4375
86.1875
99.75
108.5
116.4375
124.375
129.0
131.5
134.125
136.375
136.6875
134.625
130.5
125.5
119.1875
109.0625
96.5
85.75
81.75
82.375
81.75
79.75
77.25
74.5
72.125
70.0625
68.125
66.25
64.4375
62.75
61.25
59.9375
58.6875
57.5
56.4375
55.5
54.625
53.875
53.0625
52.25
51.625
51.1875
50.75
50.125
49.25
48.375
47.4375
46.6875
46.3125
46.1875
45.9375
45.5625
47.0625
54.9375
69.1875
84.1875
95.3125
102.0
107.375
113.5
119.375
123.25
125.3125
126.6875
127.375
125.5
121.0
115.4375
107.8125
97.25
85.75
79.1875
79.125
79.4375
78.0
75.9375
73.5625
71.25
69.1875
67.4375
65.6875
63.6875
61.8125
60.5
59.625
58.8125
58.1875
59.375
64.375
71.0
75.8125
78.0625
78.1875
76.8125
74.5625
71.3125
66.625
60.875
56.0
54.5
55.1875
55.75
55.75
55.25
54.1875
52.9375
51.9375
51.0625
50.3125
49.5
48.6875
47.8125
47.0625
46.375
45.625
45.0
44.375
43.8125
43.3125
42.8125
42.4375
42.0
41.5625
41.125
40.75
40.375
40.125
39.9375
39.75
39.5
39.1875
38.9375
38.8125
38.6875
38.5
38.125
37.5625
37.0
36.5625
36.375
36.3125
37.125
42.5625
56.1875
74.375
91.125
102.75
110.1875
117.5625
124.25
128.875
132.25
133.6875
134.8125
135.6875
133.875
129.5
122.6875
114.1875
103.5625
91.5625
83.3125
81.6875
81.75
80.375
78.375
76.0
73.4375
71.1875
69.0625
67.125
65.25
63.4375
61.75
60.25
59.0
57.75
56.625
55.5625
54.6875
53.875
53.0625
52.25
51.5
50.9375
50.625
50.25
49.5625
48.625
47.5
46.5
45.625
45.1875
45.0
44.8125
44.625
47.0625
56.4375
71.1875
85.75
96.1875
102.5625
108.0
114.1875
120.1875
123.625
125.1875
126.125
126.375
124.375
119.875
113.6875
105.5
94.875
83.9375
78.3125
78.0
77.625
76.0625
74.125
71.875
69.625
67.625
65.75
64.125
62.375
60.5
59.0
58.0625
57.3125
56.5625
56.875
60.625
67.5625
73.875
77.5625
78.9375
78.4375
77.0625
74.75
71.125
66.125
60.1875
55.625
54.875
55.625
55.9375
55.8125
55.0625
53.8125
52.5625
51.4375
50.5
49.75
49.1875
48.5
47.5
46.75
46.3125
46.9375
51.75
61.875
73.375
82.4375
87.75
90.3125
92.25
93.625
93.5625
91.5
87.1875
80.8125
72.6875
65.0625
61.9375
62.375
63.0625
63.1875
62.75
61.375
59.875
58.4375
57.1875
56.0
54.875
53.6875
52.4375
51.3125
50.3125
49.4375
48.75
48.0625
47.4375
46.875
46.3125
45.8125
45.3125
44.8125
44.4375
44.0625
43.6875
43.375
42.875
42.375
41.9375
41.6875
41.5625
41.25
40.6875
39.9375
39.0625
38.4375
38.3125
38.375
38.8125
42.625
54.8125
73.6875
92.0
104.75
112.375
119.8125
127.125
131.1875
134.5
137.25
137.6875
137.5625
135.9375
130.75
124.125
115.75
104.5
92.25
83.625
82.0
82.5625
81.125
78.6875
76.0
73.3125
70.9375
68.75
66.6875
64.75
62.875
61.125
59.5625
58.125
56.875
55.75
54.6875
53.6875
52.8125
52.0625
51.25
50.5
49.75
49.125
48.625
48.0
47.3125
46.5
45.5625
44.75
44.1875
43.9375
43.8125
43.5625
45.0625
52.9375
67.5
83.0625
95.0625
102.4375
107.9375
114.375
120.6875
124.4375
125.75
125.75
126.625
126.0
121.375
114.6875
105.9375
94.875
84.0625
78.6875
78.5625
78.3125
76.75
74.625
72.1875
69.9375
68.0
66.25
64.5
62.5
60.75
59.375
58.375
57.5
56.75
57.3125
61.0
66.75
71.3125
73.5
73.5
71.8125
69.125
65.25
60.25
54.875
51.875
52.0
52.625
53.0
52.9375
52.3125
51.3125
50.375
49.5625
48.75
48.0625
47.4375
46.75
46.0625
45.3125
44.75
44.1875
43.5625
43.0
42.5625
42.125
41.75
41.375
41.0
40.625
40.375
40.0625
39.8125
39.5625
39.375
39.1875
39.0
38.8125
38.8125
38.8125
38.6875
38.1875
37.5
36.6875
36.1875
36.0625
36.1875
36.375
38.3125
46.6875
62.6875
80.9375
96.0625
105.8125
112.875
120.5
127.3125
131.875
133.6875
134.4375
136.5625
136.8125
132.8125
126.875
119.0
109.125
97.5
86.4375
81.5625
81.875
81.4375
79.6875
77.4375
74.8125
72.375
70.25
68.1875
66.1875
64.3125
62.5625
60.875
59.375
58.125
56.9375
55.8125
54.75
53.8125
53.0625
52.3125
51.5
50.75
50.125
49.625
49.0625
48.3125
47.5
46.625
45.8125
45.125
44.8125
44.6875
44.375
44.5625
49.0
60.9375
76.5625
90.25
99.4375
105.25
110.9375
117.25
122.25
125.4375
127.125
126.875
125.8125
123.6875
119.125
111.75
101.75
90.1875
81.3125
78.875
79.125
78.125
76.3125
74.0
71.6875
69.625
67.875
66.125
64.0625
62.25
60.9375
59.875
59.0625
58.1875
58.3125
61.5625
67.1875
71.9375
74.3125
74.4375
72.875
70.1875
66.375
61.4375
56.0625
52.8125
52.75
53.375
53.625
53.4375
52.75
51.75
50.875
50.125
49.375
48.6875
47.9375
47.1875
46.5
45.875
45.3125
44.6875
44.1875
43.6875
43.125
42.6875
42.1875
41.8125
41.5
41.125
40.75
40.5
40.25
40.0
39.875
39.6875
39.4375
39.1875
39.1875
39.375
39.3125
38.9375
38.375
37.5625
37.0
36.625
36.625
36.625
37.6875
44.125
58.75
77.25
93.5
104.125
111.25
119.0625
126.0625
130.75
134.125
135.8125
134.9375
134.125
132.875
128.0
120.4375
111.9375
101.25
89.375
82.1875
81.625
81.5625
79.9375
77.75
75.25
72.6875
70.5
68.4375
66.4375
64.5
62.75
61.125
59.625
58.25
57.0
55.875
54.8125
53.8125
53.0
52.3125
51.5625
50.6875
49.9375
49.4375
48.9375
48.3125
47.625
46.75
45.875
45.0625
44.5625
44.375
44.25
44.125
46.5
55.75
70.625
85.375
96.1875
102.8125
108.3125
114.5
120.1875
124.25
126.5625
127.5625
127.0625
124.6875
120.0
113.0
103.9375
93.0
82.5625
77.75
77.9375
77.625
76.0625
74.0
71.5625
69.25
67.25
65.375
63.625
61.9375
60.3125
58.8125
57.375
56.125
55.0
54.0
53.0625
52.1875
51.4375
50.8125
50.125
49.375
48.8125
48.375
48.0625
47.5
46.75
45.875
45.0
44.375
44.0625
44.125
43.875
43.6875
46.25
55.75
70.8125
85.5625
96.0
102.4375
108.125
114.6875
120.0625
123.625
126.25
127.0
126.625
124.9375
120.8125
114.3125
105.5
94.6875
84.1875
78.9375
79.125
79.0
77.375
75.3125
72.9375
70.5625
68.5
66.4375
64.4375
62.75
61.125
59.4375
58.1875
57.375
56.6875
55.9375
56.25
60.0
67.5
74.75
79.3125
81.125
81.4375
80.875
79.4375
76.6875
72.3125
66.4375
60.0625
56.375
56.5
57.3125
57.625
57.3125
56.375
55.125
54.0
52.9375
52.0
51.1875
50.25
49.3125
48.375
47.5625
46.8125
46.0625
45.4375
44.8125
44.1875
43.6875
43.1875
42.75
42.3125
41.875
41.5
41.0625
40.75
40.5
40.25
40.0
39.6875
39.4375
39.3125
39.1875
38.9375
38.625
38.125
37.4375
37.0
36.75
36.75
37.0
39.5
49.0
65.4375
83.1875
97.3125
106.25
113.5
121.3125
127.625
131.6875
133.9375
134.6875
135.5625
135.9375
132.6875
126.625
118.75
108.3125
96.4375
86.0
81.625
82.125
81.75
79.6875
77.1875
74.5625
72.1875
70.0625
68.0625
66.125
64.3125
62.625
61.125
59.6875
58.4375
57.25
56.0625
55.0625
54.125
53.375
52.625
51.9375
51.1875
50.625
50.25
49.875
49.3125
48.5
47.5625
46.625
46.0
45.625
45.4375
45.25
44.875
47.0
55.875
70.3125
84.875
95.5
101.9375
107.3125
113.125
118.8125
122.875
125.3125
126.625
126.0625
124.1875
121.0
115.0
105.9375
94.8125
84.0
78.5
78.6875
78.6875
77.125
75.0625
72.625
70.3125
68.25
66.3125
64.5
62.75
61.0625
59.4375
58.0
56.75
55.5625
54.5
53.4375
52.4375
51.625
50.9375
50.3125
49.5625
48.8125
48.3125
47.8125
47.3125
46.625
45.875
44.9375
44.1875
43.75
43.5
43.375
43.0625
44.5
51.8125
65.5
80.75
93.25
101.1875
106.75
113.0
119.6875
124.9375
127.4375
128.5
129.0
127.5
124.4375
119.1875
110.9375
100.5
89.25
81.25
79.625
80.0
78.6875
76.6875
74.375
71.9375
69.8125
67.8125
65.875
64.0
62.25
60.6875
59.125
57.6875
56.4375
55.4375
54.4375
53.4375
52.5625
51.8125
51.125
50.375
49.625
49.0625
48.625
48.125
47.5
46.75
45.875
45.0625
44.4375
44.125
44.0
43.75
43.9375
48.4375
59.875
74.75
88.1875
97.4375
103.3125
109.0
115.625
120.875
123.5
125.5625
127.3125
126.8125
123.6875
119.125
112.75
103.5625
92.1875
82.625
79.5
79.9375
79.1875
77.375
75.25
72.875
70.75
68.8125
66.875
65.125
63.375
61.75
60.25
58.9375
57.75
56.625
55.625
54.625
53.8125
53.0625
52.375
51.6875
51.0625
50.625
50.3125
49.8125
49.125
48.375
47.5
46.625
45.875
45.5
45.3125
45.0
44.875
48.0
57.9375
72.5625
86.5625
96.5
103.125
109.375
116.375
122.25
125.25
126.8125
128.25
128.625
126.1875
122.0625
116.5625
108.0
96.75
86.0
80.9375
81.375
81.25
79.5625
77.3125
74.6875
72.3125
70.25
68.25
66.375
64.625
62.875
61.1875
59.6875
58.375
57.25
56.125
55.125
54.25
53.5
52.8125
52.0
51.1875
50.5
50.0
49.625
49.0
48.25
47.375
46.4375
45.6875
45.25
45.125
45.0
44.625
45.8125
52.875
66.4375
81.4375
93.625
101.3125
106.8125
113.0
119.25
123.75
126.5625
128.6875
129.9375
128.9375
125.5
120.5
112.9375
102.3125
90.8125
82.6875
81.1875
81.75
80.5625
78.3125
75.875
73.4375
71.3125
69.3125
67.375
65.5625
63.75
62.0
60.5
59.1875
57.9375
56.8125
55.75
54.6875
53.8125
53.0625
52.375
51.5625
50.8125
50.1875
49.6875
49.125
48.4375
47.6875
46.8125
45.9375
45.3125
44.9375
44.8125
44.5
44.3125
47.0625
56.75
71.375
85.75
96.3125
103.125
109.3125
116.3125
122.5
126.25
128.0625
129.1875
129.0625
127.125
124.1875
118.875
110.125
99.0625
88.0
81.875
82.0625
82.4375
80.875
78.625
76.1875
73.8125
71.625
69.6875
67.8125
66.0625
64.3125
62.6875
61.125
59.6875
58.375
57.1875
56.0625
55.125
54.3125
53.4375
52.5625
51.6875
50.9375
50.5625
50.25
49.75
48.875
48.0
47.0625
46.25
45.6875
45.5
45.4375
45.125
45.625
51.1875
63.6875
78.75
91.625
100.25
106.3125
112.75
119.6875
124.75
127.625
129.0625
129.375
128.9375
127.8125
123.625
116.4375
106.875
95.375
85.3125
81.5625
82.125
81.625
79.75
77.3125
74.6875
72.3125
70.3125
68.4375
66.5625
64.75
63.0
61.5
60.0
58.625
57.4375
56.4375
55.5
54.6875
53.875
52.9375
52.1875
51.5625
51.125
50.5625
49.8125
48.9375
47.9375
47.0625
46.5
46.25
46.0625
45.6875
45.5625
49.1875
60.0
74.875
88.5625
98.125
104.1875
110.0625
117.125
123.25
126.375
128.5625
130.0
129.1875
126.6875
122.375
115.6875
106.5
95.625
85.625
81.3125
81.75
81.3125
79.375
77.125
74.6875
72.375
70.375
68.5
66.6875
64.9375
63.25
61.75
60.25
59.0
57.8125
56.6875
55.75
54.8125
54.0
53.3125
52.625
51.75
51.0
50.625
50.5
50.0
49.3125
48.4375
47.5
46.75
46.3125
46.1875
46.125
45.75
45.4375
48.375
58.4375
73.3125
87.5625
97.6875
104.3125
110.5
117.1875
123.0625
127.0625
129.875
131.5
130.875
128.375
124.8125
119.625
111.75
101.0
89.4375
82.875
82.8125
83.0625
81.3125
78.9375
76.25
73.8125
71.625
69.6875
67.8125
65.9375
64.125
62.4375
60.9375
59.625
58.375
57.3125
56.25
55.1875
54.25
53.5
52.8125
52.0625
51.3125
50.625
50.125
49.75
49.0625
48.3125
47.375
46.5625
45.875
45.5
45.25
45.125
44.8125
46.5625
54.75
68.9375
83.8125
95.5
102.8125
108.5625
114.9375
121.1875
125.875
129.25
131.5
131.4375
129.5
127.3125
122.75
114.75
104.5
93.0
84.375
82.625
83.1875
81.875
79.5625
77.125
74.625
72.375
70.25
68.25
66.375
64.625
62.9375
61.4375
60.0625
58.75
57.5625
56.5625
55.5625
54.75
54.0
53.0625
52.25
51.625
51.1875
50.6875
50.0
49.1875
48.1875
47.1875
46.5
46.125
46.0
45.75
45.25
46.9375
55.25
69.5625
84.375
95.625
102.625
108.1875
114.875
121.9375
126.875
129.0
129.75
129.5625
128.0625
124.75
119.75
113.0
103.3125
91.625
83.6875
82.375
82.75
81.5
79.3125
76.8125
74.3125
72.125
70.1875
68.25
66.3125
64.5
62.8125
61.3125
60.0
58.75
57.5625
56.5625
55.625
54.75
54.0
53.3125
52.625
51.875
51.3125
50.9375
50.625
50.1875
49.5625
48.625
47.625
46.75
46.125
45.875
45.6875
45.375
45.375
49.1875
60.3125
75.5
89.5
99.125
105.4375
111.625
118.625
125.0
129.125
131.125
131.6875
132.0
131.1875
128.0625
122.5625
113.8125
102.125
90.3125
83.75
83.5625
83.5625
81.6875
79.25
76.6875
74.3125
72.25
70.375
68.5625
66.5
64.4375
62.9375
62.0625
61.25
60.3125
60.25
63.5
69.9375
75.9375
79.25
80.125
79.4375
77.75
75.0
71.0
65.625
60.0
57.0
57.1875
57.875
58.0625
57.6875
56.75
55.5
54.4375
53.5
52.625
51.75
50.8125
49.875
49.125
48.3125
47.625
47.0
46.375
45.8125
45.3125
44.8125
44.3125
43.875
43.5
43.0625
42.5625
42.125
41.8125
41.4375
41.1875
40.9375
40.6875
40.5
40.125
39.875
39.75
39.6875
39.625
39.3125
38.875
38.25
37.6875
37.375
37.3125
37.375
38.5625
45.375
60.25
78.75
95.0625
106.1875
114.125
122.1875
128.6875
132.75
136.0
139.375
140.1875
138.875
137.625
134.1875
127.1875
118.6875
108.5
96.5
87.0625
84.625
84.75
83.1875
80.75
78.125
75.5625
73.3125
71.125
69.125
67.1875
65.375
63.625
62.125
60.75
59.5
58.3125
57.25
56.25
55.3125
54.5625
53.8125
53.125
52.375
51.6875
51.1875
50.875
50.4375
49.75
48.9375
47.875
46.875
46.1875
45.875
45.6875
45.4375
45.8125
50.875
63.1875
78.6875
91.875
100.375
106.3125
112.875
120.125
125.75
128.625
130.0
129.9375
129.0
127.4375
123.5
117.375
108.9375
98.0625
86.875
81.125
80.9375
80.5
78.625
76.375
73.9375
71.6875
69.6875
67.9375
66.0625
63.9375
62.1875
61.0625
60.1875
59.375
59.0625
61.375
67.25
73.375
77.1875
78.5625
78.125
76.5
73.9375
70.125
65.0
59.3125
55.625
55.375
56.125
56.4375
56.1875
55.3125
54.1875
53.0625
52.0625
51.25
50.375
49.5
48.625
47.75
47.0
46.375
45.75
45.125
44.5625
44.0625
43.5625
43.125
42.6875
42.25
41.8125
41.375
41.0
40.625
40.25
39.875
39.625
39.375
39.1875
38.9375
38.625
38.4375
38.3125
38.1875
38.0625
37.625
37.0
36.4375
36.0625
35.875
35.875
36.75
42.0625
55.5
73.6875
90.875
103.1875
111.25
119.0
126.375
131.9375
135.5625
138.0
138.9375
138.375
137.0
133.625
127.75
119.3125
108.75
96.5
86.625
84.0
84.3125
83.125
80.9375
78.4375
75.875
73.5625
71.4375
69.4375
67.5625
65.75
64.0
62.5
61.0
59.75
58.5
57.25
56.0625
55.0
54.0
53.0625
52.375
51.625
50.8125
50.125
49.625
49.1875
48.625
47.9375
47.0625
46.125
45.3125
44.8125
44.625
44.5625
44.375
46.5
55.375
70.125
85.3125
96.875
104.0625
109.75
116.1875
122.5625
127.0
128.875
129.5625
130.9375
130.5
126.0
119.5625
111.875
101.75
90.4375
82.25
80.4375
80.5625
79.1875
77.1875
74.875
72.5625
70.5
68.8125
67.0
64.8125
62.875
61.5625
60.5625
59.75
58.9375
59.5625
63.5
69.4375
74.125
76.375
76.5
74.9375
72.375
68.8125
63.875
58.4375
54.625
54.25
54.875
55.1875
55.0625
54.375
53.25
52.125
51.125
50.375
49.6875
48.875
48.0625
47.25
46.5
45.8125
45.125
44.5625
43.9375
43.4375
42.9375
42.375
41.875
41.4375
41.0625
40.625
40.1875
39.875
39.5625
39.3125
39.0
38.8125
38.625
38.5625
38.375
38.3125
38.3125
38.1875
38.0625
37.8125
37.3125
36.75
36.4375
36.3125
36.3125
36.6875
40.5
52.1875
70.125
88.125
101.5
109.625
117.1875
125.0
130.75
135.3125
137.75
138.625
139.75
138.8125
134.625
127.5625
118.8125
108.8125
97.4375
86.9375
82.6875
83.0625
82.3125
80.1875
77.6875
75.0
72.5625
70.5
68.5
66.5625
64.6875
62.9375
61.25
59.8125
58.5
57.25
56.0625
55.0
54.0
53.0625
52.25
51.5
50.875
50.125
49.4375
48.875
48.375
47.875
47.3125
46.625
45.8125
44.9375
44.25
43.8125
43.6875
43.5625
43.8125
48.1875
59.875
75.4375
89.625
99.5
105.8125
111.75
118.375
124.125
127.0625
128.0
128.8125
129.4375
128.0
123.4375
117.0625
108.3125
97.0625
86.0625
80.25
79.8125
79.4375
77.8125
75.8125
73.375
71.0625
68.9375
66.9375
65.0
63.1875
61.4375
59.875
58.375
57.0
55.8125
54.6875
53.6875
52.75
51.875
51.125
50.4375
49.75
49.0625
48.375
47.75
47.3125
46.875
46.3125
45.6875
44.875
44.0
43.3125
42.875
42.6875
42.5625
42.5
45.5
55.5625
70.6875
85.5625
96.5625
103.5
109.4375
116.0625
121.625
126.125
128.9375
129.5625
129.5
128.4375
124.625
118.1875
109.9375
99.9375
88.875
81.125
79.8125
80.1875
78.9375
76.875
74.5
72.0625
69.9375
68.0
66.25
64.5625
62.8125
61.3125
59.8125
58.5625
57.3125
56.25
55.3125
54.375
53.5625
52.8125
52.0625
51.4375
50.75
50.0625
49.625
49.375
49.0
48.375
47.5
46.4375
45.375
44.6875
44.3125
44.3125
44.1875
44.25
48.0625
59.0625
74.0
87.8125
97.5
103.9375
109.875
116.375
122.5
126.5625
128.6875
129.25
128.875
127.8125
124.375
118.6875
110.25
99.4375
88.1875
81.5
81.1875
81.375
79.875
77.75
75.1875
72.8125
70.75
68.75
66.8125
64.9375
63.1875
61.625
60.125
58.75
57.5
56.375
55.375
54.375
53.5
52.75
52.0625
51.375
50.6875
50.0
49.4375
49.0
48.5
47.8125
47.0625
46.1875
45.4375
44.875
44.6875
44.5625
44.25
45.625
53.0
66.6875
81.75
94.0625
101.9375
107.75
114.3125
120.9375
125.875
128.875
130.625
131.5
130.25
127.4375
122.6875
115.5
106.1875
94.8125
85.4375
82.875
82.9375
81.375
79.1875
76.8125
74.5
72.5625
70.875
69.0625
66.875
64.9375
63.6875
62.75
61.875
60.9375
61.125
64.5
70.25
75.0
77.3125
77.3125
75.8125
73.1875
69.4375
64.5
59.125
55.75
55.625
56.25
56.4375
56.25
55.4375
54.375
53.375
52.4375
51.625
50.875
50.0625
49.3125
48.5625
47.9375
47.3125
46.6875
46.1875
45.6875
45.25
44.75
44.25
43.9375
43.625
43.1875
42.75
42.4375
42.125
41.875
41.625
41.375
41.1875
41.0
40.8125
40.625
40.5625
40.625
40.625
40.4375
40.0625
39.4375
38.8125
38.4375
38.375
38.25
38.4375
41.8125
53.125
70.9375
88.875
102.0625
110.25
117.75
126.125
132.8125
137.4375
139.375
140.5
141.75
140.625
136.875
131.5625
123.6875
113.4375
101.3125
90.0625
85.3125
85.625
84.9375
82.8125
80.3125
77.5625
75.0625
72.8125
70.75
68.75
66.8125
64.875
63.1875
61.6875
60.375
59.125
57.9375
56.8125
55.8125
54.875
54.0
53.3125
52.625
51.875
51.0625
50.5625
50.0625
49.5
48.875
48.0625
47.1875
46.375
45.75
45.375
45.25
45.0
45.5
51.0625
63.875
79.5625
93.125
102.0
108.0625
114.6875
121.5625
126.0625
128.6875
130.5625
131.25
130.5625
128.25
124.0
117.125
107.75
96.5625
86.0625
81.5625
81.8125
81.375
79.375
77.0
74.4375
72.0625
69.9375
67.9375
66.125
64.3125
62.5625
61.0
59.5
58.25
57.0
55.9375
54.875
53.9375
53.0
52.25
51.5625
50.9375
50.25
49.5
48.875
48.375
48.0
47.375
46.6875
45.8125
44.9375
44.25
43.875
43.75
43.5625
43.6875
47.8125
59.4375
75.0625
89.4375
99.4375
106.0
112.375
119.5
125.3125
129.0625
131.1875
131.9375
131.8125
130.6875
127.125
121.4375
113.25
102.5
91.0
83.125
81.9375
82.4375
81.0625
78.9375
76.5625
74.3125
72.1875
70.1875
68.25
66.4375
64.75
63.125
61.6875
60.375
59.125
58.0
56.9375
55.9375
55.0
54.1875
53.4375
52.5625
51.6875
50.875
50.3125
49.9375
49.5
48.875
48.0625
47.125
46.125
45.375
45.0625
45.0625
44.9375
44.875
48.0
58.0625
72.9375
87.5
98.1875
104.9375
111.0625
118.125
124.875
128.625
130.75
132.4375
132.6875
130.9375
127.5
122.875
115.3125
104.875
93.4375
84.875
82.875
83.375
82.125
79.9375
77.4375
74.875
72.625
70.625
68.625
66.625
64.8125
63.0625
61.5625
60.0625
58.8125
57.6875
56.5625
55.5625
54.625
53.8125
53.125
52.375
51.6875
50.9375
50.25
49.8125
49.375
48.8125
48.1875
47.3125
46.4375
45.6875
45.25
45.125
45.0
44.8125
47.25
56.625
71.3125
86.1875
97.4375
104.625
110.4375
116.8125
122.8125
127.3125
130.1875
132.6875
134.0
132.3125
128.25
123.25
116.5625
106.5
94.3125
85.0625
83.0
83.4375
82.1875
80.0
77.5625
75.0
72.8125
70.8125
68.9375
67.0625
65.3125
63.5625
62.0625
60.6875
59.4375
58.3125
57.3125
56.3125
55.375
54.4375
53.75
53.0625
52.3125
51.5625
51.0625
50.75
50.375
49.8125
49.125
48.25
47.3125
46.625
46.25
46.1875
46.0
45.625
46.9375
54.3125
68.0625
82.9375
94.6875
102.1875
108.0625
114.3125
120.8125
126.5
130.0625
132.125
133.0
131.9375
129.75
125.3125
118.625
109.4375
97.8125
87.25
83.125
83.75
83.0625
80.875
78.375
75.8125
73.375
71.25
69.3125
67.4375
65.625
63.875
62.3125
60.875
59.625
58.375
57.25
56.1875
55.1875
54.3125
53.5625
52.8125
52.0625
51.3125
50.625
50.0625
49.625
49.125
48.5625
47.8125
46.875
46.0625
45.4375
45.1875
45.125
44.875
45.3125
50.5625
62.875
78.125
91.75
100.9375
107.0
113.125
119.625
125.3125
129.75
132.3125
132.9375
132.0625
130.75
128.375
123.0
114.1875
102.625
90.6875
83.9375
83.625
83.5625
81.75
79.3125
76.625
74.0625
72.0
70.0
68.0625
66.25
64.5
62.8125
61.3125
59.9375
58.6875
57.5625
56.5
55.5
54.5
53.75
53.0
52.3125
51.5625
50.8125
50.25
49.8125
49.3125
48.6875
48.0625
47.1875
46.25
45.5625
45.1875
45.0625
44.8125
44.75
47.75
57.875
72.625
86.9375
97.5625
104.3125
110.3125
117.25
123.4375
127.375
130.0
132.125
133.4375
132.4375
129.125
123.9375
116.375
106.0625
93.9375
85.0625
83.3125
83.6875
82.375
80.1875
77.6875
75.3125
73.375
71.5625
69.625
67.4375
65.4375
64.0625
63.125
62.25
61.3125
62.0
66.375
73.0625
78.5
81.125
81.5625
80.5
78.5625
75.625
71.375
65.9375
60.625
58.375
58.9375
59.4375
59.3125
58.6875
57.5625
56.375
55.375
54.4375
53.5
52.5
51.5
50.5625
49.75
49.0
48.3125
47.6875
47.125
46.4375
45.875
45.3125
44.8125
44.375
43.875
43.4375
43.0
42.5625
42.1875
41.875
41.5
41.25
41.0
40.75
40.5625
40.25
40.0625
40.0
39.875
39.75
39.5
38.9375
38.25
37.8125
37.5
37.5
37.875
41.3125
52.4375
70.0625
88.125
102.0
110.6875
118.125
126.375
133.0
138.25
140.625
141.375
143.625
143.5625
140.0625
134.4375
126.875
117.4375
106.0
93.9375
86.9375
86.1875
85.875
83.9375
81.5
78.75
76.0625
73.75
71.5625
69.5
67.4375
65.5
63.75
62.25
60.8125
59.5
58.3125
57.1875
56.125
55.125
54.25
53.5
52.8125
52.0
51.25
50.625
50.125
49.5625
48.9375
48.3125
47.5
46.5625
45.8125
45.3125
45.0625
45.0
44.75
46.8125
55.75
70.4375
85.6875
97.3125
104.625
110.5625
117.25
123.8125
128.6875
130.875
131.3125
131.6875
131.125
128.0625
122.75
115.3125
105.6875
94.3125
84.8125
81.8125
82.25
81.3125
79.3125
76.8125
74.125
71.75
69.625
67.6875
65.75
63.9375
62.25
60.75
59.25
58.0
56.9375
55.9375
54.875
53.9375
53.125
52.375
51.625
51.0
50.25
49.5625
49.1875
48.9375
48.5625
48.0
47.1875
46.25
45.375
44.75
44.5625
44.5
44.3125
44.3125
47.8125
58.5625
73.875
88.25
98.625
105.6875
112.625
119.9375
125.375
128.375
130.875
133.375
134.0
131.6875
127.8125
123.0
116.0
106.0
94.0625
84.75
82.3125
82.6875
81.5
79.3125
76.75
74.125
71.75
69.75
67.8125
65.875
64.0625
62.3125
60.75
59.3125
58.0
56.875
55.8125
54.8125
53.875
52.9375
52.1875
51.5
50.8125
50.0625
49.4375
48.9375
48.4375
47.9375
47.3125
46.625
45.75
44.875
44.25
44.0
44.0
43.8125
44.625
50.625
63.5
78.6875
91.875
100.75
106.875
113.125
119.8125
125.625
130.0625
131.8125
131.1875
130.8125
129.875
126.25
119.9375
110.5625
98.875
87.8125
82.5
82.625
82.3125
80.4375
78.0625
75.5
73.1875
71.0625
69.0625
67.1875
65.375
63.5625
61.875
60.3125
59.0
57.75
56.625
55.5625
54.625
53.6875
52.8125
52.125
51.4375
50.6875
49.9375
49.3125
48.75
48.3125
47.75
47.125
46.3125
45.375
44.5625
44.0625
43.9375
43.8125
43.5625
45.1875
53.0625
67.0
82.0
94.125
102.0625
108.3125
115.3125
122.1875
127.125
129.875
131.4375
132.0
131.3125
129.3125
125.4375
118.4375
108.75
97.1875
86.9375
83.0625
83.75
83.375
81.375
78.875
76.1875
73.8125
71.625
69.6875
67.75
66.0
64.25
62.6875
61.1875
59.9375
58.8125
57.8125
56.8125
55.8125
54.8125
53.8125
53.0
52.25
51.5
50.75
50.1875
49.6875
49.25
48.6875
47.9375
47.0625
46.1875
45.375
44.875
44.75
44.625
44.5
46.0625
53.75
67.625
82.8125
94.875
102.5625
108.5
115.0625
122.0
127.625
131.375
133.375
133.8125
133.25
131.375
127.1875
120.4375
111.125
99.875
89.25
84.3125
84.125
83.4375
81.375
78.8125
76.25
73.875
71.6875
69.625
67.625
65.6875
63.9375
62.1875
60.6875
59.375
58.1875
57.0625
56.0
55.0
54.0625
53.3125
52.5625
51.875
51.1875
50.4375
49.8125
49.375
48.9375
48.3125
47.6875
46.9375
46.0625
45.25
44.6875
44.5
44.4375
44.125
45.5
52.8125
66.5
81.5625
93.9375
102.0625
108.3125
115.0625
121.5
125.75
129.0625
132.4375
134.5
133.5
129.9375
125.5625
119.9375
111.3125
99.6875
88.4375
83.4375
83.6875
83.125
81.125
78.6875
76.125
73.6875
71.5
69.5
67.5
65.5625
63.75
62.125
60.625
59.3125
58.0625
56.9375
55.8125
54.75
53.75
52.9375
52.1875
51.5625
50.8125
50.0625
49.4375
49.0
48.625
48.25
47.75
47.0
46.125
45.3125
44.75
44.5
44.5625
44.3125
44.625
49.5
61.4375
76.6875
90.375
99.625
105.9375
112.375
119.1875
125.25
129.4375
131.6875
133.0625
132.9375
131.0625
127.75
122.1875
114.125
103.4375
91.625
84.25
83.4375
83.625
81.875
79.5
76.875
74.3125
72.125
70.125
68.25
66.375
64.625
62.875
61.3125
60.0
58.75
57.5625
56.5
55.4375
54.4375
53.625
52.8125
52.0625
51.375
50.6875
50.0
49.5
49.0
48.625
48.0625
47.375
46.5
45.625
44.9375
44.5
44.375
44.25
44.1875
47.25
57.375
72.1875
86.6875
97.5
104.4375
110.875
118.375
124.75
127.875
130.4375
132.875
133.1875
132.1875
129.0
123.8125
117.4375
107.75
95.625
86.0625
83.375
83.8125
82.75
80.6875
78.125
75.4375
73.0625
71.0
69.0
67.0625
65.1875
63.4375
61.8125
60.375
59.0625
57.875
56.8125
55.8125
54.8125
53.9375
53.125
52.375
51.6875
51.0
50.25
49.6875
49.1875
48.75
48.25
47.625
46.8125
45.9375
45.1875
44.6875
44.5
44.4375
44.125
45.3125
52.375
65.875
81.125
93.75
101.9375
107.8125
114.1875
121.3125
127.375
131.25
132.8125
133.9375
133.5625
130.6875
126.6875
121.0625
112.1875
100.5
88.9375
83.1875
83.25
83.1875
81.4375
79.25
76.8125
74.4375
72.3125
70.3125
68.25
66.3125
64.5625
62.875
61.375
60.0625
58.8125
57.75
56.75
55.75
54.9375
54.0625
53.3125
52.625
52.0
51.25
50.625
50.1875
49.9375
49.5625
48.9375
48.1875
47.25
46.4375
45.875
45.5625
45.4375
45.0625
44.9375
48.5
59.125
74.25
88.4375
98.625
105.375
111.75
118.625
124.6875
128.9375
132.0
134.3125
134.8125
133.125
129.75
124.9375
117.9375
108.0
96.125
86.9375
84.75
85.0625
83.625
81.25
78.625
76.0
73.75
71.9375
70.125
67.9375
65.625
64.0
63.125
62.3125
61.5
61.875
65.75
72.5
78.25
81.375
82.1875
81.4375
79.6875
76.875
72.6875
67.3125
61.5
58.4375
58.625
59.3125
59.5
59.125
58.0
56.625
55.5
54.5
53.5625
52.6875
51.6875
50.75
49.875
49.125
48.4375
47.75
47.1875
46.625
46.0625
45.5
45.0625
44.625
44.1875
43.75
43.3125
42.9375
42.5625
42.125
41.75
41.4375
41.125
40.8125
40.5625
40.375
40.25
40.0
39.875
39.8125
39.6875
39.5625
39.3125
38.6875
38.0625
37.5625
37.3125
37.3125
37.8125
41.75
53.6875
71.8125
90.0
103.5
111.8125
119.4375
127.9375
134.0
138.125
141.4375
142.3125
142.25
143.25
141.5625
135.75
127.6875
117.3125
105.0625
92.9375
86.0
85.5
85.3125
83.3125
80.8125
78.125
75.625
73.4375
71.375
69.3125
67.3125
65.5
63.75
62.3125
61.0
59.75
58.625
57.5
56.5
55.5625
54.75
53.9375
53.1875
52.5
51.8125
51.1875
50.6875
50.375
50.0625
49.5625
48.75
47.875
46.9375
46.25
45.8125
45.5625
45.3125
45.125
47.875
57.6875
72.8125
87.75
98.6875
105.5
111.4375
118.4375
124.9375
129.375
132.1875
133.3125
133.3125
132.3125
129.1875
124.5
117.375
106.875
95.0
85.125
81.625
82.1875
81.3125
79.125
76.625
74.0625
71.8125
70.0
68.25
66.25
64.0625
62.5
61.5
60.75
60.0625
60.75
65.0
71.8125
77.3125
80.3125
81.0625
80.375
78.6875
75.9375
71.9375
66.5
60.625
57.25
57.25
57.875
58.125
57.75
56.75
55.4375
54.3125
53.3125
52.375
51.5
50.625
49.75
48.875
48.0625
47.3125
46.75
46.1875
45.625
45.0625
44.5625
44.0625
43.5625
43.125
42.625
42.25
41.8125
41.375
41.0625
40.75
40.375
40.0
39.75
39.5
39.375
39.1875
38.9375
38.875
38.75
38.6875
38.5625
38.25
37.625
37.0
36.5625
36.3125
36.3125
37.1875
42.4375
56.0625
74.6875
92.375
105.0
113.3125
121.75
128.875
133.625
137.25
138.75
139.8125
142.0
141.375
136.5
130.25
122.4375
111.9375
99.75
88.8125
83.9375
83.9375
83.3125
81.375
78.9375
76.3125
73.875
71.6875
69.6875
67.6875
65.75
64.0
62.4375
60.9375
59.6875
58.4375
57.3125
56.25
55.25
54.3125
53.5
52.75
52.0
51.4375
50.8125
50.1875
49.6875
49.375
49.0625
48.6875
48.0625
47.0625
46.0
45.125
44.5625
44.375
44.3125
44.125
45.75
53.8125
68.25
83.8125
95.9375
103.625
109.625
116.3125
123.375
128.375
130.5625
132.3125
133.5
132.0
128.3125
123.9375
117.9375
108.8125
96.875
85.6875
80.8125
81.0
80.625
78.8125
76.5625
74.0
71.625
69.6875
67.9375
66.375
64.75
62.875
61.0
59.375
58.0625
57.0
55.875
54.625
53.5625
52.6875
52.0625
51.5625
50.9375
51.0625
55.3125
66.0625
79.6875
91.3125
98.9375
103.5625
107.9375
112.375
116.0625
118.5625
119.6875
118.625
114.875
109.0625
101.625
92.125
82.3125
76.8125
76.6875
76.875
75.5
73.5625
71.1875
68.875
66.8125
64.9375
63.1875
61.5
59.8125
58.3125
56.9375
55.6875
54.625
53.625
52.625
51.75
51.0
50.1875
49.4375
48.6875
48.0
47.3125
46.625
45.9375
45.375
44.8125
44.25
43.6875
43.1875
42.875
42.5
42.0
41.6875
41.4375
41.375
41.25
41.0
40.5625
39.9375
39.3125
38.9375
38.8125
38.8125
39.25
43.25
55.0
72.0
88.5
100.5
108.5
116.4375
124.375
129.9375
133.8125
136.3125
137.5
137.9375
137.875
135.8125
130.625
123.6875
114.5
102.6875
90.875
84.3125
83.875
83.5625
81.5
78.875
76.25
73.875
71.6875
69.75
67.8125
65.875
64.0625
62.5
61.0625
59.625
58.375
57.1875
56.0625
55.0
54.0
53.0625
52.3125
51.5625
50.875
50.1875
49.4375
48.8125
48.375
48.0
47.5
46.875
46.0625
45.125
44.375
43.875
43.75
43.6875
43.5
45.625
54.375
68.5
83.1875
94.6875
102.0625
108.1875
115.25
121.625
125.75
128.5
130.1875
130.625
130.0625
128.3125
123.4375
115.75
106.3125
95.0625
84.875
81.0
81.3125
80.6875
78.75
76.375
73.8125
71.4375
69.375
67.375
65.5625
63.75
62.0
60.4375
59.0
57.75
56.5625
55.5
54.4375
53.5
52.5625
51.75
51.0
50.3125
49.75
49.0625
48.375
47.8125
47.3125
46.875
46.375
45.75
44.8125
43.9375
43.25
42.875
42.75
42.5625
42.5625
46.25
56.875
71.8125
86.1875
96.8125
103.625
109.75
117.1875
123.625
127.1875
129.1875
130.875
131.3125
130.0625
127.1875
122.5
115.4375
105.9375
94.5
85.0
82.0625
82.375
81.3125
79.3125
76.9375
74.375
72.0
69.875
67.875
66.0
64.25
62.5625
61.0625
59.8125
58.5625
57.5
56.4375
55.4375
54.5625
53.75
52.875
52.0625
51.3125
50.5
49.75
49.0
48.5
48.125
47.75
47.1875
46.4375
45.5625
44.625
43.875
43.5
43.3125
43.25
43.25
45.5625
54.3125
68.5
83.375
94.875
102.25
108.375
115.4375
122.1875
126.125
128.4375
130.625
132.1875
132.0
129.375
124.9375
118.4375
109.0625
97.8125
87.3125
82.125
82.3125
82.0
80.0
77.5
74.875
72.5
70.3125
68.3125
66.3125
64.5625
62.8125
61.25
59.75
58.4375
57.1875
56.125
55.125
54.1875
53.25
52.375
51.5625
50.875
50.25
49.625
48.9375
48.25
47.75
47.375
47.0
46.375
45.625
44.75
43.9375
43.3125
43.0
42.875
42.6875
43.375
49.375
62.0
77.1875
90.375
99.25
105.3125
111.6875
118.875
124.9375
129.0
131.0625
131.375
131.0625
129.4375
126.3125
121.0
112.625
101.5
89.75
82.6875
82.1875
82.4375
81.0
78.75
76.25
73.8125
71.6875
69.6875
67.75
65.9375
64.1875
62.625
61.125
59.875
58.6875
57.625
56.625
55.625
54.6875
53.8125
52.8125
51.875
51.125
50.4375
49.6875
49.0
48.5
48.0625
47.6875
47.125
46.4375
45.5625
44.625
44.0
43.625
43.5625
43.4375
43.5625
46.9375
57.1875
71.875
86.25
96.875
103.625
109.625
116.8125
123.75
128.125
130.3125
132.0
132.875
131.5
128.375
124.3125
117.625
107.375
95.375
85.1875
81.625
82.25
81.6875
79.75
77.375
74.8125
72.5
70.5625
68.8125
67.0
65.0625
63.125
61.375
60.0
58.75
57.4375
56.1875
55.125
54.25
53.5625
52.9375
52.3125
51.5625
52.3125
58.0625
69.625
82.4375
92.75
99.125
103.3125
107.625
111.75
115.125
117.1875
117.4375
116.25
112.1875
104.75
95.5625
85.625
77.375
75.0
76.0
75.8125
74.4375
72.5
70.1875
68.0625
66.125
64.3125
62.5625
60.875
59.1875
57.6875
56.4375
55.25
54.1875
53.1875
52.25
51.375
50.625
49.875
49.125
48.5
47.8125
47.125
46.5
45.8125
45.25
44.6875
44.1875
43.75
43.25
42.875
42.5
42.125
41.75
41.5
41.3125
41.25
41.125
40.75
40.125
39.4375
38.9375
38.6875
38.625
38.625
39.8125
46.5
60.6875
78.0625
93.25
103.5
110.5
118.375
126.4375
132.0
135.125
137.625
139.375
139.375
138.25
135.0625
129.0625
121.0625
111.4375
99.625
88.8125
84.6875
85.0
84.0
81.5625
78.75
75.9375
73.4375
71.3125
69.375
67.4375
65.5
63.6875
62.0625
60.6875
59.375
58.1875
57.0625
56.0625
55.0625
54.125
53.25
52.375
51.5625
50.875
50.1875
49.5625
48.875
48.25
47.8125
47.375
47.0
46.375
45.625
44.8125
44.0625
43.5
43.3125
43.1875
43.0
44.5
52.0
65.5
80.4375
92.75
100.8125
107.0
113.875
120.375
124.8125
127.6875
129.875
132.3125
132.9375
130.6875
126.4375
120.0
111.4375
100.625
89.0625
82.125
81.5625
81.8125
80.375
78.1875
75.5625
73.1875
71.0625
69.0625
67.125
65.1875
63.375
61.75
60.25
59.0
57.75
56.6875
55.625
54.6875
53.8125
53.0
52.1875
51.5
50.8125
50.25
49.625
49.0625
48.5
48.125
47.9375
47.6875
47.125
46.375
45.5
44.6875
44.1875
43.875
43.75
43.5
43.9375
49.25
61.5
76.625
90.0625
99.375
106.125
113.3125
120.875
126.375
129.75
131.6875
132.8125
133.5
132.25
129.5
125.125
117.5625
107.1875
95.25
85.625
82.8125
83.1875
82.0625
80.0
77.5
74.875
72.625
70.625
68.6875
66.75
64.875
63.125
61.5625
60.125
58.875
57.625
56.5
55.5
54.5
53.625
52.6875
51.9375
51.1875
50.5625
49.9375
49.25
48.625
48.125
47.75
47.375
46.875
46.125
45.25
44.4375
43.875
43.5625
43.5625
43.375
44.1875
50.3125
63.125
78.3125
91.625
100.5
106.4375
112.75
120.0
126.625
130.75
132.0
132.6875
133.0
132.0
129.25
123.625
115.0625
104.5625
93.0625
84.625
82.9375
83.5
82.25
79.9375
77.375
74.8125
72.5625
70.5
68.625
66.75
64.8125
63.125
61.5625
60.25
58.9375
57.8125
56.75
55.75
54.75
53.875
53.0625
52.375
51.625
51.0
50.3125
49.5625
49.0
48.625
48.25
47.75
47.125
46.25
45.3125
44.625
44.1875
44.0
43.8125
43.875
47.6875
58.625
73.6875
87.9375
98.25
105.0
111.625
119.0
125.125
129.25
132.0625
133.75
134.375
134.25
131.9375
126.4375
118.9375
109.625
98.3125
87.9375
84.1875
84.625
83.625
81.625
79.3125
76.75
74.5
72.375
70.375
68.375
66.5
64.75
63.125
61.625
60.3125
59.0625
58.0625
57.0625
56.125
55.1875
54.4375
53.6875
52.9375
52.3125
51.6875
51.0
50.4375
50.0
49.5625
48.9375
48.25
47.375
46.5
45.75
45.25
45.0
44.875
44.6875
46.875
55.6875
70.125
85.0625
96.5625
104.0
110.375
117.5
124.1875
129.0
132.25
134.4375
135.5625
134.5
132.1875
128.625
122.625
114.25
103.3125
91.625
85.0
84.6875
84.5625
82.6875
80.25
77.5625
75.0
72.75
70.75
68.75
66.8125
65.0
63.3125
61.75
60.4375
59.1875
58.0
56.9375
55.9375
55.0
54.0625
53.25
52.5
51.8125
51.125
50.4375
49.75
49.25
48.8125
48.375
47.8125
47.0
46.125
45.375
44.875
44.625
44.5
44.3125
45.875
53.8125
67.875
83.1875
95.375
103.25
109.4375
116.3125
123.1875
128.125
131.375
134.0625
134.9375
134.1875
132.875
129.6875
123.6875
115.0
103.75
91.875
85.0
84.5
84.3125
82.4375
80.0
77.375
74.9375
72.6875
70.6875
68.6875
66.6875
64.8125
63.0625
61.5
60.0625
58.8125
57.75
56.6875
55.6875
54.8125
54.0
53.25
52.5625
51.875
51.25
50.5625
50.0
49.5625
49.25
48.875
48.25
47.375
46.5
45.75
45.3125
45.25
45.1875
44.9375
46.8125
55.25
69.625
84.6875
96.4375
104.0625
110.3125
117.25
123.5625
128.5
132.5625
134.75
135.0625
134.4375
132.375
128.5
122.0625
112.8125
101.625
90.5
84.375
84.375
84.625
82.875
80.375
77.6875
75.0625
72.75
70.625
68.5625
66.5625
64.75
63.0625
61.5625
60.25
59.0
57.875
56.75
55.75
54.8125
54.0
53.25
52.5
51.75
51.0625
50.375
49.8125
49.3125
48.9375
48.375
47.6875
46.8125
45.875
45.1875
44.8125
44.75
44.625
44.8125
49.0625
60.375
75.625
89.875
100.0
106.5
112.75
119.8125
126.75
131.0625
132.875
134.3125
135.6875
135.3125
132.5
127.0625
119.0
109.0
97.625
87.75
84.4375
84.75
83.6875
81.5
79.0
76.375
74.0
71.875
69.8125
67.875
65.9375
64.125
62.5
61.0625
59.8125
58.5625
57.4375
56.4375
55.5
54.5625
53.75
53.0
52.3125
51.625
50.875
50.25
49.75
49.25
48.75
48.1875
47.375
46.4375
45.625
45.0625
44.8125
44.75
44.5
46.3125
54.6875
69.0
84.25
96.25
103.75
109.6875
116.4375
123.125
128.25
132.1875
134.6875
135.25
134.875
133.1875
129.375
122.625
113.1875
102.125
91.0625
85.0625
85.0625
84.875
82.875
80.375
77.75
75.375
73.25
71.25
69.25
67.25
65.4375
63.875
62.4375
61.1875
59.9375
58.875
57.875
56.875
55.9375
55.125
54.375
53.6875
52.9375
52.25
51.6875
51.25
50.8125
50.25
49.4375
48.5
47.4375
46.5625
46.1875
46.0
45.8125
45.5
47.3125
55.625
70.0
85.25
97.125
104.75
111.25
118.6875
125.75
130.625
133.375
135.1875
136.3125
135.875
134.0
130.0625
123.5625
115.0625
104.25
92.4375
85.625
85.25
85.1875
83.3125
80.875
78.0625
75.5
73.25
71.25
69.3125
67.375
65.5
63.6875
62.1875
60.8125
59.5625
58.4375
57.375
56.375
55.375
54.4375
53.6875
53.0
52.3125
51.5625
50.8125
50.3125
49.8125
49.375
48.75
48.0625
47.1875
46.375
45.75
45.4375
45.25
45.0625
45.9375
52.4375
65.9375
81.625
94.8125
103.375
109.625
116.5625
123.9375
129.6875
133.25
134.9375
136.125
137.5
136.125
131.4375
125.25
117.4375
107.0
94.875
86.5
85.1875
85.4375
83.75
81.375
78.75
76.1875
73.875
71.625
69.5
67.5
65.5
63.75
62.25
60.9375
59.75
58.6875
57.625
56.625
55.6875
54.8125
54.0625
53.4375
52.8125
52.0625
51.375
50.875
50.5
50.125
49.5
48.8125
47.9375
47.125
46.5
46.25
46.0625
45.8125
46.0
50.3125
61.9375
77.625
91.9375
101.625
108.0625
114.6875
122.125
128.0
131.75
134.8125
136.5
136.375
134.875
132.1875
127.3125
120.0
110.0625
98.1875
88.375
85.375
85.9375
84.875
82.5
79.8125
77.0625
74.625
72.4375
70.3125
68.3125
66.375
64.625
63.0
61.5
60.25
59.0625
58.0
56.9375
55.9375
55.0
54.1875
53.4375
52.75
52.0
51.25
50.625
50.1875
49.6875
49.125
48.4375
47.5625
46.6875
46.0
45.5625
45.4375
45.3125
45.375
49.25
60.4375
75.875
90.375
100.75
107.6875
114.4375
122.125
128.0625
131.5
133.8125
135.8125
136.5625
135.6875
132.9375
127.625
120.75
111.625
99.5625
88.875
85.125
85.75
84.875
82.5625
79.875
77.0625
74.5625
72.375
70.3125
68.3125
66.375
64.5625
62.9375
61.4375
60.125
58.9375
57.875
56.8125
55.8125
54.9375
54.125
53.375
52.6875
51.9375
51.1875
50.5
50.0625
49.5625
49.0
48.375
47.5
46.625
45.875
45.375
45.1875
45.0625
45.0625
48.75
59.625
75.0625
89.75
100.3125
107.0625
113.375
120.625
127.5625
131.9375
134.0
135.1875
135.5625
134.3125
132.0
128.375
122.0625
112.125
99.375
88.3125
84.1875
84.625
83.8125
81.6875
79.1875
76.625
74.25
72.1875
70.1875
68.25
66.375
64.625
63.0625
61.625
60.3125
59.125
58.0
57.0
56.0
55.1875
54.375
53.625
52.9375
52.25
51.5625
51.0625
50.6875
50.3125
49.75
49.0
48.125
47.1875
46.5625
46.1875
46.0
45.75
45.4375
48.4375
58.625
73.875
88.6875
99.3125
106.25
112.8125
119.9375
125.9375
130.25
133.625
135.9375
136.25
135.0625
132.75
128.8125
121.875
111.8125
99.8125
89.0
85.0
85.5
84.5
82.125
79.4375
76.8125
74.4375
72.375
70.4375
68.5625
66.5625
64.4375
62.8125
61.875
61.1875
60.375
60.5
64.0
71.3125
78.375
82.625
84.25
83.9375
82.8125
80.75
77.375
72.5
66.4375
60.9375
59.125
60.0625
60.625
60.625
59.875
58.5625
57.1875
56.0
54.875
53.875
52.9375
52.0625
51.125
50.1875
49.4375
48.75
48.0625
47.4375
46.8125
46.3125
45.8125
45.3125
44.8125
44.3125
43.875
43.375
43.0
42.6875
42.3125
41.9375
41.5
41.1875
40.9375
40.75
40.5625
40.3125
40.1875
40.125
40.0
39.8125
39.375
38.6875
38.125
37.6875
37.5625
37.625
39.25
47.0625
62.8125
81.6875
98.0625
108.8125
116.4375
124.6875
132.375
137.625
140.875
143.125
143.875
143.4375
142.125
139.5625
134.25
125.1875
114.125
101.9375
91.1875
86.75
86.625
85.5625
83.375
80.625
77.8125
75.3125
73.125
70.9375
68.875
66.8125
65.0
63.4375
62.0
60.6875
59.4375
58.375
57.375
56.375
55.4375
54.5625
53.8125
53.125
52.4375
51.625
50.875
50.25
49.8125
49.3125
48.625
47.75
46.8125
45.8125
45.1875
44.8125
44.75
44.6875
45.8125
52.5
66.3125
82.3125
95.375
103.6875
109.6875
116.4375
123.3125
128.3125
131.9375
134.375
134.75
133.375
131.5
128.9375
123.3125
114.0
102.8125
91.1875
83.3125
81.875
81.75
80.25
78.0
75.5
72.9375
70.5625
68.5
66.625
64.8125
63.0
61.25
59.6875
58.375
57.125
56.0
54.9375
54.0
53.0625
52.1875
51.4375
50.6875
49.9375
49.3125
48.6875
48.0
47.5
47.0
46.5625
46.125
45.375
44.4375
43.625
43.125
43.0
42.9375
42.8125
44.625
53.0
67.6875
83.4375
95.9375
104.0
110.1875
117.0
123.75
128.5625
131.8125
134.4375
135.0625
133.3125
131.0625
127.75
121.125
111.6875
100.375
89.0625
82.875
82.375
81.8125
79.6875
77.3125
74.875
72.5625
70.4375
68.5
66.5625
64.75
62.9375
61.375
59.9375
58.625
57.4375
56.375
55.375
54.375
53.4375
52.625
51.875
51.1875
50.5625
49.875
49.1875
48.625
48.1875
48.0
47.6875
47.1875
46.375
45.5
44.6875
44.1875
43.9375
43.875
43.625
44.0
49.0625
61.375
76.875
90.625
99.875
106.25
112.8125
120.4375
126.75
130.75
132.8125
133.5
133.625
132.625
129.6875
123.875
115.1875
104.25
92.5
84.125
82.5
82.875
81.625
79.375
76.8125
74.25
72.0
69.9375
67.9375
66.0
64.125
62.3125
60.8125
59.375
58.125
56.9375
55.875
54.9375
53.9375
53.0625
52.25
51.5
50.8125
50.1875
49.5625
48.875
48.25
47.8125
47.4375
47.0
46.4375
45.75
44.8125
44.0625
43.5625
43.3125
43.25
43.25
45.75
55.0625
69.8125
84.9375
96.625
104.125
110.5625
118.1875
124.5625
128.0
130.75
132.625
132.8125
132.6875
131.3125
127.75
121.5
112.0625
100.1875
88.8125
83.4375
83.5625
83.1875
81.3125
78.8125
76.125
73.625
71.375
69.3125
67.375
65.4375
63.6875
62.0
60.5
59.1875
58.0
56.9375
55.875
54.875
53.9375
53.0625
52.25
51.5625
50.9375
50.3125
49.5625
48.875
48.375
47.9375
47.5
46.9375
46.25
45.3125
44.4375
43.8125
43.5
43.375
43.25
44.6875
52.125
65.8125
81.0625
93.6875
102.1875
108.5
115.5
122.5
128.0
131.25
132.875
133.5625
133.0
131.25
127.625
121.6875
113.4375
102.25
90.4375
83.9375
83.6875
83.6875
82.0625
79.75
77.1875
74.75
72.5
70.5
68.5625
66.625
64.875
63.1875
61.625
60.375
59.1875
58.125
57.125
56.125
55.0625
54.0625
53.1875
52.4375
51.6875
51.0
50.3125
49.5625
49.0
48.5625
48.1875
47.5625
46.9375
46.125
45.1875
44.5
44.125
44.0
43.875
44.25
48.75
60.25
75.5
89.625
99.6875
106.5
113.125
120.0625
125.75
130.0
133.0
134.6875
135.125
134.0625
131.375
126.4375
118.875
108.875
97.125
87.0625
83.8125
84.0
82.875
80.625
78.0625
75.375
73.125
71.0625
69.0625
67.125
65.25
63.5
61.875
60.4375
59.1875
57.875
56.8125
55.75
54.75
53.875
53.0
52.25
51.5
50.8125
50.1875
49.5
48.875
48.375
48.0
47.625
47.0
46.25
45.4375
44.6875
44.1875
43.875
43.75
43.6875
45.5625
53.875
68.1875
83.4375
95.5625
103.3125
109.375
116.375
123.3125
128.0
130.875
133.5
134.6875
133.5
131.75
128.5625
122.0
112.5
100.9375
89.3125
83.0625
83.0
83.0625
81.375
79.125
76.5
74.0625
71.9375
69.9375
68.0625
66.1875
64.4375
62.6875
61.1875
59.875
58.6875
57.6875
56.6875
55.6875
54.8125
54.0
53.25
52.5625
51.9375
51.3125
50.75
50.1875
49.6875
49.4375
49.125
48.625
47.9375
47.0
46.0
45.25
44.8125
44.6875
44.5625
44.6875
48.375
59.1875
74.3125
88.6875
99.0625
105.8125
112.0625
119.3125
126.0625
130.4375
133.0625
135.1875
136.125
135.25
132.8125
127.8125
120.0625
110.0
98.1875
87.6875
83.8125
84.375
83.625
81.5
79.0
76.4375
74.0625
72.0
70.0
68.0
66.0625
64.25
62.625
61.125
59.8125
58.5625
57.5
56.4375
55.4375
54.5
53.625
52.8125
52.0625
51.375
50.8125
50.125
49.4375
48.9375
48.5
48.0625
47.625
47.0625
46.25
45.375
44.75
44.3125
44.1875
44.0625
44.375
48.8125
60.3125
75.75
90.125
100.25
106.875
113.4375
120.9375
127.25
131.1875
133.4375
134.6875
134.8125
134.0
131.8125
126.9375
119.25
109.1875
97.3125
87.0
83.5625
84.375
83.625
81.5625
79.0
76.4375
74.125
71.9375
69.9375
68.0
66.125
64.375
62.8125
61.3125
60.0625
58.875
57.8125
56.8125
55.875
55.0
54.1875
53.3125
52.5625
51.875
51.3125
50.6875
50.125
49.5625
49.25
49.0
48.6875
48.0625
47.25
46.3125
45.625
45.1875
44.9375
44.75
44.5
46.0
53.6875
67.875
83.375
95.5
103.25
109.4375
116.6875
124.1875
129.75
132.625
134.5
135.6875
135.25
133.875
131.5625
125.9375
116.25
104.5625
92.75
85.1875
84.4375
84.8125
83.25
80.9375
78.3125
75.6875
73.4375
71.375
69.3125
67.3125
65.4375
63.6875
62.125
60.6875
59.4375
58.25
57.1875
56.1875
55.25
54.3125
53.4375
52.625
51.875
51.25
50.6875
50.0625
49.3125
48.75
48.3125
47.9375
47.5
46.875
46.125
45.3125
44.5625
44.1875
44.0625
43.9375
44.1875
47.9375
58.875
74.125
88.625
99.125
106.0
112.5
120.1875
127.0
130.4375
132.125
134.4375
136.5625
136.5625
133.75
129.0625
122.375
113.0625
101.3125
90.0625
85.0625
85.125
84.375
82.1875
79.75
77.1875
74.8125
72.625
70.625
68.625
66.625
64.8125
63.0625
61.5625
60.1875
58.9375
57.875
56.75
55.75
54.8125
53.875
53.0
52.125
51.3125
50.625
49.9375
49.3125
48.6875
48.1875
47.875
47.5625
47.1875
46.6875
45.9375
45.125
44.5
44.125
44.0
43.9375
44.0625
47.4375
57.875
73.125
87.875
98.75
106.0
112.625
120.0
126.375
130.125
132.375
135.125
137.0
135.875
132.3125
127.6875
121.5
112.5
101.0
90.0
84.75
84.875
84.4375
82.3125
79.9375
77.4375
75.0
72.8125
70.6875
68.6875
66.8125
65.0625
63.375
61.875
60.5
59.25
58.0
56.9375
55.9375
54.9375
54.0
53.125
52.375
51.625
50.9375
50.375
49.75
49.0625
48.5
48.125
47.8125
47.375
46.75
45.9375
45.0625
44.375
44.0
43.8125
43.6875
43.75
47.0625
57.5
72.5625
87.25
98.0625
105.125
111.6875
119.4375
126.25
130.3125
133.375
135.25
135.5625
135.5625
133.8125
129.1875
122.375
113.0625
101.25
89.8125
84.125
84.3125
84.0625
82.1875
79.6875
76.9375
74.4375
72.3125
70.25
68.3125
66.4375
64.625
63.0
61.4375
60.0625
58.8125
57.75
56.625
55.625
54.6875
53.8125
52.9375
52.0625
51.3125
50.625
50.0
49.4375
48.8125
48.1875
47.6875
47.3125
46.9375
46.5625
46.0625
45.25
44.375
43.6875
43.1875
43.0
42.875
42.875
46.0
56.1875
71.125
86.0
97.25
104.5625
111.0625
118.1875
124.625
129.3125
132.5
134.3125
135.0625
134.6875
132.625
128.9375
123.125
114.3125
102.9375
91.375
85.1875
85.125
85.0625
83.1875
80.6875
78.0
75.5
73.25
71.25
69.3125
67.4375
65.625
64.0
62.5625
61.3125
60.125
59.0
57.9375
56.875
55.875
54.8125
53.875
53.0
52.1875
51.4375
50.6875
50.0
49.3125
48.6875
48.125
47.8125
47.5
47.0625
46.4375
45.75
44.9375
44.125
43.6875
43.5
43.5
43.5625
46.1875
55.5
70.1875
85.125
96.6875
104.4375
111.0
118.125
124.625
129.75
133.0
134.4375
135.6875
136.625
135.3125
131.3125
125.3125
117.1875
105.9375
93.5625
85.875
84.9375
84.875
83.125
80.75
78.125
75.5625
73.3125
71.1875
69.1875
67.1875
65.375
63.625
62.125
60.75
59.4375
58.25
57.1875
56.1875
55.25
54.3125
53.5
52.6875
51.875
51.0625
50.375
49.8125
49.25
48.625
48.0625
47.625
47.25
46.875
46.4375
45.875
45.0625
44.3125
43.75
43.4375
43.3125
43.125
44.0
50.0
62.9375
78.5
92.0
101.0
107.25
114.125
121.5
127.3125
131.5
134.875
136.4375
135.75
134.6875
133.0625
128.125
120.125
109.75
97.75
87.5625
84.125
84.625
83.6875
81.5
79.0
76.375
74.0625
72.0625
70.0625
68.0625
66.125
64.375
62.8125
61.375
60.125
59.0
57.9375
56.9375
56.0
55.0
54.1875
53.375
52.5625
51.875
51.125
50.5
50.0
49.375
48.875
48.375
48.125
47.9375
47.5625
47.0
46.25
45.4375
44.8125
44.4375
44.1875
43.9375
43.6875
45.8125
54.5
69.0
84.125
95.8125
103.4375
110.125
117.9375
124.75
129.625
133.0625
135.0
135.625
134.375
132.875
131.0625
126.125
117.25
106.0625
94.125
86.0625
85.125
85.6875
84.3125
82.0
79.3125
76.5
74.125
71.9375
69.875
67.875
65.875
64.125
62.625
61.125
59.8125
58.9375
58.5
57.75
57.5625
60.875
69.75
80.75
89.0625
94.1875
97.4375
99.9375
101.9375
103.0
102.3125
98.8125
92.75
85.0
76.5625
70.1875
68.9375
70.125
70.4375
69.625
68.0625
66.1875
64.5
62.9375
61.4375
59.9375
58.5
57.125
55.875
54.75
53.75
52.8125
52.0625
51.25
50.5625
49.8125
49.125
48.5
47.9375
47.375
46.875
46.3125
45.75
45.3125
44.8125
44.375
43.875
43.4375
42.9375
42.5
42.125
41.6875
41.3125
41.0625
40.8125
40.6875
40.5625
40.375
40.125
39.9375
39.75
39.6875
39.5
39.0
38.25
37.75
37.5
37.5
37.75
40.4375
50.25
67.0625
85.125
99.75
109.3125
117.5625
126.8125
133.0625
137.0625
142.0
144.0625
143.9375
145.125
144.125
139.625
133.6875
125.5625
114.8125
102.5625
91.125
85.875
85.875
85.0
82.6875
80.0625
77.4375
75.0
72.8125
70.75
68.8125
66.8125
64.9375
63.3125
61.8125
60.5
59.25
58.0625
57.0
56.0
55.0625
54.1875
53.375
52.5625
51.8125
51.125
50.5
50.0
49.4375
48.875
48.4375
48.1875
47.9375
47.5625
46.9375
46.1875
45.1875
44.4375
43.875
43.625
43.5
43.5625
46.25
55.8125
70.5
85.1875
96.375
103.6875
110.1875
117.625
123.9375
128.125
131.3125
132.9375
133.6875
133.5
131.125
127.5
122.25
113.8125
102.875
91.1875
83.25
82.0
82.0625
80.5
78.25
75.6875
73.125
70.875
68.875
66.9375
65.0625
63.25
61.5625
60.0625
58.625
57.375
56.25
55.1875
54.1875
53.25
52.375
51.5
50.6875
49.9375
49.25
48.5
47.9375
47.4375
46.8125
46.25
45.75
45.375
45.0625
44.6875
44.25
43.5625
42.75
42.0625
41.625
41.4375
41.375
41.625
44.9375
55.125
70.1875
85.1875
96.625
104.0625
110.8125
118.3125
124.5
128.6875
131.3125
133.625
135.0
134.8125
133.375
129.6875
123.125
114.25
103.25
91.3125
83.4375
82.25
82.3125
80.6875
78.4375
75.875
73.25
71.125
69.1875
67.3125
65.4375
63.5625
61.875
60.375
59.0
57.6875
56.625
55.5
54.5625
53.5625
52.75
51.875
51.0
50.25
49.5625
48.875
48.25
47.6875
47.0625
46.375
45.875
45.5625
45.1875
44.75
44.1875
43.375
42.5625
41.9375
41.5625
41.5
41.5
41.875
46.0625
57.25
72.3125
86.625
97.25
104.125
110.5625
118.0625
124.4375
128.6875
131.1875
132.1875
132.9375
133.1875
130.9375
126.3125
119.9375
111.5625
100.5
89.1875
83.5625
83.5
83.0625
81.1875
78.875
76.3125
73.9375
71.75
69.6875
67.75
65.875
64.125
62.5
61.0
59.625
58.375
57.25
56.25
55.3125
54.4375
53.5625
52.625
51.75
50.9375
50.25
49.625
49.0
48.375
47.6875
47.1875
46.875
46.5
46.125
45.5
44.8125
44.0
43.25
42.875
42.6875
42.625
43.1875
48.0
59.75
74.9375
88.9375
99.0
105.625
112.25
119.6875
125.6875
129.5
132.125
133.5
134.375
133.75
131.0
126.75
120.4375
111.3125
99.8125
88.8125
83.8125
83.9375
83.25
81.25
78.8125
76.0625
73.625
71.4375
69.4375
67.5625
65.6875
63.9375
62.375
60.875
59.5
58.3125
57.1875
56.1875
55.25
54.3125
53.3125
52.5
51.6875
50.875
50.1875
49.625
49.0
48.375
47.8125
47.3125
47.0
46.625
46.1875
45.5625
44.75
44.0
43.375
43.125
42.9375
42.8125
43.875
50.375
63.625
79.125
92.25
101.0625
107.5
114.8125
122.125
126.5
129.6875
132.8125
134.4375
134.125
133.1875
130.5625
125.5
118.25
108.1875
96.125
86.375
83.625
84.1875
83.1875
81.0
78.4375
75.8125
73.4375
71.375
69.3125
67.3125
65.4375
63.6875
62.0625
60.5625
59.3125
58.0625
57.0625
56.0
55.0
54.125
53.25
52.375
51.5625
50.875
50.1875
49.5625
48.9375
48.375
47.8125
47.375
47.0625
46.6875
46.125
45.4375
44.625
43.875
43.375
43.25
43.125
43.0625
45.75
55.25
70.0625
85.0625
96.5625
104.0625
110.375
117.75
124.6875
129.25
132.1875
134.875
136.25
135.375
133.1875
129.8125
124.0625
115.3125
104.1875
92.25
84.625
83.9375
84.25
82.625
80.3125
77.5625
74.875
72.75
70.75
68.75
66.75
64.8125
63.0625
61.5625
60.25
59.0
57.8125
56.8125
55.75
54.75
53.875
52.9375
52.1875
51.4375
50.6875
50.125
49.5
48.875
48.25
47.75
47.4375
47.0625
46.5625
45.8125
45.0
44.25
43.6875
43.4375
43.25
43.125
45.375
54.1875
68.5625
83.6875
95.625
103.4375
109.9375
117.375
124.1875
128.9375
132.1875
134.3125
135.375
134.75
132.3125
128.875
123.5625
115.5
105.125
93.5
85.3125
84.0625
84.375
82.8125
80.375
77.75
75.3125
73.0625
71.0
69.0
67.0
65.125
63.375
61.75
60.375
59.0625
57.875
56.8125
55.8125
54.8125
53.9375
53.125
52.3125
51.5625
50.875
50.3125
49.6875
48.9375
48.4375
48.0
47.625
47.1875
46.5625
45.75
44.875
44.1875
43.8125
43.625
43.5
43.8125
48.375
60.0625
75.4375
89.6875
99.75
106.25
112.625
119.6875
125.9375
130.875
134.0
135.25
135.75
135.75
132.9375
127.5625
120.75
112.125
100.625
89.25
83.8125
84.0
83.6875
81.6875
79.3125
76.75
74.375
72.3125
70.25
68.25
66.4375
64.6875
63.0625
61.625
60.3125
59.0625
57.9375
56.9375
56.0
55.125
54.375
53.5625
52.8125
52.1875
51.5625
50.9375
50.3125
49.8125
49.5625
49.25
48.625
47.875
46.9375
46.0
45.3125
44.875
44.6875
44.5
44.9375
49.8125
61.75
77.1875
91.0625
100.6875
107.3125
114.0
121.3125
127.8125
132.0625
134.5
136.0
136.25
135.5625
133.4375
128.75
121.75
112.25
100.625
89.625
85.0
85.25
84.3125
82.0
79.4375
76.8125
74.5
72.6875
70.9375
68.8125
66.5
64.625
63.4375
62.75
61.9375
62.0625
65.75
72.6875
78.9375
82.375
83.25
82.375
80.6875
78.125
74.1875
68.9375
62.9375
59.0625
58.875
59.6875
59.8125
59.5
58.5
57.125
55.9375
54.875
53.9375
53.0625
52.1875
51.375
50.4375
49.625
48.875
48.25
47.625
47.0625
46.4375
45.875
45.375
44.875
44.4375
43.9375
43.5
43.125
42.6875
42.3125
41.9375
41.5625
41.1875
40.8125
40.4375
40.0625
39.8125
39.625
39.4375
39.25
39.125
38.9375
38.875
38.8125
38.6875
38.5625
38.375
37.875
37.1875
36.6875
36.4375
36.4375
36.6875
39.5
49.6875
67.125
86.125
101.3125
111.0
118.9375
126.8125
133.3125
138.25
140.6875
141.5
142.8125
144.375
143.5625
139.375
133.0
124.625
113.3125
100.25
89.25
85.625
86.1875
85.1875
82.8125
80.0
77.3125
74.9375
72.875
70.8125
68.8125
66.8125
65.0
63.4375
62.0
60.6875
59.5
58.375
57.375
56.375
55.4375
54.625
53.8125
53.0625
52.375
51.8125
51.1875
50.5625
50.0
49.625
49.375
48.9375
48.1875
47.25
46.1875
45.1875
44.625
44.5
44.375
44.1875
45.25
52.25
66.25
82.375
95.5
103.875
110.1875
117.5
124.8125
129.0
131.4375
134.0
135.9375
135.5
133.0
129.5625
123.8125
115.75
105.5
93.5
84.5
82.5625
83.125
81.875
79.6875
77.0625
74.4375
72.1875
70.125
68.0625
66.125
64.1875
62.375
60.75
59.375
58.125
56.9375
55.9375
54.875
53.875
52.9375
52.125
51.375
50.625
49.9375
49.3125
48.6875
48.0
47.5
47.0625
46.6875
46.3125
45.75
44.9375
44.0625
43.3125
42.875
42.75
42.6875
42.625
45.125
54.75
70.125
85.8125
97.6875
105.3125
111.6875
119.0625
125.5625
129.9375
133.25
135.25
135.3125
134.125
132.8125
130.0625
123.875
115.0
104.0
91.875
84.125
83.3125
83.3125
81.5
79.125
76.5625
74.125
71.875
69.8125
67.8125
65.9375
64.0625
62.375
60.875
59.5625
58.375
57.3125
56.25
55.25
54.375
53.5625
52.75
52.0625
51.375
50.75
50.125
49.5
49.0625
48.8125
48.5
48.0
47.25
46.3125
45.5
45.0
44.75
44.6875
44.4375
44.625
49.0
60.75
76.375
90.5
100.0625
106.625
113.6875
121.375
127.0
130.375
133.125
135.125
135.4375
133.8125
131.5
126.9375
119.3125
109.4375
97.5625
87.0625
83.4375
84.0
83.125
81.0
78.4375
75.75
73.375
71.3125
69.3125
67.375
65.5
63.75
62.125
60.6875
59.375
58.125
57.125
56.125
55.125
54.1875
53.3125
52.5
51.75
51.125
50.5
49.8125
49.1875
48.6875
48.25
47.8125
47.25
46.5
45.625
44.875
44.375
44.125
44.125
43.9375
45.4375
53.25
67.5625
83.3125
96.0625
104.25
110.4375
117.25
124.25
129.5
132.6875
134.375
135.5625
136.6875
135.5
130.75
123.6875
115.0625
104.5625
93.1875
85.5
84.4375
84.625
82.8125
80.25
77.6875
75.3125
73.25
71.125
69.0625
67.0625
65.1875
63.4375
61.9375
60.6875
59.4375
58.3125
57.25
56.25
55.3125
54.4375
53.625
52.9375
52.25
51.625
50.9375
50.3125
49.9375
49.6875
49.3125
48.8125
48.125
47.25
46.375
45.75
45.4375
45.375
45.125
45.0
48.3125
58.9375
74.4375
89.125
99.5
106.1875
113.0
120.875
126.8125
129.9375
132.4375
134.9375
136.0625
134.75
132.1875
128.3125
121.5
112.125
100.3125
89.1875
84.3125
84.625
84.25
82.25
79.625
76.875
74.375
72.25
70.1875
68.1875
66.125
64.3125
62.625
61.125
59.8125
58.625
57.5
56.375
55.375
54.4375
53.625
52.8125
52.0625
51.4375
50.8125
50.0
49.375
48.875
48.4375
47.9375
47.375
46.5625
45.625
44.875
44.4375
44.25
44.1875
44.0
46.375
55.6875
70.6875
85.9375
97.6875
105.1875
111.4375
118.5
125.1875
129.625
132.5
134.625
135.3125
134.75
132.875
129.4375
123.5625
114.0625
102.375
91.0
84.625
84.125
83.8125
81.8125
79.3125
76.5625
74.0
71.75
69.625
67.625
65.625
63.875
62.25
60.8125
59.5625
58.3125
57.1875
56.1875
55.1875
54.3125
53.5
52.8125
52.1875
51.5
50.8125
50.125
49.5625
49.1875
48.8125
48.375
47.6875
46.8125
45.9375
45.3125
45.0625
45.0
44.875
44.8125
48.0625
58.5
74.0
88.6875
99.0
105.375
111.25
118.6875
126.125
130.25
132.0
134.0625
135.875
135.75
133.0
127.6875
120.3125
110.8125
99.0625
88.1875
83.6875
84.125
83.625
81.5625
79.0
76.3125
73.875
71.625
69.625
67.625
65.6875
63.875
62.1875
60.75
59.375
58.125
57.0625
56.0
55.0
54.0625
53.25
52.5
51.8125
51.125
50.4375
49.75
49.25
48.75
48.25
47.6875
46.875
46.0
45.1875
44.625
44.375
44.3125
44.125
45.5625
53.0625
67.0625
82.625
95.375
103.625
109.8125
116.875
123.8125
128.6875
132.1875
134.625
135.4375
135.5625
134.0
129.5625
123.5625
115.9375
105.1875
93.0
85.3125
84.5625
84.75
83.125
80.625
77.6875
75.0
72.75
70.6875
68.6875
66.625
64.625
62.875
61.375
60.0625
58.8125
57.75
56.625
55.625
54.625
53.875
53.125
52.4375
51.6875
50.9375
50.25
49.75
49.25
48.625
48.0
47.0625
46.125
45.375
44.875
44.6875
44.5
44.1875
46.375
55.4375
70.25
85.5625
97.375
104.8125
111.1875
118.6875
125.3125
129.625
132.25
134.125
135.1875
135.0
133.3125
128.8125
121.5625
112.25
100.6875
89.5625
84.5
84.875
84.5625
82.4375
80.0
77.375
74.9375
72.6875
70.6875
68.75
66.875
65.0625
63.4375
62.0
60.75
59.5
58.5
57.5
56.5625
55.6875
54.9375
54.125
53.1875
52.3125
51.5625
51.0625
50.625
50.0625
49.25
48.375
47.375
46.4375
45.9375
45.75
45.6875
45.5
46.8125
54.125
68.1875
83.9375
96.625
104.75
110.9375
117.75
124.8125
130.125
132.8125
135.0625
137.25
137.5
135.375
131.5
125.5
116.8125
105.5
93.5
86.1875
85.375
85.25
83.4375
81.0
78.375
75.75
73.4375
71.3125
69.3125
67.3125
65.4375
63.6875
62.0625
60.625
59.4375
58.3125
57.25
56.1875
55.25
54.4375
53.75
52.9375
52.1875
51.5
51.0
50.4375
49.8125
49.1875
48.375
47.4375
46.625
46.125
45.8125
45.6875
45.4375
46.6875
54.1875
68.5625
84.4375
97.125
105.125
111.0625
117.4375
124.0625
130.125
133.875
136.0
137.6875
137.5
134.1875
129.625
123.8125
114.9375
103.25
91.625
85.4375
85.25
85.0
83.0625
80.5625
77.8125
75.1875
73.0
70.9375
68.9375
67.0
65.125
63.4375
61.875
60.625
59.4375
58.3125
57.25
56.25
55.375
54.625
53.9375
53.1875
52.4375
51.8125
51.375
51.0625
50.5
49.8125
48.9375
48.0
47.3125
46.875
46.75
46.625
46.375
47.5625
54.875
69.125
84.9375
97.25
105.0625
111.5625
118.9375
125.875
131.0625
134.4375
136.4375
137.0625
136.6875
134.625
129.6875
122.875
114.0625
102.9375
91.4375
85.375
85.5625
85.375
83.3125
80.8125
78.0
75.4375
73.25
71.1875
69.125
67.125
65.1875
63.5
62.0
60.625
59.4375
58.3125
57.125
56.125
55.25
54.4375
53.75
52.9375
52.1875
51.4375
50.9375
50.375
49.75
49.125
48.3125
47.375
46.5625
46.0
45.75
45.625
45.375
46.9375
55.0625
69.9375
85.875
98.1875
105.75
112.0
119.25
126.125
130.6875
134.3125
137.5
138.3125
137.375
135.5
131.25
124.375
115.0
103.25
91.8125
85.9375
85.625
85.125
83.0625
80.5
77.6875
75.125
72.9375
70.8125
68.8125
66.875
65.0
63.25
61.8125
60.4375
59.1875
58.0625
57.0
55.9375
55.0
54.25
53.5
52.6875
51.875
51.125
50.625
50.125
49.5625
48.9375
48.125
47.1875
46.3125
45.75
45.4375
45.25
44.9375
46.0
53.0625
67.0625
83.0
96.0
104.375
110.8125
118.0
125.0
129.875
133.1875
135.25
136.8125
137.3125
134.875
130.6875
124.75
116.0
104.375
92.25
85.5
85.1875
85.25
83.3125
80.75
78.0
75.375
73.0625
71.0
69.0
67.0625
65.1875
63.6875
62.1875
60.9375
59.75
58.625
57.625
56.625
55.75
55.0
54.25
53.5625
52.75
52.0
51.375
50.8125
50.25
49.5
48.625
47.625
46.625
46.0
45.625
45.5625
45.375
46.0
51.6875
64.75
80.75
94.5625
103.5625
109.75
116.75
124.4375
130.3125
133.3125
135.375
136.5625
137.0625
135.6875
131.3125
125.5625
117.875
107.25
95.0625
86.375
84.9375
85.125
83.4375
81.0
78.25
75.625
73.25
71.125
69.125
67.125
65.125
63.375
61.8125
60.3125
59.0625
57.9375
56.8125
55.8125
54.8125
54.0
53.25
52.5625
51.8125
51.0
50.375
49.875
49.375
48.75
48.0625
47.1875
46.3125
45.625
45.1875
44.9375
44.75
44.625
47.875
58.5
74.25
89.4375
100.1875
106.875
113.0625
120.4375
126.9375
131.3125
134.6875
136.8125
137.375
136.4375
132.9375
127.4375
120.0625
110.0625
98.0625
87.625
84.0
84.5625
83.6875
81.5
78.875
76.125
73.6875
71.4375
69.375
67.3125
65.375
63.5
61.9375
60.5
59.25
58.0
56.9375
55.875
54.875
54.0
53.25
52.5625
51.8125
51.0625
50.375
49.8125
49.25
48.6875
48.0625
47.1875
46.3125
45.5625
45.0
44.8125
44.6875
44.4375
46.5625
55.625
70.625
86.1875
98.125
105.5
111.8125
119.125
125.75
130.3125
133.5625
135.9375
137.3125
135.9375
132.8125
128.625
122.0
112.1875
100.0625
88.8125
83.75
84.0
83.4375
81.3125
78.875
76.25
73.8125
71.625
69.5625
67.5625
65.6875
63.9375
62.25
60.75
59.5
58.25
57.1875
56.125
55.125
54.3125
53.5625
52.875
52.1875
51.4375
50.8125
50.375
50.0625
49.5625
48.9375
48.0625
47.0625
46.25
45.8125
45.6875
45.5625
45.1875
46.0625
52.875
66.6875
82.5625
95.3125
103.4375
109.8125
117.0625
124.625
130.125
132.6875
134.625
136.0625
135.5625
133.4375
129.0
122.25
113.375
102.6875
91.5625
84.625
84.25
84.5
82.625
80.0
77.125
74.5
72.25
70.0625
68.0
66.0
64.0625
62.375
60.875
59.5
58.25
57.0625
56.0
54.9375
54.0
53.25
52.5
51.8125
51.0625
50.3125
49.625
49.0625
48.625
48.125
47.5
46.6875
45.6875
44.9375
44.4375
44.25
44.1875
44.0625
46.9375
56.9375
72.3125
87.6875
99.0
106.125
112.4375
119.75
126.25
130.5625
133.25
135.3125
136.125
135.5625
133.6875
128.8125
121.0
111.125
99.0625
87.9375
83.4375
83.75
83.0
80.875
78.4375
75.8125
73.4375
71.1875
69.125
67.125
65.1875
63.4375
61.6875
60.1875
58.8125
57.625
56.5
55.4375
54.4375
53.5
52.75
52.0
51.25
50.5
49.8125
49.3125
48.8125
48.3125
47.75
47.0
46.0625
45.25
44.625
44.25
44.0625
43.75
44.5
50.5625
63.8125
79.75
93.3125
102.0625
108.1875
115.0
122.4375
127.8125
131.0625
133.5625
134.625
133.375
132.1875
130.6875
125.5625
116.25
104.5625
92.3125
84.0625
82.75
83.0625
81.625
79.375
76.75
74.1875
72.0
69.875
67.875
65.9375
64.125
62.5
61.0
59.5625
58.3125
57.125
56.125
55.125
54.25
53.4375
52.6875
52.0
51.3125
50.625
50.125
49.75
49.375
48.75
47.875
46.8125
45.8125
45.1875
44.8125
44.75
44.625
44.375
46.5
55.4375
70.4375
85.9375
97.5625
104.75
111.0625
118.6875
125.75
130.0
132.5
134.5
135.1875
134.6875
133.125
127.8125
120.1875
111.5625
100.8125
89.4375
83.8125
83.75
83.125
80.9375
78.5
75.8125
73.3125
71.0625
69.0
67.0
65.0625
63.25
61.5625
60.0625
58.6875
57.4375
56.3125
55.25
54.25
53.3125
52.5
51.6875
50.9375
50.25
49.5625
48.9375
48.375
48.0
47.5
46.8125
46.0
45.0625
44.3125
43.8125
43.6875
43.5625
43.375
45.8125
55.25
70.3125
85.75
97.4375
104.5625
110.5625
117.4375
123.875
128.8125
132.75
135.125
135.3125
134.1875
132.125
128.1875
120.8125
110.75
99.0
87.9375
83.125
83.4375
82.75
80.375
77.75
75.125
72.8125
70.75
68.9375
67.0
64.875
62.8125
61.4375
60.5625
59.6875
59.0625
60.5
66.125
73.625
79.1875
81.875
82.125
81.0
79.0625
76.0
71.5625
65.9375
60.125
57.25
57.625
58.3125
58.4375
57.9375
56.6875
55.3125
54.0625
53.0
52.0
51.0625
50.125
49.125
48.25
47.5
46.875
46.3125
45.75
45.1875
44.6875
44.125
43.625
43.25
42.8125
42.4375
42.0625
41.6875
41.3125
40.875
40.5625
40.1875
39.875
39.625
39.375
39.25
39.0625
38.875
38.8125
38.8125
38.875
38.75
38.4375
37.8125
37.1875
36.75
36.5625
36.5
36.5625
38.4375
46.8125
63.0625
82.0625
98.0
108.4375
116.6875
125.625
132.3125
136.25
138.25
139.9375
143.0625
143.1875
140.4375
136.3125
129.75
120.8125
109.5
96.75
86.625
83.5
83.8125
82.6875
80.4375
77.6875
74.875
72.5
70.3125
68.3125
66.3125
64.25
62.4375
60.875
59.375
58.0
56.75
55.625
54.5
53.5
52.5625
51.75
51.0
50.3125
49.5625
48.875
48.25
47.75
47.3125
46.8125
46.25
45.4375
44.5625
43.6875
43.0625
42.8125
42.75
42.6875
44.1875
52.125
66.5625
82.4375
95.1875
103.3125
109.3125
116.125
123.0
127.8125
130.4375
131.75
132.4375
131.5625
128.5625
123.9375
117.875
109.625
98.4375
86.875
80.4375
79.6875
79.25
77.625
75.4375
73.0
70.6875
68.625
66.8125
65.0
62.875
60.875
59.5
58.625
57.875
57.4375
59.5625
65.5
72.375
77.0625
79.0625
78.9375
77.4375
75.0
71.4375
66.625
60.9375
55.9375
54.4375
55.0
55.4375
55.4375
54.875
53.75
52.5
51.5
50.625
49.8125
48.9375
48.0
47.125
46.4375
45.75
45.125
44.5
43.875
43.375
42.875
42.4375
42.0
41.5625
41.1875
40.8125
40.4375
40.125
39.8125
39.5
39.125
38.8125
38.5625
38.3125
38.1875
38.0
37.75
37.75
37.875
37.9375
37.6875
37.125
36.3125
35.5625
35.1875
35.125
35.3125
35.5
38.125
47.8125
64.75
83.5
98.8125
108.4375
116.0625
124.3125
131.3125
136.1875
139.0625
140.0
140.125
139.375
137.375
133.0
125.5
116.0
104.9375
92.5625
83.4375
81.3125
81.5
80.125
78.0625
75.5
73.0
70.75
68.625
66.625
64.6875
62.875
61.125
59.5625
58.1875
57.0
55.8125
54.625
53.625
52.625
51.75
50.875
50.125
49.4375
48.75
48.125
47.4375
46.875
46.375
45.9375
45.5625
45.0
44.25
43.375
42.5625
42.0625
41.9375
41.875
41.8125
44.25
53.5625
68.875
84.5625
96.625
104.125
110.25
117.3125
123.4375
127.125
129.625
131.5625
132.0625
130.125
127.375
123.1875
115.8125
105.9375
94.1875
83.375
79.0
79.3125
78.75
77.0625
74.8125
72.3125
69.9375
67.9375
65.9375
64.0
62.1875
60.5
58.875
57.4375
56.1875
55.0
53.9375
52.9375
52.0
51.125
50.3125
49.5625
48.875
48.3125
47.625
46.9375
46.4375
46.0625
45.625
45.125
44.5
43.6875
42.875
42.25
41.875
41.75
41.625
42.0625
47.375
60.0625
76.125
90.4375
100.0625
106.3125
112.8125
119.75
125.3125
128.75
131.375
132.875
132.375
130.4375
126.75
120.75
112.5
102.0
90.125
81.5625
79.9375
80.3125
79.125
77.0
74.5
72.0
69.75
67.75
65.875
64.0
62.25
60.5625
59.0
57.5625
56.3125
55.1875
54.125
53.125
52.25
51.4375
50.625
49.9375
49.25
48.625
47.9375
47.3125
46.8125
46.4375
45.9375
45.4375
44.75
43.875
43.125
42.5625
42.3125
42.25
42.125
43.5625
51.0625
65.0625
80.6875
93.5625
101.75
107.75
114.5625
121.375
126.0625
128.875
131.0
131.75
130.75
129.3125
125.875
118.625
109.125
98.0
86.75
80.8125
80.8125
80.6875
79.125
76.9375
74.4375
72.0625
70.0
68.125
66.3125
64.5
62.75
61.1875
59.6875
58.4375
57.25
56.125
55.125
54.1875
53.3125
52.5
51.8125
51.125
50.4375
49.6875
49.125
48.75
48.5
48.1875
47.5625
46.75
45.875
45.0
44.4375
44.25
44.125
43.8125
43.75
47.75
59.1875
74.75
89.0625
99.0625
105.75
112.5
120.125
125.9375
128.875
130.6875
132.125
132.875
132.25
129.375
124.1875
116.375
105.875
93.6875
84.375
82.125
82.6875
81.5
79.375
76.875
74.3125
72.0
70.0
68.0
66.125
64.125
62.375
60.8125
59.3125
58.0625
56.9375
55.875
54.875
53.875
52.9375
52.1875
51.5
50.875
50.0625
49.3125
48.8125
48.4375
48.0
47.375
46.6875
45.8125
45.0
44.375
44.0
43.9375
43.75
43.6875
47.1875
58.0
73.375
88.1875
98.875
105.625
111.75
119.0
125.5625
129.4375
131.4375
132.5
132.6875
132.3125
129.4375
123.875
116.1875
105.8125
94.125
85.0
82.5
82.9375
81.75
79.4375
76.9375
74.4375
72.1875
70.125
68.125
66.1875
64.3125
62.625
61.0
59.5
58.25
57.0625
55.9375
54.875
53.9375
53.0625
52.25
51.625
51.0
50.25
49.5
49.0
48.625
48.0625
47.4375
46.75
45.875
45.0
44.375
44.0
43.875
43.625
43.6875
47.9375
59.5625
75.25
89.6875
99.625
105.9375
112.0
119.0625
125.0625
128.375
130.8125
132.0
131.9375
131.5625
129.5
124.3125
116.125
105.375
93.3125
84.3125
82.4375
82.875
81.4375
79.1875
76.6875
74.25
72.0625
70.0
68.0
66.1875
64.4375
62.6875
61.1875
59.8125
58.5625
57.4375
56.375
55.375
54.5
53.75
53.0625
52.3125
51.5625
50.875
50.3125
50.0
49.75
49.25
48.5625
47.6875
46.625
45.6875
45.0
44.6875
44.625
44.3125
44.875
50.5625
63.5
79.25
92.8125
101.6875
107.875
114.25
120.9375
126.5
130.1875
132.8125
134.0
133.125
131.625
128.125
121.8125
113.625
103.6875
92.25
84.25
83.125
83.625
82.0625
79.6875
77.0625
74.4375
72.125
70.0625
67.9375
65.75
63.75
62.0
60.5625
59.3125
58.1875
57.375
56.75
55.8125
56.0
60.4375
70.5
81.6875
90.0
94.9375
97.875
100.1875
102.3125
103.1875
102.0
98.4375
92.875
85.4375
76.75
70.125
68.8125
69.75
69.5625
68.625
67.125
65.1875
63.375
61.8125
60.3125
58.875
57.4375
55.9375
54.6875
53.5
52.5
51.5625
50.75
50.0
49.25
48.5625
47.9375
47.375
46.6875
46.0625
45.5
45.0
44.5
44.0
43.5
43.0
42.6875
42.375
42.0
41.5
41.25
41.25
41.125
40.875
40.4375
39.75
39.1875
38.75
38.4375
38.375
38.4375
40.9375
50.8125
67.9375
86.3125
100.6875
109.625
116.9375
125.3125
132.3125
136.8125
139.8125
140.9375
142.25
142.0
139.0
134.9375
128.375
119.1875
107.8125
95.3125
86.375
84.625
84.8125
83.3125
80.75
77.875
75.25
73.0625
70.875
68.75
66.625
64.5625
62.8125
61.25
59.8125
58.5
57.25
56.1875
55.125
54.125
53.375
52.625
51.8125
50.9375
50.1875
49.625
49.1875
48.6875
48.0625
47.25
46.25
45.4375
44.75
44.4375
44.3125
44.0
44.3125
49.0625
61.1875
76.9375
91.0625
100.625
106.6875
112.5625
119.125
124.875
129.0625
131.875
132.8125
132.1875
130.3125
126.75
121.75
113.875
102.375
90.3125
82.4375
80.9375
80.9375
79.3125
77.0625
74.5
72.125
70.0
68.0625
66.3125
64.3125
62.3125
60.875
59.9375
59.1875
58.6875
60.4375
66.5
74.125
79.625
82.375
82.9375
82.125
80.4375
77.6875
73.4375
67.8125
61.5
57.5
57.3125
58.125
58.375
58.0625
57.0
55.5625
54.375
53.375
52.3125
51.3125
50.375
49.375
48.5625
47.75
47.0
46.25
45.625
45.0625
44.5
43.9375
43.5
43.1875
42.875
42.5
41.9375
41.375
40.8125
40.3125
39.8125
39.375
39.125
38.9375
38.6875
38.5
38.5
38.5625
38.625
38.5625
38.1875
37.625
37.125
36.875
36.8125
36.9375
38.0
44.0625
58.9375
78.625
96.3125
107.8125
115.5
123.8125
131.75
136.9375
139.9375
141.5
142.3125
142.25
141.3125
137.5625
131.0625
122.5625
112.5
100.75
89.3125
84.0
84.0
83.375
81.1875
78.5
75.6875
73.1875
71.0625
69.0625
67.125
65.125
63.1875
61.5
60.0
58.6875
57.4375
56.25
55.125
54.125
53.1875
52.375
51.625
50.875
50.125
49.5
49.0
48.5625
47.9375
47.1875
46.3125
45.4375
44.6875
44.3125
44.125
44.0
44.75
50.625
63.75
79.8125
93.625
102.625
108.625
115.0625
122.1875
127.375
130.625
132.375
132.6875
131.625
128.9375
125.0625
119.5
111.0
99.5625
87.875
81.25
80.625
80.375
78.75
76.625
74.0625
71.5625
69.3125
67.3125
65.4375
63.625
61.8125
60.125
58.625
57.375
56.125
55.0
54.0625
53.0625
52.25
51.5
50.75
50.0
49.375
48.8125
48.3125
47.8125
47.1875
46.3125
45.4375
44.6875
44.125
43.8125
43.6875
43.5
45.1875
53.5625
68.4375
84.5625
97.1875
105.0
110.8125
117.625
124.5
129.25
131.8125
132.875
132.6875
131.75
129.8125
125.5625
118.25
108.3125
96.5
85.6875
81.0625
81.25
80.5625
78.625
76.1875
73.5625
71.1875
69.0
66.9375
65.0
63.125
61.4375
59.9375
58.5
57.25
56.125
55.0625
54.0625
53.1875
52.4375
51.75
51.0
50.3125
49.8125
49.4375
49.0
48.375
47.5
46.5625
45.75
45.1875
44.875
44.875
44.625
45.125
50.5
63.25
79.125
92.75
101.5625
107.6875
114.5625
121.6875
126.6875
129.4375
130.75
131.25
132.0625
131.0625
126.0625
118.5625
109.75
98.9375
87.625
81.5625
81.4375
81.4375
79.75
77.4375
74.9375
72.5
70.3125
68.25
66.25
64.25
62.5
60.8125
59.3125
57.9375
56.75
55.6875
54.6875
53.75
53.0
52.25
51.4375
50.625
50.0625
49.5625
49.0625
48.375
47.5625
46.625
45.6875
45.0
44.625
44.5
44.3125
44.625
49.25
61.375
77.3125
91.5625
101.1875
107.5625
114.375
121.4375
126.4375
129.1875
131.3125
132.625
132.375
130.625
126.875
120.8125
112.625
101.625
89.75
82.6875
81.8125
81.75
80.1875
78.0
75.375
72.8125
70.625
68.6875
66.6875
64.8125
63.0
61.3125
59.8125
58.4375
57.1875
56.125
55.125
54.125
53.3125
52.625
51.875
51.0
50.3125
49.8125
49.3125
48.75
48.0625
47.1875
46.25
45.4375
44.9375
44.6875
44.5625
44.375
46.625
55.8125
70.875
86.1875
97.5625
104.5
110.4375
117.4375
123.875
127.625
130.125
132.1875
132.875
131.25
127.8125
122.6875
115.4375
105.4375
93.5625
84.375
82.0
82.375
81.0625
78.8125
76.4375
74.0625
71.9375
69.875
67.875
66.0
64.1875
62.375
60.9375
60.125
59.375
58.5625
59.3125
64.4375
73.1875
81.0
85.4375
87.0
87.1875
86.8125
85.4375
82.5
77.6875
71.3125
64.625
60.75
60.8125
61.625
61.6875
61.125
59.875
58.375
57.0625
55.9375
54.875
53.8125
52.75
51.6875
50.75
49.75
48.9375
48.25
47.5
46.875
46.25
45.6875
45.1875
44.6875
44.1875
43.6875
43.1875
42.75
42.4375
42.0625
41.8125
41.5625
41.25
40.8125
40.5
40.375
40.3125
40.1875
39.875
39.375
38.6875
38.125
37.8125
37.75
38.0625
40.6875
50.5
67.8125
86.75
101.625
110.875
118.5625
126.8125
133.0625
137.1875
140.6875
142.5625
142.0625
141.125
139.0625
135.375
129.0
119.0625
107.25
94.875
86.3125
84.875
85.0
83.3125
80.8125
78.125
75.375
73.0
70.75
68.625
66.5625
64.625
62.875
61.3125
59.875
58.5625
57.375
56.25
55.1875
54.25
53.5
52.8125
51.9375
51.125
50.375
49.875
49.375
48.75
48.0625
47.1875
46.1875
45.375
44.9375
44.6875
44.4375
44.625
48.625
60.1875
76.125
90.625
100.4375
106.625
112.5625
119.375
125.25
128.9375
130.6875
131.6875
131.625
129.8125
126.1875
120.0625
111.3125
100.5
89.25
82.1875
81.25
81.1875
79.5625
77.375
74.8125
72.375
70.25
68.25
66.3125
64.5
62.6875
61.0
59.5
58.25
57.0
55.9375
54.9375
54.0
53.125
52.375
51.625
50.9375
50.25
49.75
49.375
48.75
47.9375
47.0625
46.0625
45.25
44.6875
44.375
44.1875
44.0
45.0625
51.8125
65.875
82.1875
95.3125
103.5625
109.75
116.875
124.1875
128.8125
131.1875
132.8125
133.4375
132.375
130.0
126.4375
120.1875
110.875
99.3125
88.0
82.375
82.25
81.75
79.8125
77.4375
74.8125
72.3125
70.0625
68.0625
66.0625
64.125
62.375
60.75
59.3125
58.0
56.8125
55.6875
54.625
53.625
52.8125
52.0625
51.4375
50.625
49.875
49.3125
48.875
48.3125
47.625
46.8125
45.9375
45.125
44.625
44.375
44.1875
43.9375
45.625
53.875
68.4375
84.0625
96.1875
103.8125
109.6875
116.5625
123.1875
127.125
129.375
131.625
132.5625
131.375
128.25
123.0
116.0625
106.625
94.4375
84.375
81.5
81.9375
81.0625
78.9375
76.375
73.75
71.4375
69.4375
67.4375
65.5
63.6875
62.0
60.4375
59.0625
57.8125
56.6875
55.625
54.625
53.75
53.0
52.375
51.5625
50.75
50.0625
49.5625
49.0
48.375
47.5625
46.5625
45.625
44.9375
44.5625
44.375
44.0625
44.25
48.875
61.0625
77.0625
91.25
100.75
106.875
113.3125
120.75
126.75
130.5
132.8125
132.875
132.0
130.4375
126.5
120.125
111.5625
100.375
89.0
83.3125
83.3125
83.0
81.0
78.5625
76.0
73.6875
71.5625
69.5
67.5
65.6875
63.875
62.1875
60.75
59.4375
58.25
57.125
56.0625
55.125
54.1875
53.25
52.375
51.5625
50.9375
50.5625
50.1875
49.6875
48.875
47.9375
46.875
46.0
45.4375
45.3125
45.125
44.8125
46.25
53.8125
68.125
83.8125
96.1875
103.9375
110.0
116.875
123.5625
128.0625
131.1875
132.5625
132.625
132.5
130.25
124.5625
117.25
108.5625
97.375
87.125
83.1875
83.4375
82.4375
80.25
77.625
74.8125
72.375
70.25
68.25
66.3125
64.5625
62.8125
61.1875
59.6875
58.4375
57.25
56.125
55.0625
54.25
53.5
52.75
51.875
51.0625
50.4375
50.0
49.4375
48.8125
47.9375
47.0
46.1875
45.5625
45.1875
45.0625
44.75
44.6875
48.4375
59.625
75.5
90.125
99.9375
106.1875
112.5
119.75
125.625
129.3125
132.125
132.9375
132.375
130.6875
126.4375
120.0
111.625
100.875
89.25
82.1875
81.6875
81.8125
80.25
78.0625
75.5625
73.125
70.875
68.8125
66.875
65.125
63.3125
61.625
60.0625
58.75
57.5
56.5
55.625
54.875
54.0
53.0625
52.3125
51.9375
51.625
51.125
50.25
49.1875
48.1875
47.3125
46.75
46.5625
46.5
46.0625
45.8125
49.375
60.3125
75.75
89.9375
99.5
105.625
111.6875
118.3125
124.3125
128.5
130.0
130.5625
131.125
129.875
126.0625
119.5
110.25
99.0625
87.9375
82.1875
82.125
82.0625
80.25
77.8125
75.125
72.5625
70.375
68.375
66.4375
64.4375
62.6875
61.0625
59.5625
58.1875
57.0
55.875
54.875
53.9375
53.1875
52.4375
51.5625
50.75
50.125
49.75
49.375
48.6875
47.8125
46.875
46.0
45.375
44.9375
44.8125
44.5625
44.4375
47.5625
58.0625
73.75
88.875
99.5
106.25
112.625
120.0
125.9375
129.375
132.0
133.125
132.625
131.1875
127.5625
121.875
113.875
103.5625
92.125
84.1875
83.0625
83.1875
81.5
79.25
76.6875
74.0
71.625
69.5
67.5
65.5
63.6875
61.9375
60.4375
59.125
57.9375
56.875
55.8125
54.75
53.875
53.125
52.375
51.5
50.6875
50.0
49.5
49.0
48.375
47.5625
46.5625
45.625
44.9375
44.5625
44.4375
44.0625
44.0
47.6875
58.875
74.75
89.5625
99.75
106.125
112.4375
119.5625
125.5625
130.0625
132.5625
132.875
132.5625
131.3125
127.875
122.1875
113.875
102.875
91.1875
84.125
83.6875
84.0
82.1875
79.625
76.875
74.375
72.1875
70.125
68.1875
66.25
64.5
62.75
61.25
60.0
58.75
57.6875
56.625
55.625
54.6875
53.6875
52.9375
52.5
52.125
51.5
50.5625
49.5
48.375
47.5
46.875
46.5625
46.4375
46.1875
46.1875
50.1875
61.75
77.5
91.8125
101.3125
107.625
114.1875
121.25
126.625
129.875
132.25
133.125
132.625
130.9375
127.0
121.0625
112.875
101.9375
90.375
84.125
83.875
83.75
81.9375
79.5
76.75
74.125
71.8125
69.6875
67.625
65.6875
63.9375
62.25
60.75
59.4375
58.1875
57.0
56.0
55.125
54.375
53.625
52.75
51.9375
51.3125
50.8125
50.3125
49.625
48.75
47.8125
46.9375
46.3125
46.0
45.8125
45.5
45.4375
49.125
60.4375
76.625
91.4375
101.4375
107.75
114.0625
121.25
127.1875
131.0
133.4375
134.75
134.6875
132.9375
129.625
123.4375
113.875
102.4375
91.0625
84.3125
83.8125
83.6875
81.9375
79.5625
77.0
74.4375
72.3125
70.1875
68.1875
66.25
64.4375
62.75
61.3125
60.0
58.75
57.625
56.625
55.6875
54.875
54.0625
53.1875
52.5
52.0
51.625
51.25
50.5
49.5625
48.5625
47.75
47.1875
46.875
46.75
46.4375
46.0625
49.0
59.375
75.1875
90.125
100.1875
106.4375
112.75
120.0625
126.625
130.75
132.3125
133.0
133.75
133.0625
129.9375
124.0625
115.625
105.0625
93.125
85.1875
84.375
84.8125
83.1875
80.6875
77.9375
75.25
72.875
70.6875
68.6875
66.75
64.9375
63.25
61.6875
60.3125
59.0625
57.875
56.8125
55.875
55.0625
54.25
53.375
52.5625
51.875
51.375
50.9375
50.25
49.375
48.375
47.375
46.6875
46.375
46.25
46.0
45.75
48.5625
58.75
74.5
89.75
100.5
107.1875
113.3125
120.6875
127.4375
131.5
134.0625
136.25
136.1875
133.875
130.4375
125.0625
117.25
106.75
94.875
86.625
85.3125
85.625
84.0625
81.625
79.0625
76.375
73.875
71.4375
69.1875
67.0625
65.1875
63.4375
61.8125
60.375
59.0625
57.875
57.125
56.5
55.9375
57.1875
63.6875
75.125
86.0
93.375
97.625
100.4375
103.125
105.0
105.0625
102.875
98.625
92.375
84.1875
75.5
70.875
71.1875
72.0625
71.5625
70.0625
68.0
66.125
64.5
63.0
61.5625
60.125
58.6875
57.3125
56.0625
55.0625
54.125
53.25
52.375
51.4375
50.625
49.875
49.1875
48.625
48.0
47.375
46.75
46.1875
45.625
45.0625
44.5625
44.125
43.75
43.4375
43.0625
42.625
42.25
42.125
42.0625
41.9375
41.625
41.0625
40.3125
39.625
39.25
39.125
39.25
40.3125
46.5625
61.25
80.125
96.8125
108.0625
115.6875
123.875
132.0
137.625
140.6875
143.6875
145.4375
144.875
143.25
139.8125
133.9375
126.125
116.3125
103.9375
92.1875
86.9375
86.9375
86.0625
83.625
80.8125
78.0
75.4375
73.1875
70.9375
68.8125
66.8125
64.875
63.1875
61.625
60.3125
59.0
57.8125
56.6875
55.75
54.9375
54.125
53.1875
52.375
51.6875
51.1875
50.6875
50.0
49.125
48.125
47.125
46.5
46.125
45.9375
45.75
45.5
48.1875
58.25
73.6875
88.6875
99.25
105.75
111.75
118.625
124.6875
128.5
130.75
131.625
131.875
131.4375
128.1875
121.8125
113.625
103.5625
92.0
83.5625
81.75
81.875
80.5
78.375
75.9375
73.5
71.3125
69.4375
67.5625
65.375
63.4375
62.0625
61.125
60.25
59.625
61.4375
67.5
75.0
80.25
82.4375
82.4375
81.3125
79.375
76.25
71.5
65.5
59.875
57.6875
58.5
59.1875
59.25
58.625
57.375
56.0625
55.0
53.9375
52.8125
51.75
50.75
49.75
48.9375
48.125
47.4375
46.8125
46.125
45.5
44.9375
44.4375
43.9375
43.5
43.0
42.625
42.1875
41.6875
41.25
40.9375
40.5625
40.25
40.0
39.8125
39.5625
39.25
39.0625
39.0
39.0
38.875
38.625
38.0
37.3125
36.8125
36.5625
36.5625
36.875
39.375
48.875
65.9375
85.0625
100.8125
110.75
118.4375
127.125
134.0625
138.1875
140.8125
141.75
143.375
144.625
141.4375
135.875
128.9375
119.75
108.4375
95.8125
86.3125
84.125
84.6875
83.375
80.9375
78.1875
75.5
73.125
70.9375
68.8125
66.8125
64.8125
63.0
61.375
60.0
58.6875
57.5
56.375
55.3125
54.375
53.625
52.9375
52.0625
51.25
50.625
50.125
49.625
49.0
48.25
47.1875
46.25
45.625
45.25
45.0625
44.75
44.75
48.4375
59.625
75.625
90.5625
100.75
106.875
112.875
119.8125
125.5625
129.0
131.875
133.375
132.125
130.375
127.5
121.375
112.9375
102.4375
90.5625
82.3125
81.0625
81.625
80.25
77.9375
75.25
72.75
70.5625
68.5625
66.5625
64.75
63.0
61.3125
59.75
58.375
57.1875
56.125
55.125
54.1875
53.375
52.625
51.8125
51.0
50.375
50.125
49.875
49.25
48.375
47.4375
46.4375
45.5625
45.0
44.8125
44.6875
44.375
46.0625
54.4375
69.625
85.6875
97.6875
105.125
111.125
118.1875
125.5625
130.6875
132.9375
134.0
134.625
132.9375
129.3125
124.8125
118.125
108.5625
96.9375
86.4375
82.3125
82.8125
82.25
80.125
77.375
74.5625
72.125
70.125
68.125
66.0625
64.125
62.3125
60.6875
59.3125
58.0625
56.8125
55.8125
54.75
53.875
53.125
52.25
51.375
50.6875
50.1875
49.75
49.1875
48.375
47.5
46.5
45.6875
45.25
45.0625
44.9375
44.625
45.9375
53.5625
68.0625
84.0625
96.5
104.1875
110.25
117.3125
124.25
128.5
130.0625
131.875
134.1875
134.375
131.25
125.375
118.0625
108.875
97.1875
86.75
83.125
83.375
82.5
80.375
77.875
75.1875
72.8125
70.5625
68.4375
66.375
64.5
62.6875
61.0
59.5
58.1875
57.0
55.9375
55.0625
54.3125
53.5625
52.75
51.875
51.125
50.75
50.375
49.9375
49.125
48.1875
47.1875
46.4375
46.0
45.875
45.75
45.4375
46.75
54.5625
69.25
85.375
97.625
104.9375
110.9375
118.0
125.0
129.875
132.1875
133.5625
133.9375
132.5
130.125
126.0625
118.75
108.5625
96.75
86.6875
83.4375
83.875
82.8125
80.6875
78.1875
75.5625
73.1875
71.0625
69.0
67.0
65.1875
63.4375
61.75
60.25
58.9375
57.75
56.6875
55.6875
54.8125
54.0625
53.3125
52.4375
51.625
51.0
50.625
50.125
49.375
48.5
47.4375
46.5625
45.9375
45.75
45.625
45.3125
45.6875
50.9375
63.8125
80.1875
94.1875
103.0625
109.125
115.75
122.8125
128.0
131.625
133.75
134.4375
134.6875
132.9375
128.0625
121.625
113.25
101.8125
90.125
84.125
84.1875
83.9375
81.9375
79.4375
76.6875
74.125
71.875
69.8125
67.8125
65.875
64.125
62.5
60.9375
59.5625
58.3125
57.125
56.0625
55.0625
54.25
53.5625
52.8125
51.875
51.125
50.625
50.1875
49.6875
49.0
48.125
47.1875
46.375
45.8125
45.5
45.375
45.0625
45.6875
51.8125
65.3125
81.5625
95.125
103.6875
109.8125
116.5625
123.6875
129.125
132.1875
134.0625
135.25
134.75
132.3125
128.25
122.125
112.9375
100.9375
89.3125
83.875
84.125
83.9375
81.9375
79.375
76.5625
74.1875
72.0
69.9375
67.9375
66.0625
64.3125
62.625
61.125
59.8125
58.625
57.5
56.5
55.6875
54.875
54.0
53.1875
52.5625
52.1875
51.875
51.1875
50.25
49.25
48.3125
47.625
47.3125
47.1875
46.875
46.3125
47.5
55.0
69.5
85.4375
97.5
104.875
111.0
118.0
124.9375
130.1875
132.8125
134.3125
134.125
133.125
131.0625
126.25
119.0
109.25
97.125
86.75
83.5625
84.1875
83.1875
81.0
78.4375
75.8125
73.5
71.375
69.375
67.375
65.5
63.75
62.125
60.625
59.25
58.0
57.0
56.0625
55.1875
54.375
53.5
52.6875
52.0
51.5625
51.0
50.375
49.5
48.5
47.5625
46.875
46.5
46.375
46.125
45.875
48.8125
59.1875
75.0
90.3125
101.0625
107.875
114.25
121.5625
128.125
132.1875
134.0625
135.4375
136.5
134.875
131.0
126.0
118.1875
107.1875
95.125
86.5
84.875
85.1875
83.5625
80.9375
78.375
75.875
73.5625
71.375
69.3125
67.3125
65.4375
63.6875
62.125
60.6875
59.375
58.1875
57.0625
56.125
55.3125
54.5
53.625
52.75
52.125
51.625
51.125
50.5
49.6875
48.6875
47.75
47.0625
46.75
46.5625
46.3125
46.0625
48.8125
58.9375
74.75
90.3125
101.125
107.6875
113.625
120.6875
127.3125
132.0
134.4375
135.375
135.5
134.625
132.0
126.8125
118.75
107.875
95.375
86.5625
85.125
85.5
83.9375
81.5625
78.8125
76.1875
73.9375
71.8125
69.8125
67.8125
65.9375
64.1875
62.625
61.1875
59.875
58.75
57.6875
56.75
55.9375
55.0625
54.1875
53.375
52.75
52.4375
52.125
51.4375
50.5
49.4375
48.4375
47.75
47.375
47.25
47.0
46.375
47.8125
56.0625
71.1875
87.375
99.25
106.4375
112.625
119.5625
126.375
131.5625
134.875
136.9375
137.0
134.6875
132.1875
128.8125
122.0
111.5
98.625
88.1875
85.1875
85.8125
84.6875
82.25
79.5
76.75
74.3125
72.0625
70.0625
68.0625
66.1875
64.375
62.6875
61.25
59.9375
58.75
57.625
56.5625
55.625
54.875
54.0
53.125
52.375
51.75
51.25
50.8125
50.125
49.1875
48.1875
47.3125
46.6875
46.375
46.25
45.9375
46.125
50.6875
63.1875
79.625
94.125
103.4375
109.5625
115.875
123.0625
129.5
133.4375
135.4375
136.75
137.0625
135.375
131.0625
124.5
116.0
105.3125
93.6875
86.3125
85.6875
85.6875
83.75
81.125
78.3125
75.6875
73.3125
71.125
69.0625
67.0625
65.125
63.375
61.875
60.5
59.25
58.0625
56.875
55.875
55.0
54.3125
53.5625
52.625
51.8125
51.125
50.625
50.125
49.4375
48.5625
47.625
46.625
45.9375
45.5625
45.4375
45.0625
45.0625
49.0
60.75
77.0625
91.9375
102.0
108.6875
115.75
123.25
129.125
132.875
134.875
135.5
135.75
135.5
132.1875
125.3125
116.375
105.75
94.1875
86.1875
85.3125
86.0
84.4375
81.75
79.0
76.3125
73.8125
71.5625
69.4375
67.4375
65.625
63.875
62.375
61.0
59.75
58.5625
57.5625
56.5625
55.5625
54.625
53.75
53.0
52.5625
52.1875
51.5
50.5625
49.4375
48.3125
47.4375
46.9375
46.8125
46.6875
46.375
46.9375
53.0625
66.625
82.875
96.0
104.1875
110.375
117.375
124.6875
130.0625
133.375
135.375
135.5625
135.5625
134.375
130.0
122.6875
112.8125
101.5625
90.6875
85.25
85.3125
84.8125
82.625
80.125
77.4375
74.8125
72.5
70.25
68.1875
66.1875
64.375
62.6875
61.1875
59.75
58.5
57.375
56.3125
55.3125
54.4375
53.6875
53.0
52.125
51.3125
50.6875
50.25
49.75
49.0625
48.3125
47.375
46.5
45.875
45.5
45.3125
45.0
45.0
48.9375
60.5625
76.9375
91.9375
102.0625
108.5
115.0
122.375
128.625
132.0
134.125
136.1875
136.9375
135.625
131.875
125.9375
117.6875
106.75
94.5
86.0
84.5625
84.9375
83.375
80.875
78.125
75.4375
73.125
70.9375
68.875
66.875
65.0625
63.375
61.8125
60.375
59.125
57.9375
56.9375
56.0625
55.25
54.375
53.4375
52.75
52.25
51.9375
51.4375
50.5625
49.5625
48.5
47.6875
47.1875
47.0625
47.0
46.5625
46.6875
51.375
63.75
79.8125
93.5625
102.25
108.3125
115.1875
122.5
128.4375
131.875
133.8125
135.375
135.125
132.625
128.3125
122.0
113.0
101.3125
89.8125
84.0
84.125
84.125
82.1875
79.625
76.875
74.3125
72.0
69.9375
67.875
65.9375
64.0625
62.3125
60.75
59.375
58.1875
57.0625
56.0
55.0625
54.3125
53.4375
52.5
51.75
51.1875
50.8125
50.1875
49.5
48.5625
47.5
46.625
46.125
45.875
45.6875
45.3125
45.9375
51.9375
65.5625
82.0
95.6875
104.25
110.375
117.25
124.625
130.25
133.5
135.5
136.5
136.125
133.875
129.4375
122.6875
113.375
102.0
90.8125
85.0
84.75
84.375
82.3125
79.6875
76.875
74.3125
72.0625
70.0
68.0
66.0
64.1875
62.4375
60.9375
59.5625
58.3125
57.125
56.125
55.125
54.375
53.625
52.75
51.875
51.125
50.625
50.25
49.625
48.75
47.875
46.875
46.1875
45.75
45.5625
45.375
45.0625
47.125
56.1875
71.6875
87.5625
99.375
106.5
112.75
120.1875
126.875
131.0625
134.0625
136.0
136.0
134.6875
132.25
127.875
120.75
110.75
98.4375
87.8125
84.1875
84.5625
83.3125
80.75
78.125
75.375
73.0
70.9375
68.9375
67.0625
65.25
63.5
61.9375
60.625
59.375
58.1875
57.1875
56.125
55.1875
54.375
53.625
52.75
51.9375
51.375
51.0625
50.6875
50.0
49.125
48.125
47.3125
46.6875
46.4375
46.25
46.0
45.6875
48.4375
58.75
74.6875
90.125
100.625
107.125
113.6875
121.25
127.1875
130.625
133.5625
135.75
136.0625
134.6875
131.6875
126.8125
118.9375
108.375
96.375
87.0
84.8125
85.5
84.25
81.6875
78.875
76.125
73.75
71.5
69.375
67.25
65.3125
63.5625
62.0
60.5625
59.3125
58.125
57.125
56.125
55.25
54.375
53.5
52.6875
52.0625
51.625
51.0625
50.25
49.25
48.25
47.375
46.8125
46.4375
46.3125
45.9375
46.0
50.4375
62.6875
79.0
93.625
103.125
109.1875
115.625
122.875
128.8125
132.6875
134.9375
136.1875
136.6875
134.9375
130.75
124.6875
116.1875
105.125
93.1875
85.5625
84.8125
84.9375
83.0
80.5
77.8125
75.1875
72.8125
70.75
68.6875
66.75
64.8125
63.125
61.5625
60.125
58.875
57.875
56.875
56.0
55.125
54.1875
53.3125
52.6875
52.1875
51.625
50.875
49.9375
48.875
47.9375
47.3125
46.9375
46.8125
46.5
46.3125
49.625
60.625
76.75
92.0
102.375
108.8125
115.25
122.5625
128.4375
132.75
135.6875
137.125
137.4375
135.8125
132.0
126.4375
118.25
106.875
94.5
86.1875
85.0625
85.5625
83.8125
81.25
78.5
75.875
73.625
71.5
69.5
67.5
65.625
63.875
62.3125
60.875
59.5625
58.4375
57.4375
56.5625
55.6875
54.8125
53.9375
53.1875
52.6875
52.375
51.875
51.0
50.125
49.0625
48.1875
47.625
47.375
47.25
46.75
46.5625
50.5625
62.5625
79.125
93.9375
103.5625
109.875
116.6875
124.1875
130.25
134.0625
136.3125
137.75
137.8125
135.9375
131.9375
125.0625
116.5
106.0625
94.125
85.75
84.8125
85.4375
83.6875
80.9375
78.125
75.4375
73.0625
70.875
68.875
66.9375
65.125
63.3125
61.8125
60.5
59.25
58.0
56.875
55.875
55.125
54.3125
53.375
52.5625
51.9375
51.4375
50.875
50.25
49.375
48.375
47.375
46.6875
46.3125
46.125
45.9375
45.75
48.6875
59.375
75.625
91.25
101.875
108.5
115.0
122.5625
129.1875
133.4375
135.9375
137.4375
137.875
136.4375
132.75
127.3125
119.5
108.9375
96.9375
87.75
85.625
86.0
84.3125
81.625
78.75
75.9375
73.5
71.375
69.375
67.375
65.4375
63.625
62.0
60.5625
59.25
58.0625
57.0
56.0
55.0
54.25
53.4375
52.5625
51.8125
51.25
50.6875
50.0625
49.1875
48.1875
47.1875
46.4375
45.875
45.6875
45.5
45.0625
46.375
54.3125
69.25
85.4375
97.875
105.625
111.875
119.125
126.1875
130.75
133.5
136.0
137.0625
135.4375
131.8125
127.5625
121.75
112.6875
100.875
89.6875
84.9375
85.125
84.3125
82.125
79.4375
76.6875
74.25
72.0
69.9375
68.0
66.1875
64.5
62.9375
61.5
60.25
59.0625
58.0
57.0
56.0625
54.9375
53.875
53.1875
52.75
52.25
51.375
50.375
49.25
48.125
47.3125
46.9375
46.9375
46.75
46.5
48.625
57.8125
73.3125
89.0625
100.375
107.375
113.625
120.8125
127.375
131.5
134.0625
135.75
136.0
135.1875
132.75
127.0625
119.25
109.125
97.0
87.1875
84.4375
85.125
84.0625
81.5625
78.6875
75.8125
73.4375
71.5
69.375
67.25
65.1875
63.4375
61.875
60.3125
59.125
58.625
57.9375
57.625
60.625
69.5
81.25
90.8125
96.625
99.875
102.375
104.5625
105.375
104.125
100.3125
94.25
86.25
77.375
71.0625
70.125
71.0625
70.6875
69.5625
67.8125
65.6875
63.875
62.3125
60.75
59.3125
57.9375
56.5625
55.3125
54.25
53.25
52.3125
51.5
50.625
49.875
49.125
48.4375
47.8125
47.1875
46.625
46.0625
45.5
44.9375
44.4375
43.9375
43.4375
42.9375
42.4375
42.0625
41.8125
41.4375
41.0
40.75
40.6875
40.5625
40.4375
40.0
39.375
38.6875
38.1875
38.0
38.0625
38.25
40.9375
51.1875
69.0625
88.3125
103.125
112.25
120.375
129.125
135.0
139.0625
143.625
145.75
145.125
143.5
141.25
137.8125
131.9375
122.0
109.875
97.1875
88.125
86.4375
86.6875
84.6875
81.75
78.8125
76.1875
73.8125
71.6875
69.5625
67.5625
65.6875
63.9375
62.25
60.75
59.4375
58.1875
57.0625
56.0625
55.1875
54.3125
53.375
52.4375
51.625
51.0625
50.6875
50.1875
49.3125
48.3125
47.3125
46.375
45.75
45.4375
45.4375
45.25
45.75
51.25
64.375
80.4375
93.9375
102.5
108.6875
115.5
122.6875
127.9375
131.125
133.0
133.25
132.125
129.9375
126.5
120.3125
111.0
99.4375
88.0
81.75
81.4375
81.375
79.6875
77.375
74.75
72.125
69.875
67.75
65.75
63.875
62.0625
60.4375
58.875
57.5625
56.3125
55.1875
54.1875
53.25
52.5
51.75
50.9375
50.125
49.4375
48.9375
48.5625
47.9375
47.25
46.3125
45.3125
44.5625
44.0625
43.875
43.8125
43.5
45.0
53.125
68.0625
84.375
97.125
105.0
111.125
118.25
125.0
130.125
134.0
134.9375
134.1875
134.3125
132.625
127.375
119.8125
110.25
98.4375
87.25
82.25
82.3125
81.375
79.0625
76.5625
74.0
71.625
69.4375
67.4375
65.5625
63.8125
62.0625
60.5
59.125
57.8125
56.5625
55.5
54.5
53.5625
52.8125
52.125
51.375
50.5625
49.8125
49.4375
49.1875
48.75
48.0
47.0625
46.125
45.375
45.0
44.8125
44.75
44.4375
45.25
51.6875
65.5
81.6875
94.875
103.0625
109.1875
116.5
123.8125
128.625
131.0
132.5625
133.625
133.3125
131.875
128.3125
121.0625
111.0625
99.625
88.5625
83.125
83.25
82.9375
80.8125
78.3125
75.6875
73.1875
70.9375
68.875
66.875
64.875
63.125
61.4375
60.0
58.6875
57.4375
56.4375
55.4375
54.4375
53.625
52.875
52.0625
51.1875
50.5
50.0
49.625
49.0
48.3125
47.4375
46.5
45.75
45.1875
44.9375
44.8125
44.5625
45.25
51.25
64.8125
81.25
95.0
103.8125
110.125
117.375
124.8125
130.375
133.5625
135.25
136.1875
135.5625
132.875
128.8125
122.75
113.625
102.125
90.625
84.5625
84.375
84.0
81.9375
79.4375
76.75
74.25
72.0
69.875
67.875
65.9375
64.1875
62.5
61.0
59.6875
58.4375
57.25
56.1875
55.1875
54.3125
53.5
52.8125
52.125
51.25
50.5
50.0
49.5625
49.125
48.5
47.6875
46.75
45.9375
45.375
45.0625
45.0
44.6875
44.875
49.5625
61.875
78.3125
92.875
102.5625
108.875
115.25
122.25
128.1875
131.9375
134.1875
136.125
137.0625
135.4375
131.3125
124.8125
116.0
105.3125
93.4375
85.5625
84.5625
84.75
82.875
80.375
77.75
75.25
73.0625
71.0625
69.0625
67.125
65.3125
63.625
62.125
60.8125
59.5
58.4375
57.375
56.3125
55.375
54.5625
53.875
53.1875
52.3125
51.625
51.25
51.0
50.5
49.75
48.9375
48.0
47.1875
46.625
46.3125
46.125
45.75
45.75
49.9375
61.875
78.125
92.75
102.4375
108.875
115.5625
122.8125
128.875
132.625
135.4375
137.6875
137.9375
135.875
131.75
126.0
118.5
108.1875
95.8125
86.9375
85.375
85.5
83.6875
81.125
78.375
75.75
73.5
71.5
69.5625
67.6875
65.5
63.6875
62.5
61.75
61.0
60.5625
62.875
69.5625
77.375
82.5625
84.625
84.5
83.3125
81.1875
77.6875
72.5625
66.3125
60.875
59.1875
60.0625
60.6875
60.5625
59.75
58.375
57.0625
55.875
54.875
53.9375
52.9375
51.875
50.875
49.9375
49.1875
48.4375
47.75
47.1875
46.625
46.0625
45.5625
45.0625
44.6875
44.1875
43.6875
43.25
42.875
42.5
42.1875
41.8125
41.375
41.125
40.8125
40.625
40.375
40.0625
40.0
40.0
39.9375
39.6875
39.25
38.625
38.0625
37.6875
37.625
37.625
38.25
43.4375
57.3125
76.75
95.0
107.375
115.3125
124.0
132.3125
137.375
141.75
145.0625
145.375
144.75
144.0
142.125
136.8125
127.625
116.4375
104.1875
92.5625
86.5625
86.3125
85.75
83.4375
80.6875
77.875
75.4375
73.25
71.125
69.0625
67.0
65.125
63.375
61.9375
60.625
59.375
58.125
57.0
56.0
55.0625
54.1875
53.4375
52.75
52.0
51.1875
50.5625
50.1875
50.0
49.625
48.9375
48.0625
47.0625
46.1875
45.5
45.1875
45.0
44.75
45.1875
50.375
63.375
79.9375
94.1875
103.375
109.6875
116.5
123.625
128.875
132.1875
134.4375
135.8125
135.125
132.8125
129.375
123.625
115.5
105.125
92.75
83.6875
81.875
82.1875
80.625
78.4375
75.9375
73.375
71.125
69.125
67.1875
65.25
63.375
61.625
60.0625
58.6875
57.4375
56.1875
55.1875
54.1875
53.25
52.5
51.8125
50.9375
50.1875
49.625
49.125
48.75
48.1875
47.3125
46.4375
45.5625
44.875
44.5
44.4375
44.1875
44.25
48.1875
59.875
76.1875
91.25
101.5625
108.375
115.3125
122.8125
128.0625
131.6875
134.0
135.1875
135.8125
134.4375
130.5625
124.5
117.25
107.25
94.9375
85.25
82.75
83.0
81.75
79.5625
77.0
74.3125
72.0625
70.0
68.0
66.0
64.1875
62.4375
60.8125
59.3125
58.0625
56.875
55.8125
54.8125
53.875
53.125
52.4375
51.75
50.875
50.125
49.5
49.0625
48.6875
48.0625
47.25
46.3125
45.4375
44.8125
44.375
44.25
44.0
43.9375
47.625
59.0
75.1875
90.3125
100.5625
107.25
113.625
120.75
127.0
131.1875
133.4375
135.0625
136.0625
134.25
130.875
126.5625
118.8125
107.875
95.5625
86.125
83.75
84.1875
83.0
80.875
78.4375
75.9375
73.6875
71.625
69.6875
67.8125
65.9375
64.25
62.75
61.4375
60.1875
59.0625
58.0
57.0625
56.0625
55.1875
54.375
53.625
52.8125
51.875
51.0625
50.4375
50.1875
49.875
49.1875
48.25
47.25
46.3125
45.6875
45.375
45.375
45.3125
45.4375
49.375
61.0625
77.3125
92.375
102.625
109.4375
116.5625
124.5
130.1875
133.25
136.5
138.4375
138.0625
137.3125
134.8125
129.0625
121.3125
111.8125
99.9375
89.5625
86.3125
86.8125
85.5
82.9375
80.25
77.5
74.9375
72.75
70.75
68.75
66.8125
65.0625
63.375
61.9375
60.625
59.4375
58.25
57.25
56.25
55.5
54.6875
53.8125
53.0
52.375
51.9375
51.4375
50.8125
49.9375
49.0
48.0625
47.4375
47.0625
46.875
46.625
46.3125
48.625
58.1875
73.9375
89.5
100.75
107.75
114.125
121.3125
127.625
132.6875
136.5
138.0625
137.3125
135.4375
132.75
128.3125
121.25
111.125
99.0625
88.9375
85.625
86.3125
85.1875
82.6875
80.0
77.25
74.875
72.75
70.8125
68.875
67.0
65.1875
63.5625
62.0625
60.75
59.5
58.4375
57.4375
56.5
55.625
54.875
54.125
53.25
52.5
52.0625
51.75
51.4375
50.875
50.0
49.0
48.0625
47.4375
47.125
47.125
46.875
46.4375
48.375
57.5625
73.125
88.9375
100.25
107.25
113.875
121.4375
128.625
133.25
135.625
138.0
138.75
137.9375
135.8125
131.625
125.0
115.375
103.3125
91.6875
86.5
87.0
86.5625
84.1875
81.375
78.5
75.9375
73.75
71.6875
69.6875
67.75
65.875
64.125
62.625
61.3125
60.0625
58.8125
57.6875
56.6875
55.75
54.9375
54.25
53.4375
52.5
51.875
51.4375
51.0625
50.4375
49.8125
48.875
47.9375
47.1875
46.625
46.375
46.3125
46.0
46.9375
54.0625
68.5
84.9375
98.125
106.375
112.8125
120.0625
127.3125
132.375
135.125
137.5
139.25
139.5
137.6875
132.9375
125.75
116.75
105.625
94.0
87.375
86.875
86.375
84.0625
81.5
78.9375
76.5625
74.5
72.5625
70.5
68.25
66.1875
64.8125
63.8125
62.9375
62.25
64.0
69.9375
77.5
82.75
85.0625
85.125
83.8125
81.5
77.875
72.8125
66.8125
61.375
59.6875
60.5625
61.0625
60.9375
60.1875
58.8125
57.5
56.4375
55.4375
54.5
53.5
52.5625
51.5625
50.625
49.875
49.1875
48.5
47.875
47.1875
46.625
46.125
45.625
45.125
44.6875
44.25
43.8125
43.375
43.0
42.625
42.1875
41.75
41.3125
41.125
40.9375
40.625
40.375
40.0625
39.9375
39.9375
39.9375
39.6875
39.125
38.375
37.9375
37.6875
37.6875
37.8125
39.25
46.6875
62.75
82.625
99.6875
110.625
118.5
127.5625
136.3125
140.8125
143.4375
147.0
148.125
146.625
145.5625
142.8125
136.6875
128.125
117.0625
104.25
92.8125
88.1875
88.5625
87.4375
84.625
81.6875
78.9375
76.5625
74.1875
71.75
69.4375
67.3125
65.625
64.0625
62.5
61.375
60.625
59.625
59.0
61.25
68.9375
79.3125
87.0625
91.0625
93.0
94.1875
94.75
93.875
91.0625
86.0625
79.125
71.1875
65.0
63.75
64.6875
64.9375
64.5
63.375
61.8125
60.3125
59.0
57.8125
56.625
55.5
54.25
53.0625
51.9375
51.0
50.1875
49.375
48.5625
47.875
47.25
46.6875
46.125
45.5
45.0
44.5
44.0
43.5625
43.125
42.6875
42.25
41.8125
41.5
41.3125
41.0
40.5625
40.3125
40.1875
40.125
40.0
39.8125
39.25
38.5625
37.9375
37.5
37.4375
37.5625
38.6875
45.375
60.6875
80.25
97.75
109.375
117.0
125.4375
133.6875
138.9375
141.0625
143.8125
146.125
145.5625
143.8125
140.1875
134.25
126.3125
115.375
102.25
90.25
84.1875
83.75
83.1875
81.0625
78.5625
75.875
73.4375
71.25
69.25
67.25
65.3125
63.4375
61.75
60.25
58.8125
57.5625
56.4375
55.375
54.4375
53.4375
52.5625
51.8125
51.0625
50.375
49.6875
48.9375
48.375
48.125
47.9375
47.5
46.75
45.875
44.875
44.1875
43.8125
43.75
43.75
43.625
45.3125
53.625
68.6875
84.75
96.875
104.625
111.125
118.625
125.25
128.8125
131.5
134.3125
135.3125
133.875
131.3125
127.6875
121.125
111.375
99.6875
87.9375
81.3125
81.0625
80.9375
79.0625
76.75
74.125
71.6875
69.5
67.4375
65.5
63.6875
61.875
60.125
58.625
57.3125
56.125
54.9375
53.9375
52.9375
52.0
51.1875
50.5625
49.875
49.125
48.3125
47.8125
47.4375
47.0625
46.5
45.75
44.9375
44.0
43.3125
42.9375
42.875
42.8125
42.875
46.5625
57.75
73.75
88.9375
99.8125
106.5625
112.4375
119.6875
126.125
130.375
133.5
135.125
134.75
133.5
131.25
126.625
118.875
108.125
95.875
85.375
81.625
82.0
80.9375
78.75
76.1875
73.5625
71.1875
69.125
67.1875
65.25
63.375
61.625
60.125
58.6875
57.4375
56.25
55.125
54.125
53.125
52.25
51.5
50.875
50.125
49.3125
48.6875
48.25
47.8125
47.3125
46.6875
45.875
45.0
44.25
43.625
43.4375
43.375
43.0625
44.4375
52.125
66.5625
82.5
95.1875
103.25
109.25
116.125
123.5
128.9375
131.6875
133.1875
133.8125
133.25
131.3125
126.8125
119.8125
110.875
99.875
88.5625
82.6875
82.5625
81.9375
79.875
77.4375
74.8125
72.4375
70.375
68.4375
66.5
64.625
62.875
61.3125
59.9375
58.625
57.4375
56.3125
55.3125
54.3125
53.375
52.5625
51.8125
51.1875
50.5
49.8125
49.1875
48.9375
48.75
48.375
47.75
46.8125
45.8125
44.9375
44.3125
44.125
44.0625
43.875
44.375
49.75
62.5625
78.5625
92.375
101.6875
108.1875
115.0
122.5625
128.875
132.5
133.875
134.9375
135.4375
133.1875
129.3125
124.3125
115.875
104.4375
92.375
84.125
82.75
83.125
81.5
79.125
76.625
74.0625
71.8125
69.8125
67.8125
65.9375
64.125
62.3125
60.6875
59.25
58.0
56.875
55.8125
54.75
53.8125
53.0625
52.375
51.625
50.75
50.0625
49.5625
49.125
48.625
47.875
47.0
46.0625
45.25
44.8125
44.5625
44.5
44.125
44.875
51.3125
65.0
80.875
94.1875
102.9375
109.0625
115.5
122.375
128.0
131.4375
133.125
133.9375
134.375
132.9375
128.375
121.5625
112.9375
101.9375
90.375
83.625
83.125
83.0
81.25
78.875
76.1875
73.75
71.5625
69.375
67.375
65.4375
63.625
61.875
60.3125
59.0
57.75
56.5625
55.5
54.5
53.5625
52.75
52.0
51.3125
50.625
49.875
49.125
48.6875
48.3125
47.875
47.3125
46.5
45.5625
44.75
44.125
43.75
43.6875
43.375
44.0
49.875
63.125
79.25
93.0625
102.1875
108.625
115.5
122.4375
127.5
131.3125
134.4375
135.6875
135.4375
133.5
129.5
123.9375
116.3125
105.8125
93.8125
85.5625
84.125
84.375
82.75
80.375
77.6875
75.0625
72.75
70.625
68.6875
66.8125
65.0
63.3125
61.8125
60.4375
59.25
58.1875
57.1875
56.1875
55.375
54.6875
54.1875
53.625
52.8125
52.0
51.25
50.5625
49.6875
48.5625
47.5
46.8125
46.375
46.125
45.75
46.0
50.125
61.5625
77.125
91.4375
101.375
107.6875
113.75
120.3125
126.5
130.3125
132.0
133.5625
134.625
133.5625
129.5625
123.0625
114.4375
103.6875
91.9375
84.6875
84.0
84.0625
82.4375
80.0625
77.375
74.75
72.5
70.4375
68.4375
66.4375
64.5
62.6875
61.125
59.6875
58.4375
57.25
56.25
55.1875
54.25
53.375
52.5
51.8125
51.25
50.5625
49.8125
49.125
48.625
48.25
47.8125
47.3125
46.625
45.6875
44.875
44.3125
44.0
44.0
43.75
44.4375
50.375
63.9375
80.5625
94.75
104.0625
110.5625
117.5
125.0
130.8125
134.4375
137.1875
138.4375
137.9375
136.75
133.3125
127.375
119.3125
108.6875
96.3125
87.25
85.3125
85.5625
83.875
81.3125
78.5625
75.9375
73.5625
71.4375
69.375
67.4375
65.625
63.875
62.25
60.875
59.625
58.4375
57.3125
56.3125
55.3125
54.5
53.8125
53.0625
52.25
51.4375
50.875
50.5625
50.25
49.6875
48.9375
48.0
47.125
46.4375
46.0625
45.9375
45.8125
45.5
46.9375
54.75
69.4375
85.375
97.4375
104.75
111.0
118.5
125.6875
130.625
134.0
136.25
137.0625
136.375
133.75
129.0625
122.375
114.0
102.6875
90.6875
84.8125
85.0
84.8125
82.8125
80.25
77.375
74.75
72.5
70.4375
68.4375
66.4375
64.625
63.0
61.5
60.125
58.875
57.8125
56.6875
55.6875
54.6875
53.875
53.0625
52.3125
51.625
50.9375
50.125
49.4375
48.9375
48.625
48.25
47.6875
46.875
45.9375
45.125
44.625
44.4375
44.375
44.125
45.3125
52.625
67.0
83.1875
96.3125
104.8125
111.375
118.9375
126.625
131.8125
134.6875
136.625
137.375
138.4375
138.125
133.6875
126.375
117.375
106.375
94.4375
86.875
86.0
85.75
83.5
80.9375
78.3125
75.8125
73.6875
71.8125
69.8125
67.375
65.25
63.8125
62.8125
62.0
61.375
62.9375
68.4375
75.375
80.125
82.0625
81.8125
80.25
77.625
73.8125
68.75
62.9375
58.75
58.25
59.0625
59.4375
59.1875
58.3125
57.0625
55.9375
55.0
54.125
53.3125
52.4375
51.5
50.625
49.875
49.125
48.5
47.875
47.25
46.6875
46.125
45.5625
45.0
44.5
44.0
43.5
43.125
42.6875
42.25
41.8125
41.375
41.0
40.625
40.375
40.1875
40.0625
39.75
39.4375
39.3125
39.3125
39.3125
39.125
38.625
38.0
37.3125
36.9375
36.8125
36.875
37.5625
42.125
54.875
73.625
92.1875
105.8125
114.4375
122.6875
130.625
136.625
141.25
143.5
145.1875
146.0
144.75
142.0625
136.6875
129.0
119.3125
107.75
95.25
87.1875
86.125
85.8125
83.6875
81.0
78.1875
75.625
73.3125
71.1875
69.0
66.875
65.125
63.375
61.625
60.5
59.8125
59.0
58.5625
60.625
67.4375
76.1875
82.625
85.75
86.625
86.375
85.4375
83.3125
79.5625
74.0625
67.25
61.3125
59.4375
60.1875
60.8125
60.75
59.9375
58.5
57.0
55.75
54.5625
53.4375
52.375
51.3125
50.25
49.25
48.375
47.625
46.875
46.25
45.625
45.0625
44.5
44.0
43.5625
43.125
42.6875
42.3125
41.9375
41.5625
41.1875
40.8125
40.4375
40.1875
40.0
39.8125
39.4375
39.125
39.0
39.125
39.25
39.0625
38.5625
37.875
37.3125
36.9375
36.875
37.0
37.25
40.8125
52.375
70.8125
89.8125
103.8125
112.375
120.125
128.625
135.3125
138.875
140.3125
142.0
143.8125
143.375
140.25
134.625
127.25
117.75
105.9375
93.25
84.5625
82.9375
83.25
81.75
79.3125
76.5625
73.8125
71.4375
69.375
67.375
65.4375
63.5
61.75
60.25
58.875
57.625
56.4375
55.25
54.1875
53.1875
52.25
51.375
50.625
49.875
49.3125
48.625
47.875
47.3125
46.9375
46.625
46.125
45.5
44.5625
43.75
43.0625
42.6875
42.5625
42.5
42.4375
45.625
56.3125
72.4375
88.1875
99.5
106.5625
112.9375
120.25
126.3125
130.3125
132.75
133.625
134.3125
133.5625
130.25
124.8125
117.5
108.0
96.5625
85.8125
81.0625
81.0625
80.3125
78.375
76.0625
73.4375
71.0
68.875
66.875
65.0
63.25
61.5
59.9375
58.4375
57.1875
55.9375
54.75
53.75
52.75
51.875
51.125
50.4375
49.75
48.9375
48.1875
47.625
47.1875
46.875
46.5
45.875
44.9375
44.0
43.25
42.875
42.8125
42.75
42.625
45.125
54.75
70.375
86.25
98.1875
105.8125
112.375
119.5
125.375
129.5
132.375
134.5
135.625
134.375
131.5625
127.25
120.375
111.0
99.1875
87.75
82.1875
82.1875
81.75
79.8125
77.5
75.0
72.625
70.5625
68.5
66.625
64.8125
63.125
61.5625
60.0625
58.6875
57.5
56.375
55.375
54.4375
53.625
52.875
52.1875
51.4375
50.6875
50.0625
49.6875
49.4375
49.125
48.5
47.6875
46.75
45.875
45.375
45.125
45.0
44.6875
44.625
48.375
59.6875
75.5625
90.3125
100.5
107.3125
114.25
122.0
128.25
131.9375
134.0
135.4375
135.875
134.9375
131.9375
126.5625
119.25
109.0
96.75
86.875
83.9375
84.1875
83.0625
80.8125
78.375
75.8125
73.6875
71.625
69.75
67.875
66.0625
64.3125
62.8125
61.4375
60.0625
58.625
57.1875
56.0625
55.1875
54.5625
54.0625
53.5
52.5625
53.4375
60.5
73.9375
88.125
98.75
104.8125
109.4375
114.5625
119.3125
122.9375
125.4375
126.125
124.625
121.25
115.8125
107.625
97.375
86.875
80.6875
80.4375
80.6875
79.3125
77.1875
74.6875
72.3125
70.25
68.3125
66.5625
64.75
63.0
61.375
59.875
58.5625
57.375
56.3125
55.3125
54.375
53.5625
52.75
51.9375
51.25
50.5
49.8125
49.125
48.5
47.9375
47.4375
47.0625
46.5
46.0
45.6875
45.4375
45.1875
44.875
44.25
43.5
42.75
42.25
42.125
42.125
42.0
43.9375
53.0625
69.8125
88.0
101.8125
110.3125
117.3125
125.6875
132.625
137.3125
141.625
144.5
145.25
143.6875
141.6875
138.25
131.9375
123.5625
112.4375
99.25
90.0
88.3125
88.625
86.8125
84.1875
81.3125
78.625
76.25
74.125
71.9375
69.8125
67.875
66.125
64.5
63.0625
61.8125
60.5625
59.375
58.3125
57.3125
56.5
55.6875
55.0
54.3125
53.5625
52.8125
52.25
52.0
51.6875
51.125
50.25
49.125
48.0625
47.1875
46.75
46.625
46.5625
46.3125
48.1875
56.9375
72.1875
88.0625
99.9375
107.3125
113.6875
120.9375
127.75
132.4375
135.6875
138.0
138.3125
136.875
135.0625
131.6875
124.9375
115.4375
103.875
92.25
86.5
86.625
86.25
84.125
81.3125
78.5
75.9375
73.6875
71.625
69.5625
67.5625
65.75
64.0
62.4375
61.0
59.75
58.5625
57.5
56.5
55.5
54.6875
53.9375
53.25
52.5
51.6875
51.0
50.5625
50.125
49.625
49.0
48.1875
47.25
46.5
45.875
45.6875
45.625
45.375
46.5
53.875
68.4375
84.875
98.1875
106.5625
112.8125
119.9375
127.0
132.4375
136.5625
138.75
138.875
139.0
138.25
134.1875
127.4375
118.9375
107.75
95.5
87.75
86.875
86.9375
85.125
82.6875
80.0
77.25
74.875
72.625
70.4375
68.4375
66.5625
64.75
63.0
61.625
60.5625
59.625
58.75
57.9375
57.0
57.5625
63.25
74.8125
87.1875
96.1875
101.4375
104.875
108.1875
111.0625
112.4375
112.4375
110.6875
106.375
99.375
90.1875
80.5625
74.875
74.875
75.625
74.8125
73.25
71.1875
69.1875
67.375
65.5625
63.875
62.3125
60.75
59.25
58.0
56.9375
55.9375
55.0
54.1875
53.3125
52.5
51.75
51.125
50.4375
49.8125
49.25
48.6875
48.1875
47.6875
47.125
46.75
46.4375
46.0625
45.6875
45.3125
45.0
45.0
44.9375
44.6875
44.125
43.375
42.4375
41.8125
41.5625
41.5625
41.625
42.6875
49.5625
64.875
83.9375
100.25
110.75
118.0
126.25
134.5
139.8125
143.3125
146.25
148.9375
149.75
147.8125
144.25
138.3125
130.125
119.75
107.4375
95.5625
89.5
89.1875
88.5
86.125
83.25
80.25
77.625
75.25
73.0
70.8125
68.6875
66.6875
64.9375
63.4375
62.0
60.6875
59.4375
58.1875
57.1875
56.1875
55.25
54.4375
53.75
52.9375
52.125
51.4375
50.9375
50.4375
49.9375
49.3125
48.4375
47.4375
46.5625
46.0625
45.875
45.8125
45.6875
48.5
58.75
74.5625
90.0
101.1875
108.3125
114.6875
121.8125
128.4375
132.75
135.1875
136.6875
136.9375
136.4375
134.875
130.0625
122.1875
112.1875
100.4375
89.625
85.125
85.125
84.0
81.4375
78.75
76.0625
73.8125
71.75
69.875
67.8125
65.5
63.625
62.4375
61.6875
60.9375
61.4375
65.9375
73.75
80.5
84.3125
85.625
85.1875
83.875
81.4375
77.5625
72.125
65.75
60.625
59.625
60.625
61.0625
60.75
59.75
58.375
57.0625
56.0
55.0
54.0625
53.125
52.25
51.3125
50.4375
49.6875
49.0
48.375
47.6875
47.125
46.5625
45.9375
45.3125
44.8125
44.3125
43.8125
43.375
43.0
42.625
42.125
41.6875
41.375
41.125
40.875
40.5625
40.3125
40.3125
40.25
40.0
39.625
39.125
38.5
37.875
37.5625
37.5625
37.75
39.3125
47.125
63.125
82.6875
99.625
110.9375
119.5
128.5
135.3125
139.8125
142.75
145.0625
147.0
147.5625
146.0
141.5625
135.4375
127.125
115.75
102.6875
91.1875
86.5
86.625
85.5625
83.0
80.3125
77.4375
74.8125
72.5625
70.5
68.375
66.375
64.4375
62.75
61.25
59.875
58.625
57.4375
56.25
55.1875
54.1875
53.375
52.625
51.875
51.1875
50.375
49.625
49.125
48.6875
48.25
47.625
46.875
45.9375
45.0625
44.375
44.125
44.125
43.9375
44.8125
51.4375
65.625
82.25
95.9375
104.75
111.25
118.6875
125.8125
130.125
133.125
135.875
136.125
134.375
132.875
129.5
122.5
113.5
102.5625
90.75
83.125
82.125
82.0625
80.3125
78.0
75.4375
72.9375
70.6875
68.625
66.6875
64.8125
63.0
61.3125
59.8125
58.5
57.25
56.1875
55.125
54.125
53.3125
52.625
51.875
51.0625
50.5
50.125
49.8125
49.3125
48.625
47.75
46.8125
46.0
45.5
45.3125
45.1875
44.8125
45.125
50.5
63.6875
80.1875
94.1875
103.1875
109.625
116.6875
124.125
129.8125
132.875
134.0625
134.5625
134.9375
134.4375
131.1875
124.5625
115.5
104.3125
92.1875
83.875
82.5
82.75
81.0625
78.75
76.3125
73.8125
71.5
69.3125
67.3125
65.3125
63.375
61.6875
60.125
58.6875
57.4375
56.3125
55.1875
54.125
53.1875
52.375
51.6875
51.0625
50.1875
49.375
48.8125
48.4375
48.0
47.4375
46.75
45.8125
44.9375
44.3125
43.9375
43.875
43.6875
44.0
48.6875
61.0
77.3125
91.9375
101.8125
108.375
115.375
123.0
128.0625
131.3125
134.1875
135.0
134.3125
133.6875
131.3125
125.5
116.5
105.625
93.6875
84.625
82.6875
83.0625
81.625
79.3125
76.75
74.125
71.875
69.875
67.875
65.9375
64.125
62.4375
60.9375
59.5
58.25
57.1875
56.125
55.0625
54.125
53.3125
52.625
51.9375
51.1875
50.375
49.875
49.625
49.4375
48.9375
48.25
47.3125
46.3125
45.6875
45.3125
45.25
45.0625
44.625
46.125
54.125
68.9375
85.0
97.3125
105.1875
112.0
119.75
126.1875
130.5625
133.6875
134.9375
135.0625
134.6875
133.3125
129.75
122.3125
112.1875
101.125
90.5625
85.125
84.875
83.9375
81.6875
79.125
76.5
74.125
72.0625
70.3125
68.3125
66.0
64.0
62.75
62.0
61.1875
61.0625
63.9375
70.5
77.0625
81.0
82.25
81.6875
79.9375
77.3125
73.3125
67.8125
61.75
57.9375
57.875
58.6875
58.9375
58.625
57.6875
56.375
55.1875
54.125
53.1875
52.3125
51.4375
50.4375
49.5
48.6875
47.9375
47.25
46.625
46.0
45.5
44.9375
44.4375
44.0
43.4375
42.9375
42.5
42.0625
41.625
41.1875
40.8125
40.4375
40.125
39.875
39.625
39.3125
39.0
38.8125
38.75
38.75
38.6875
38.375
37.75
37.1875
36.6875
36.5
36.5
36.5625
38.375
46.625
63.125
82.8125
99.3125
109.6875
117.0625
125.5625
133.1875
138.4375
141.5625
143.75
143.875
143.0625
142.125
138.3125
131.0
121.375
110.0625
97.4375
87.875
85.625
85.9375
84.25
81.5
78.6875
75.9375
73.5
71.3125
69.3125
67.25
65.25
63.375
61.6875
60.25
59.0
57.75
56.625
55.5
54.5
53.5
52.625
51.875
51.1875
50.5
49.625
49.0
48.5
48.125
47.5625
46.875
46.0
45.0
44.25
43.875
43.75
43.6875
43.5
46.0625
55.9375
71.6875
87.5625
99.3125
106.375
112.4375
119.75
126.5
130.125
132.4375
134.25
134.25
132.875
130.0
124.8125
117.5625
107.3125
94.9375
84.6875
81.125
81.1875
80.0625
77.9375
75.5
73.0
70.875
68.875
67.0625
65.0
62.875
61.125
60.0
59.125
58.375
58.625
62.3125
69.3125
75.6875
79.3125
80.375
79.5625
77.875
75.1875
71.1875
65.9375
60.0
56.125
55.9375
56.8125
57.1875
57.0
56.125
54.9375
53.8125
52.9375
52.125
51.3125
50.4375
49.5625
48.8125
48.0625
47.3125
46.625
46.0
45.375
44.6875
44.125
43.5
43.0
42.5
42.125
41.6875
41.3125
40.8125
40.375
40.0
39.6875
39.4375
39.1875
38.9375
38.75
38.375
38.125
38.125
38.125
38.0
37.6875
37.0625
36.3125
35.8125
35.625
35.75
36.3125
40.0625
51.6875
69.875
88.8125
103.375
112.0625
119.9375
129.0625
135.0625
138.375
141.25
142.9375
143.8125
142.8125
139.875
134.75
126.875
116.9375
105.375
93.0625
85.25
84.125
83.8125
81.875
79.4375
76.75
74.125
71.875
69.8125
67.8125
65.8125
64.0625
62.375
60.9375
59.625
58.4375
57.375
56.3125
55.3125
54.4375
53.6875
52.9375
52.25
51.6875
51.0
50.3125
49.8125
49.5625
49.25
48.625
47.875
46.9375
46.0
45.375
45.1875
45.1875
45.0625
45.3125
50.0
62.4375
79.0
93.5
102.875
109.125
116.0
123.375
129.0625
132.125
134.0
134.9375
134.375
132.25
129.0625
123.5
114.875
104.0
92.1875
84.0625
82.625
82.625
80.9375
78.4375
75.8125
73.375
71.25
69.5
67.75
65.5625
63.5625
62.25
61.3125
60.625
60.25
62.25
68.125
74.9375
79.5
81.375
81.1875
79.6875
77.3125
73.5625
68.4375
62.25
57.5
56.5
57.1875
57.5625
57.4375
56.625
55.375
54.1875
53.125
52.1875
51.1875
50.25
49.375
48.625
47.875
47.1875
46.5625
46.0
45.4375
44.9375
44.4375
44.0
43.5625
43.1875
42.8125
42.3125
41.9375
41.625
41.3125
41.0
40.625
40.3125
40.0625
39.9375
39.75
39.5625
39.5625
39.625
39.75
39.6875
39.3125
38.6875
38.0
37.4375
37.125
37.0625
37.0
38.75
47.0625
63.6875
83.3125
99.75
110.0
117.5
125.9375
132.75
137.1875
140.5625
142.9375
143.625
142.625
140.375
135.8125
129.5625
120.375
108.0625
95.1875
86.0
84.0625
84.625
83.4375
81.0
78.125
75.3125
72.9375
70.75
68.75
66.75
64.8125
63.0
61.375
60.0625
58.8125
57.5625
56.4375
55.3125
54.3125
53.375
52.5625
51.8125
51.1875
50.5
49.6875
49.0
48.5
48.0625
47.625
47.0625
46.3125
45.375
44.5
43.9375
43.75
43.6875
43.5
45.4375
54.3125
69.875
86.3125
98.75
106.3125
112.1875
119.3125
125.8125
129.875
132.0625
132.8125
133.0625
132.5625
129.9375
124.9375
117.625
107.75
95.8125
85.125
81.1875
81.625
81.0
78.9375
76.375
73.8125
71.75
69.8125
67.8125
65.6875
63.8125
62.1875
60.625
59.1875
58.3125
57.8125
57.0625
57.9375
63.9375
75.25
86.5625
94.25
98.5625
101.25
103.6875
105.4375
105.5625
103.875
100.3125
94.3125
85.9375
76.5625
70.0
68.6875
69.5
69.4375
68.375
66.625
64.75
63.0625
61.5625
60.1875
58.8125
57.375
56.0
54.75
53.5
52.5
51.5
50.625
49.8125
49.0
48.25
47.5625
46.875
46.25
45.6875
45.1875
44.625
44.125
43.625
43.1875
42.6875
42.25
41.875
41.625
41.3125
40.9375
40.6875
40.5
40.4375
40.3125
40.0
39.3125
38.5625
38.0
37.6875
37.6875
37.9375
40.6875
50.9375
68.625
87.625
102.4375
111.625
119.5
128.0625
134.25
138.1875
141.0625
141.6875
142.875
144.8125
142.3125
136.5
128.875
118.5
106.5625
94.5625
86.375
84.6875
84.625
82.75
80.25
77.5
74.75
72.3125
70.25
68.1875
66.3125
64.4375
62.6875
61.1875
59.75
58.5
57.3125
56.25
55.25
54.3125
53.5
52.625
51.875
51.1875
50.5
49.75
49.25
48.875
48.625
48.25
47.625
46.8125
45.875
45.125
44.6875
44.625
44.6875
44.5
45.8125
53.4375
68.0625
84.1875
96.5625
104.125
110.0625
116.9375
124.125
129.4375
132.25
133.875
134.625
134.0
131.5625
127.1875
120.4375
110.875
98.8125
87.3125
82.0625
82.3125
82.0625
80.1875
77.75
75.0625
72.5625
70.3125
68.3125
66.375
64.4375
62.5625
60.875
59.375
58.0625
56.875
55.75
54.6875
53.6875
52.8125
51.9375
51.125
50.375
49.75
49.125
48.4375
47.8125
47.3125
46.9375
46.5625
46.0
45.25
44.3125
43.5
42.9375
42.8125
42.75
42.625
44.3125
52.5
67.3125
83.4375
96.3125
104.5625
111.0
118.6875
126.125
130.75
133.0625
134.5
134.375
133.5625
133.375
130.1875
122.5
112.5
100.6875
89.0625
82.4375
82.125
82.1875
80.4375
78.25
75.875
73.4375
71.1875
69.0
66.875
64.9375
63.1875
61.4375
59.875
58.5
57.25
56.1875
55.4375
54.6875
54.0625
55.5625
62.5625
74.125
85.25
93.0
97.375
100.3125
103.25
105.5
106.125
105.0
101.75
96.3125
88.75
79.5
71.6875
69.375
70.0
70.0
69.125
67.6875
65.9375
64.1875
62.4375
60.875
59.375
57.8125
56.3125
55.0
53.8125
52.8125
51.875
51.0625
50.1875
49.4375
48.6875
48.0
47.4375
46.9375
46.375
45.875
45.375
44.9375
44.5
44.0
43.5625
43.25
42.875
42.5625
42.25
41.9375
41.625
41.5
41.5
41.375
41.0625
40.5
39.625
38.875
38.375
38.1875
38.1875
38.5
41.5
51.75
69.0
87.1875
101.3125
110.25
117.8125
126.3125
132.5625
136.625
140.3125
143.1875
144.6875
143.9375
140.5
135.4375
129.0625
120.4375
109.1875
96.75
87.3125
84.625
84.75
83.1875
80.75
78.0
75.1875
72.75
70.5625
68.5
66.4375
64.4375
62.625
61.0
59.625
58.3125
57.0625
55.875
54.8125
53.8125
52.875
52.0
51.1875
50.4375
49.8125
49.1875
48.4375
47.75
47.25
46.9375
46.5
45.9375
45.125
44.125
43.3125
42.75
42.5625
42.5625
42.4375
44.1875
52.375
66.875
82.4375
94.9375
102.875
108.8125
115.625
122.6875
127.3125
130.1875
132.8125
133.6875
132.1875
129.125
125.0
118.5
109.25
97.9375
86.8125
81.0
80.5625
80.0625
78.125
75.75
73.1875
70.8125
68.875
67.1875
65.25
63.0625
61.125
59.9375
59.125
58.4375
58.4375
61.3125
67.75
74.4375
78.8125
80.625
80.4375
79.1875
77.0
73.5
68.625
62.6875
57.4375
55.8125
56.5
57.125
57.0625
56.4375
55.25
54.0625
52.9375
51.9375
51.125
50.25
49.3125
48.4375
47.5625
46.875
46.25
45.625
44.9375
44.375
43.6875
43.0625
42.5625
42.0
41.5625
41.1875
40.875
40.5
40.125
39.6875
39.3125
38.9375
38.5625
38.375
38.1875
38.0
37.6875
37.4375
37.3125
37.3125
37.25
37.0625
36.5625
35.9375
35.3125
34.9375
34.8125
34.9375
36.0625
41.8125
55.5
74.125
91.9375
104.6875
112.6875
120.5
128.25
133.4375
137.1875
140.0
140.125
138.3125
136.8125
135.8125
131.75
123.125
112.0
99.8125
88.5625
83.3125
83.375
82.5625
80.125
77.4375
74.6875
72.3125
70.0625
67.9375
65.6875
63.625
61.875
60.5
59.0
57.625
56.875
56.1875
55.375
55.5625
59.5625
68.25
77.4375
83.9375
87.3125
89.0
90.0
90.25
89.0
85.75
80.375
73.125
65.3125
60.5
60.25
61.125
61.3125
60.9375
59.8125
58.375
56.875
55.5625
54.3125
53.1875
52.0
50.9375
49.875
48.9375
48.0625
47.3125
46.5625
45.8125
45.125
44.5
43.9375
43.4375
42.9375
42.375
41.875
41.5
41.0625
40.625
40.1875
39.75
39.3125
38.9375
38.6875
38.4375
38.0625
37.75
37.5
37.4375
37.3125
37.0625
36.625
35.9375
35.375
35.0
34.875
35.0625
36.3125
42.75
57.25
76.125
93.5625
105.8125
113.75
121.5625
128.25
133.25
137.1875
139.5625
140.375
139.75
138.25
135.6875
129.875
120.75
109.625
97.1875
86.125
81.3125
81.3125
80.5625
78.5625
76.125
73.625
71.25
69.1875
67.125
65.1875
63.25
61.4375
59.75
58.25
56.875
55.625
54.5
53.4375
52.375
51.375
50.5
49.5625
48.8125
48.1875
47.5625
46.9375
46.25
45.6875
45.3125
44.9375
44.4375
43.75
42.875
42.0
41.3125
41.0
40.9375
40.875
41.6875
47.375
60.25
76.25
90.4375
100.0625
106.3125
112.9375
120.3125
125.5
127.8125
129.625
131.6875
131.5625
128.6875
124.25
118.5
110.625
100.0625
88.1875
79.5
77.4375
77.625
76.5
74.4375
72.0625
69.5625
67.4375
65.4375
63.625
61.8125
60.0625
58.375
56.875
55.5625
54.375
53.25
52.25
51.25
50.3125
49.375
48.625
47.875
47.1875
46.6875
46.0625
45.375
44.75
44.375
44.0625
43.625
43.125
42.375
41.5
40.75
40.3125
40.1875
40.125
40.125
42.625
51.9375
67.0
82.6875
94.75
102.1875
108.125
115.5
122.25
126.4375
129.5625
131.5625
131.0
129.375
126.5625
122.1875
116.0625
106.8125
94.875
83.9375
78.9375
78.8125
78.3125
76.4375
74.125
71.5625
69.1875
67.0625
65.0625
63.25
61.3125
59.5625
58.0625
56.625
55.375
54.25
53.1875
52.25
51.25
50.4375
49.625
48.875
48.1875
47.6875
47.0625
46.4375
45.8125
45.375
45.125
44.8125
44.3125
43.625
42.75
42.0
41.5
41.4375
41.4375
41.25
41.875
47.4375
60.0625
75.75
89.5625
98.8125
105.0625
111.6875
118.75
123.875
126.375
127.9375
129.5625
130.0
127.8125
123.8125
118.4375
111.125
100.9375
89.0625
80.6875
79.0625
79.4375
78.0625
75.8125
73.375
70.875
68.6875
66.625
64.6875
62.875
61.125
59.4375
57.9375
56.6875
55.4375
54.375
53.375
52.375
51.4375
50.625
49.8125
49.0625
48.5
47.875
47.125
46.4375
45.9375
45.5625
45.1875
44.625
44.0
43.125
42.25
41.625
41.4375
41.5
41.375
41.8125
46.75
58.8125
74.3125
88.5
98.4375
104.875
111.25
118.3125
123.875
127.6875
130.3125
131.9375
131.5
128.8125
125.875
121.0625
112.5625
101.625
89.875
81.25
79.375
79.8125
78.5
76.4375
74.0
71.5625
69.4375
67.375
65.4375
63.625
61.875
60.125
58.625
57.3125
56.0625
54.9375
53.875
52.8125
51.8125
51.0
50.1875
49.4375
48.75
48.1875
47.5
46.875
46.3125
45.875
45.5
45.0
44.375
43.5
42.6875
41.9375
41.5625
41.4375
41.1875
41.3125
45.1875
56.125
71.4375
86.0
96.625
103.25
109.125
116.25
122.5625
126.375
128.5625
129.8125
131.0625
130.6875
126.5
120.5625
113.4375
103.6875
92.0625
82.5625
79.625
80.0
79.125
77.3125
75.0625
72.625
70.3125
68.3125
66.375
64.625
62.875
61.25
59.75
58.4375
57.1875
56.0
54.9375
53.9375
53.0
52.125
51.1875
50.3125
49.5
48.75
48.0
47.375
46.9375
46.625
46.1875
45.5625
44.75
43.875
43.0
42.375
42.125
42.0625
41.9375
42.375
47.0
58.75
74.1875
88.3125
98.375
104.75
110.6875
118.0625
124.875
128.75
130.6875
131.625
130.9375
129.375
126.375
120.875
113.5
104.125
92.625
83.0
79.875
80.25
79.25
77.1875
74.75
72.25
69.9375
67.8125
65.8125
63.9375
62.125
60.375
58.75
57.375
56.125
54.9375
53.9375
52.9375
52.0
51.125
50.3125
49.5625
48.9375
48.3125
47.5625
46.8125
46.3125
45.8125
45.375
44.8125
44.125
43.25
42.375
41.6875
41.3125
41.25
41.0625
41.4375
46.3125
58.25
73.6875
88.0
98.125
104.6875
111.125
117.9375
123.5
127.6875
129.5625
129.75
130.25
129.8125
125.9375
120.25
112.6875
101.6875
89.3125
81.0625
79.5625
79.8125
78.6875
76.75
74.5625
72.25
70.125
68.1875
66.3125
64.5625
62.8125
61.125
59.5625
58.0625
56.75
55.5
54.3125
53.3125
52.375
51.375
50.5
49.75
49.125
48.4375
47.75
47.1875
46.6875
46.375
46.0
45.375
44.5625
43.625
42.75
42.125
41.9375
41.875
41.8125
43.375
51.0
65.0
80.5
93.125
101.4375
107.6875
114.8125
121.625
125.75
128.875
131.25
131.375
129.875
127.9375
124.625
118.0625
109.0625
98.125
86.6875
80.0
79.4375
79.5
78.0
75.75
73.3125
70.9375
68.8125
66.8125
64.8125
63.0625
61.375
59.8125
58.375
57.125
55.9375
54.875
53.875
53.0
52.25
51.5
50.8125
50.1875
49.625
48.9375
48.3125
47.9375
47.625
47.3125
46.875
46.1875
45.3125
44.375
43.6875
43.3125
43.3125
43.1875
43.0625
45.5
54.875
69.8125
84.875
96.125
103.1875
109.5
117.0
123.625
127.875
130.1875
130.9375
131.75
132.125
129.1875
123.1875
115.5625
106.3125
95.1875
84.6875
80.4375
81.1875
80.8125
78.6875
76.1875
73.5625
71.25
69.25
67.25
65.25
63.375
61.5625
59.9375
58.5625
57.25
56.0
55.0
53.9375
52.9375
52.0
51.1875
50.4375
49.8125
49.1875
48.5
47.8125
47.3125
46.875
46.375
45.75
45.0625
44.125
43.1875
42.5625
42.25
42.125
41.875
42.6875
48.9375
62.125
77.875
91.5
100.4375
106.3125
112.875
120.5
126.5
129.75
130.4375
130.5625
130.5
128.375
124.75
119.375
111.8125
101.4375
89.8125
82.4375
81.375
81.375
79.875
77.75
75.25
72.6875
70.5
68.5
66.75
65.0
63.3125
61.75
60.25
58.875
57.625
56.5
55.5
54.5
53.625
52.75
51.9375
51.25
50.5
49.75
49.0
48.3125
47.875
47.5
46.875
46.1875
45.25
44.25
43.4375
43.0625
42.875
42.8125
43.0
46.375
56.9375
72.375
87.5
98.375
105.125
111.3125
118.75
125.25
128.8125
131.75
134.375
134.25
132.4375
130.0
125.25
117.375
107.375
95.75
85.4375
81.5
81.8125
81.125
79.0625
76.5625
73.875
71.4375
69.25
67.25
65.375
63.5
61.75
60.125
58.625
57.375
56.25
55.1875
54.1875
53.25
52.375
51.625
50.875
50.3125
49.6875
49.0625
48.5625
48.1875
47.9375
47.5625
47.0625
46.3125
45.4375
44.6875
44.25
44.125
44.0
43.8125
44.75
51.0625
64.5625
80.5
93.75
102.0
107.9375
114.5
121.625
127.875
132.1875
133.6875
133.5
133.0
131.0625
127.3125
121.375
112.625
101.3125
89.5625
82.4375
81.9375
82.3125
80.6875
78.375
75.6875
73.125
71.0
69.0
67.0625
65.125
63.3125
61.5625
60.0625
58.6875
57.5
56.375
55.3125
54.25
53.25
52.375
51.5625
50.875
50.25
49.5625
48.8125
48.25
47.8125
47.4375
46.8125
46.1875
45.3125
44.4375
43.8125
43.4375
43.3125
43.1875
43.6875
48.9375
61.5625
77.5625
91.75
101.25
107.5625
114.375
121.875
127.0625
130.3125
133.1875
134.9375
134.625
132.5
128.4375
122.8125
115.3125
105.125
93.3125
84.8125
82.875
82.6875
81.0
78.8125
76.3125
73.9375
71.8125
70.0
67.875
65.5625
63.75
62.625
61.6875
60.875
60.375
62.3125
68.0625
74.4375
78.5625
80.0625
79.4375
77.6875
74.9375
71.0
65.875
60.3125
56.9375
56.875
57.6875
58.0
57.625
56.75
55.5625
54.5625
53.625
52.8125
52.0625
51.125
50.125
49.125
48.3125
47.5
46.8125
46.1875
45.5625
44.9375
44.3125
43.75
43.25
42.875
42.5
42.125
41.75
41.25
40.875
40.5
40.125
39.75
39.4375
39.1875
39.0
38.75
38.5
38.3125
38.375
38.375
38.25
37.875
37.25
36.625
36.1875
36.0
36.0
36.75
41.5625
54.5625
73.375
91.875
105.25
113.6875
122.1875
130.0625
134.4375
138.4375
141.8125
142.9375
143.0
141.25
137.8125
133.0625
125.875
116.0
103.9375
91.9375
85.375
84.6875
84.25
82.25
79.6875
76.875
74.1875
71.9375
69.875
67.8125
65.8125
63.9375
62.25
60.75
59.375
58.0625
56.875
55.8125
54.75
53.8125
52.875
52.0
51.25
50.625
49.9375
49.1875
48.5
48.0
47.4375
46.9375
46.3125
45.4375
44.4375
43.6875
43.1875
42.9375
42.75
42.8125
46.5
57.875
74.125
89.5625
100.3125
106.75
112.875
119.9375
126.25
130.5
133.375
134.5625
133.4375
131.75
129.0625
123.4375
115.0625
104.625
92.8125
83.75
81.4375
81.4375
80.0
77.75
75.375
73.0
71.0
69.1875
67.25
65.125
63.375
62.125
61.1875
60.375
60.0625
62.5625
69.125
76.1875
80.5625
82.0625
81.625
80.3125
78.3125
75.0625
70.1875
64.125
58.625
56.6875
57.25
57.8125
57.875
57.25
56.0625
54.75
53.6875
52.625
51.625
50.625
49.6875
48.6875
47.8125
47.0
46.25
45.5625
44.9375
44.3125
43.8125
43.3125
42.875
42.375
41.9375
41.5
41.0625
40.6875
40.3125
39.9375
39.625
39.25
38.875
38.625
38.375
38.1875
38.0
37.75
37.625
37.625
37.5
37.3125
37.0
36.375
35.8125
35.4375
35.25
35.25
36.125
41.6875
55.625
74.875
93.0625
106.0625
114.375
122.25
129.5625
134.5625
137.75
139.6875
141.75
142.0625
139.75
137.375
132.125
122.5625
111.5
99.4375
88.1875
83.1875
83.4375
82.8125
80.8125
78.3125
75.5625
73.0625
70.9375
68.9375
67.0
65.0
63.125
61.5
60.0
58.625
57.3125
56.1875
55.125
54.125
53.125
52.25
51.4375
50.6875
49.9375
49.375
48.75
48.0
47.4375
47.0
46.5625
46.125
45.5
44.625
43.6875
43.0
42.5
42.3125
42.0625
42.25
46.625
58.875
75.5625
90.75
101.0
107.5
114.0
121.0625
126.375
130.25
133.1875
134.1875
132.9375
130.5
127.4375
122.6875
114.5
103.5625
91.625
82.9375
81.0
81.3125
80.0625
77.875
75.5
73.0
70.75
68.6875
66.6875
64.8125
63.0
61.3125
59.8125
58.5
57.25
56.125
55.0625
54.0625
53.125
52.1875
51.4375
50.5625
49.75
49.0625
48.5
47.875
47.3125
46.8125
46.5625
46.25
45.6875
44.8125
43.9375
43.0
42.375
42.0625
42.0625
41.9375
42.75
48.5
61.6875
78.1875
92.5625
102.25
108.75
115.625
122.75
127.9375
131.125
133.125
134.3125
134.9375
133.5
129.5
123.9375
116.3125
105.6875
93.375
84.0
81.5625
82.0
80.8125
78.625
76.0
73.4375
71.125
69.0625
67.0625
65.0625
63.1875
61.375
59.75
58.3125
57.0625
55.875
54.75
53.6875
52.75
51.875
51.0
50.25
49.5625
49.0
48.375
47.625
46.9375
46.5
46.1875
45.8125
45.25
44.5625
43.6875
42.875
42.3125
42.0
41.875
41.625
42.1875
47.75
60.625
76.5625
90.75
100.25
106.375
112.75
119.75
125.625
129.625
131.4375
132.625
133.9375
132.625
127.875
120.5625
112.25
102.125
90.5625
82.4375
81.0
81.4375
80.1875
78.125
75.5625
73.0
70.6875
68.6875
66.625
64.75
63.0
61.3125
59.8125
58.4375
57.25
56.125
55.0
54.0
53.0625
52.25
51.5
50.75
50.0
49.375
48.6875
47.9375
47.1875
46.625
46.4375
46.375
46.125
45.375
44.5
43.5
42.75
42.3125
42.25
42.1875
41.9375
43.25
50.5
64.375
80.25
93.4375
102.1875
109.0
116.5625
123.5625
127.9375
130.75
132.5625
133.8125
134.5625
133.0625
128.5
121.75
113.3125
103.0625
91.75
83.5625
82.0625
82.375
80.875
78.5625
75.9375
73.3125
71.0625
69.0
66.9375
65.0625
63.1875
61.4375
59.9375
58.5
57.25
56.125
55.0
54.0
53.0
52.125
51.375
50.6875
50.0625
49.375
48.625
47.9375
47.5
47.1875
46.75
46.125
45.375
44.4375
43.6875
43.125
42.9375
42.8125
42.625
43.375
49.375
62.4375
78.25
91.875
101.0
107.375
114.125
121.25
126.875
130.0
132.0625
133.4375
133.25
131.75
128.25
122.4375
114.25
103.4375
91.4375
83.1875
81.875
82.125
80.5
78.3125
75.8125
73.3125
71.0625
69.0625
67.0625
65.1875
63.3125
61.5625
60.0625
58.6875
57.5
56.3125
55.1875
54.1875
53.25
52.375
51.5625
50.75
50.0
49.3125
48.8125
48.1875
47.4375
46.8125
46.4375
46.125
45.75
45.1875
44.375
43.4375
42.6875
42.1875
41.9375
41.875
41.625
43.1875
51.0625
65.4375
81.1875
94.25
102.6875
109.125
116.5625
123.875
128.8125
131.4375
132.625
133.6875
134.375
132.25
127.875
122.625
115.0625
104.0625
91.875
83.875
82.75
83.125
81.75
79.5
76.9375
74.375
72.1875
70.1875
68.1875
66.3125
64.5625
62.9375
61.4375
60.125
58.875
57.8125
56.8125
55.75
54.8125
53.875
52.875
51.9375
51.1875
50.375
49.6875
49.0
48.25
47.75
47.5
47.1875
46.625
45.9375
45.125
44.1875
43.5625
43.1875
43.125
43.0625
43.25
47.0
58.0
73.5
88.4375
99.1875
106.3125
113.0625
120.625
126.6875
130.1875
133.5
135.625
135.875
135.0
132.4375
127.9375
121.3125
111.625
99.9375
89.125
84.0
83.8125
82.875
80.5
78.0625
75.5625
73.375
71.5625
69.8125
67.75
65.5
63.75
62.625
61.875
61.0625
60.9375
64.1875
70.875
77.0625
80.625
81.75
81.1875
79.4375
76.75
72.625
67.1875
61.3125
57.6875
57.625
58.4375
58.625
58.25
57.3125
56.0
54.875
53.875
53.0
52.0625
51.1875
50.3125
49.375
48.5
47.75
47.125
46.5625
45.9375
45.4375
44.9375
44.4375
43.9375
43.5
43.0625
42.6875
42.3125
41.9375
41.625
41.25
40.8125
40.4375
40.125
39.8125
39.5625
39.375
39.25
39.0625
38.8125
38.625
38.625
38.6875
38.625
38.3125
37.6875
37.125
36.6875
36.4375
36.375
36.375
38.5
47.375
64.3125
83.75
99.8125
110.125
118.3125
127.5
134.4375
138.1875
140.9375
143.3125
144.8125
144.625
142.5625
138.375
132.0
123.8125
113.0625
99.75
88.5
84.6875
85.0625
83.9375
81.6875
79.1875
76.5
74.25
72.25
70.25
68.25
66.25
64.4375
62.8125
61.3125
59.9375
58.75
57.5625
56.5
55.5
54.625
53.75
52.875
52.125
51.375
50.8125
50.25
49.6875
49.0
48.4375
48.0625
47.9375
47.6875
47.0625
46.1875
45.1875
44.25
43.625
43.375
43.375
43.25
43.5625
48.3125
60.6875
77.125
92.0625
102.25
109.125
116.1875
123.9375
129.875
133.375
134.6875
135.5
136.625
135.75
132.3125
126.5
118.75
109.0625
97.4375
86.8125
82.3125
82.1875
81.125
79.0625
76.75
74.3125
72.125
70.3125
68.5625
66.4375
64.25
62.625
61.5625
60.8125
60.25
61.3125
66.375
73.4375
78.75
81.4375
82.125
81.25
79.4375
76.375
71.875
66.1875
60.25
57.125
57.375
58.0
58.125
57.625
56.5625
55.3125
54.1875
53.1875
52.3125
51.4375
50.4375
49.5
48.5625
47.8125
47.0625
46.375
45.75
45.1875
44.6875
44.1875
43.6875
43.25
42.875
42.4375
42.0
41.5625
41.1875
40.875
40.5
40.125
39.8125
39.4375
39.1875
38.9375
38.75
38.625
38.375
38.0625
38.0
38.0
37.875
37.6875
37.125
36.4375
35.9375
35.625
35.5625
35.5625
36.9375
44.3125
60.125
79.75
97.0625
108.625
116.5
124.0
131.1875
136.875
140.0625
141.6875
142.3125
141.9375
140.5
137.0625
131.125
122.9375
112.1875
99.6875
88.8125
84.3125
84.5
83.75
81.5625
78.9375
76.3125
74.0
71.875
69.875
67.875
65.875
64.125
62.5
61.0
59.75
58.625
57.5625
56.5625
55.625
54.6875
53.875
53.0625
52.3125
51.625
51.0
50.3125
49.5
48.6875
48.125
47.875
47.5
46.875
46.125
45.1875
44.25
43.625
43.3125
43.375
43.25
43.875
49.4375
62.6875
79.375
93.875
103.5
110.0
116.8125
124.0625
128.8125
131.9375
135.0625
136.0
134.9375
133.25
130.375
125.1875
117.1875
106.1875
94.0
84.625
81.75
82.0625
80.9375
78.6875
76.125
73.625
71.3125
69.25
67.25
65.25
63.5
61.8125
60.3125
58.875
57.625
56.4375
55.375
54.375
53.4375
52.5
51.625
50.8125
50.0625
49.4375
48.8125
48.1875
47.5
46.9375
46.5
46.1875
45.8125
45.375
44.625
43.8125
43.0625
42.5625
42.375
42.3125
42.1875
43.875
52.0625
67.125
83.6875
96.6875
105.0
111.5625
119.3125
126.625
130.3125
132.5
135.25
136.75
136.1875
134.5
130.0
122.875
114.3125
103.5625
91.625
83.6875
82.3125
82.375
80.75
78.5
76.0
73.5625
71.3125
69.25
67.3125
65.5
63.6875
62.0
60.5
59.1875
58.0
56.8125
55.8125
54.8125
53.9375
53.125
52.3125
51.5625
50.8125
50.25
49.625
48.9375
48.375
48.0
47.8125
47.5625
47.0625
46.3125
45.4375
44.625
44.125
43.9375
44.0
43.875
44.5
50.25
63.3125
79.3125
93.0
102.0
108.4375
115.375
123.0
129.3125
133.0625
134.75
135.75
135.1875
133.6875
131.375
126.5
118.375
107.625
95.0
85.5625
83.3125
83.5625
82.3125
80.25
77.75
75.25
72.9375
70.875
68.9375
67.0
65.125
63.3125
61.625
60.1875
58.9375
57.75
56.625
55.625
54.625
53.6875
52.875
52.125
51.5
50.9375
50.1875
49.4375
48.9375
48.5625
48.1875
47.6875
47.0625
46.1875
45.375
44.75
44.375
44.25
44.0625
44.3125
48.75
60.625
76.6875
91.4375
101.6875
108.625
115.875
123.6875
129.25
132.9375
135.5625
136.4375
136.5625
135.25
132.1875
127.9375
121.1875
110.6875
98.0
87.625
84.1875
84.75
84.0625
81.875
79.3125
76.625
74.1875
72.125
70.1875
68.25
66.3125
64.5625
62.875
61.1875
59.6875
58.5625
57.75
57.0
56.4375
55.5625
55.0
58.0625
68.0
81.6875
93.5625
101.1875
105.6875
109.625
113.8125
117.3125
119.4375
120.1875
118.6875
114.6875
108.75
100.375
90.0
80.75
77.1875
77.75
77.8125
76.625
74.625
72.25
70.125
68.1875
66.4375
64.75
63.0625
61.4375
59.9375
58.5625
57.4375
56.375
55.4375
54.625
53.8125
53.0
52.25
51.5
50.875
50.1875
49.625
49.0625
48.5
48.0
47.5625
47.125
46.6875
46.3125
45.9375
45.8125
45.8125
45.5625
45.0625
44.3125
43.4375
42.75
42.3125
42.25
42.1875
43.25
49.8125
65.0
83.9375
99.8125
110.0
117.4375
125.875
133.75
138.75
142.1875
144.4375
145.5625
145.4375
143.8125
141.4375
137.0
128.9375
117.625
104.1875
92.3125
87.375
87.875
87.125
84.5625
81.6875
78.875
76.4375
74.25
72.1875
70.125
68.0625
66.125
64.375
62.8125
61.4375
60.1875
59.0
57.875
56.8125
55.875
54.9375
54.125
53.375
52.75
52.125
51.375
50.6875
50.125
49.6875
49.3125
48.6875
47.8125
46.9375
46.125
45.625
45.4375
45.3125
45.25
48.125
58.3125
74.3125
90.125
101.5
108.625
114.9375
122.25
128.75
133.0625
135.625
137.5625
138.125
136.8125
134.1875
129.5625
122.0
112.0
100.3125
89.75
85.5
85.875
85.0
82.6875
80.0625
77.5625
75.375
73.3125
71.0625
68.75
66.5625
64.6875
63.1875
61.6875
60.3125
59.1875
58.125
57.0625
56.3125
55.6875
55.5625
58.9375
68.75
82.0
93.3125
100.375
104.5625
108.1875
112.0625
115.0
116.0625
115.0
112.0625
106.8125
98.875
89.0625
79.9375
75.625
76.375
77.0
76.0
74.125
71.875
69.75
67.875
66.125
64.5625
62.875
61.25
59.6875
58.1875
57.0
55.9375
54.9375
54.0
53.25
52.4375
51.625
50.875
50.1875
49.5
48.875
48.25
47.625
47.0
46.4375
45.9375
45.4375
44.9375
44.5625
44.25
43.875
43.5
43.25
43.1875
43.0625
42.75
42.3125
41.625
40.9375
40.5
40.375
40.375
41.0
46.0
59.4375
78.3125
95.875
107.9375
115.4375
123.375
132.375
138.5
142.0
144.5625
146.0
147.3125
147.375
144.3125
138.4375
130.4375
121.0
110.0
97.6875
89.4375
88.1875
87.8125
85.75
83.1875
80.375
77.625
75.25
73.0
70.875
68.8125
66.8125
65.0
63.375
61.9375
60.625
59.375
58.1875
57.125
56.125
55.25
54.375
53.5625
52.8125
52.125
51.375
50.625
50.0625
49.6875
49.1875
48.625
47.9375
47.0
46.125
45.5
45.1875
45.0625
45.0
46.75
55.1875
70.375
86.375
98.5625
106.1875
112.5625
119.8125
126.375
130.625
133.75
136.0625
137.125
136.25
134.0625
129.8125
122.6875
113.3125
101.9375
90.5
84.5
84.25
83.8125
81.8125
79.3125
76.625
74.1875
72.0625
70.0625
68.1875
66.25
64.4375
62.75
61.25
59.9375
58.75
57.6875
56.6875
55.6875
54.6875
53.8125
53.0
52.3125
51.6875
51.0625
50.375
49.875
49.625
49.25
48.75
48.125
47.25
46.3125
45.6875
45.4375
45.4375
45.25
45.5
49.9375
62.25
78.625
93.1875
102.875
109.5
116.3125
123.6875
129.4375
132.4375
135.3125
137.8125
138.1875
136.5
133.1875
127.9375
120.3125
109.9375
97.75
87.6875
84.625
84.875
83.5
81.1875
78.5
75.8125
73.5
71.375
69.375
67.375
65.4375
63.625
62.0
60.5
59.25
58.0625
56.9375
55.875
54.875
53.9375
53.125
52.3125
51.625
50.9375
50.25
49.5625
49.0625
48.6875
48.1875
47.5625
46.75
45.875
45.125
44.625
44.4375
44.375
44.375
47.5625
58.125
73.9375
89.3125
100.4375
107.4375
113.6875
120.75
127.375
131.875
134.25
135.9375
137.0
136.0
133.375
128.6875
121.25
111.4375
99.5
88.6875
84.25
84.375
83.5
81.4375
78.9375
76.3125
73.875
71.6875
69.625
67.625
65.75
63.9375
62.25
60.6875
59.25
58.0
56.8125
55.75
54.75
53.8125
53.0625
52.375
51.75
51.125
50.375
49.8125
49.3125
48.9375
48.5
47.875
47.125
46.3125
45.5625
45.125
44.9375
44.8125
44.75
47.3125
56.9375
72.5
88.25
99.8125
107.1875
114.0625
121.8125
127.875
131.75
135.0625
137.4375
137.1875
136.0
133.75
129.125
122.25
112.5
100.4375
89.4375
84.75
85.1875
84.5
82.1875
79.5625
76.875
74.5
72.3125
70.25
68.3125
66.3125
64.5
62.75
61.25
59.9375
58.6875
57.5625
56.4375
55.375
54.4375
53.6875
52.9375
52.1875
51.375
50.625
50.0625
49.6875
49.3125
48.6875
47.9375
47.0625
46.125
45.4375
45.0625
45.0
44.8125
44.8125
48.3125
59.3125
75.25
90.5625
101.3125
108.125
114.5625
121.875
128.25
132.4375
134.9375
136.3125
136.3125
135.625
133.5
128.5625
120.75
110.375
98.25
87.9375
84.375
84.6875
83.75
81.75
79.25
76.625
74.3125
72.25
70.25
68.1875
66.1875
64.375
62.75
61.125
59.5
58.3125
57.4375
56.75
56.125
55.3125
54.4375
55.8125
63.5625
76.8125
89.9375
99.125
104.375
108.5625
113.5
118.0625
120.75
121.3125
119.9375
116.5
111.25
103.9375
94.125
83.8125
77.625
77.375
77.875
76.9375
75.1875
72.9375
70.5625
68.5
66.5625
64.75
63.0625
61.3125
59.6875
58.25
57.0
56.0
55.0625
54.125
53.25
52.4375
51.6875
50.9375
50.25
49.625
49.0
48.375
47.8125
47.3125
46.8125
46.375
45.9375
45.5625
45.3125
45.25
45.125
44.8125
44.1875
43.375
42.6875
42.3125
42.25
42.25
42.25
44.875
55.25
73.0
91.1875
104.25
112.1875
119.5
127.875
133.875
138.0625
141.8125
144.1875
145.5625
144.875
141.875
137.0625
130.0
121.0
109.8125
97.1875
88.25
86.8125
87.1875
85.375
82.6875
79.75
76.9375
74.625
72.375
70.25
68.25
66.3125
64.5
62.8125
61.375
60.0625
58.875
57.75
56.625
55.625
54.625
53.75
53.0
52.3125
51.625
50.8125
50.0625
49.5625
49.125
48.6875
48.1875
47.4375
46.5
45.5625
44.9375
44.6875
44.6875
44.5
45.3125
51.5625
65.3125
81.6875
95.5625
104.5
110.6875
117.5
125.125
130.6875
133.6875
135.375
136.75
136.6875
134.8125
131.625
125.3125
116.0625
105.0625
93.3125
85.125
83.75
84.0
82.5
80.0625
77.25
74.625
72.4375
70.375
68.375
66.4375
64.5
62.75
61.1875
59.75
58.5
57.3125
56.1875
55.1875
54.25
53.3125
52.5
51.8125
51.1875
50.4375
49.625
49.0
48.625
48.25
47.75
47.0625
46.25
45.375
44.5625
43.9375
43.75
43.6875
43.375
44.75
52.5625
67.25
83.625
96.875
105.25
111.5
118.5
125.625
130.9375
134.3125
136.625
137.25
136.5
134.375
130.375
124.4375
115.6875
104.4375
92.375
84.6875
83.6875
83.875
82.25
79.875
77.1875
74.75
72.5
70.4375
68.4375
66.5
64.625
62.9375
61.4375
60.125
58.9375
57.8125
56.8125
55.8125
54.9375
54.0625
53.375
52.6875
52.0
51.1875
50.5625
50.1875
49.8125
49.1875
48.3125
47.3125
46.375
45.5625
44.9375
44.6875
44.625
44.4375
45.375
52.0625
65.8125
81.875
95.125
103.75
110.1875
117.625
124.5625
129.0
132.3125
135.5
136.875
136.3125
134.3125
130.0625
124.25
116.4375
105.625
93.5625
85.125
83.3125
83.5
82.0625
79.6875
77.0625
74.4375
72.1875
70.1875
68.1875
66.25
64.4375
62.6875
61.125
59.75
58.5
57.25
56.1875
55.1875
54.25
53.5
52.75
51.9375
51.0625
50.375
49.9375
49.5
48.875
48.1875
47.3125
46.3125
45.625
45.1875
44.9375
44.875
44.5625
46.25
54.5625
69.4375
85.375
97.875
105.5625
111.6875
118.8125
125.875
130.5625
133.0
134.3125
135.25
135.625
133.75
128.5625
121.375
112.8125
101.625
89.9375
83.8125
83.6875
83.4375
81.4375
78.9375
76.1875
73.6875
71.625
69.6875
67.75
65.9375
64.3125
63.0625
62.75
64.25
69.0
75.0
78.625
79.0625
77.875
76.0
73.375
69.625
64.6875
59.6875
57.25
57.125
57.0625
56.9375
56.5625
55.5
54.3125
53.25
52.25
51.3125
50.375
49.5625
48.8125
48.0625
47.4375
46.8125
46.1875
45.5625
45.0
44.4375
43.9375
43.5625
43.1875
42.8125
42.5
42.125
41.6875
41.375
41.0625
40.75
40.4375
40.0625
39.75
39.5
39.25
39.0625
38.8125
38.625
38.4375
38.125
37.9375
37.75
37.5
37.1875
36.875
36.625
36.375
36.0
35.75
35.625
35.4375
35.25
35.0625
34.875
34.75
34.6875
34.5625
34.5
34.5625
34.6875
34.5625
34.375
33.9375
33.4375
33.0
32.75
32.75
33.4375
37.625
49.25
67.3125
86.625
101.9375
111.125
118.875
127.125
134.5625
139.0625
141.125
143.5625
144.0625
142.125
139.875
134.9375
126.875
118.0
107.25
94.625
84.625
81.5625
81.75
80.625
78.625
76.0625
73.25
70.8125
68.625
66.6875
64.75
62.875
61.125
59.5625
58.1875
56.9375
55.8125
54.6875
53.6875
52.6875
51.75
50.875
50.125
49.5
48.875
48.125
47.375
46.8125
46.4375
46.0
45.5
44.8125
43.9375
43.125
42.5
42.125
42.0
41.8125
41.875
45.5625
56.3125
71.4375
85.9375
96.4375
102.9375
108.75
115.3125
121.0625
124.75
126.6875
127.25
127.3125
125.9375
121.6875
116.0
109.125
99.5625
88.0
78.625
75.875
76.375
75.6875
73.9375
71.75
69.3125
67.1875
65.25
63.5
61.8125
60.1875
58.5625
57.125
55.8125
54.625
53.5625
52.625
51.6875
50.875
50.1875
49.5
48.875
48.1875
47.5625
47.125
46.9375
46.625
46.0625
45.375
44.5
43.5
42.6875
42.25
42.0625
41.875
41.875
45.0
55.125
70.5
85.625
96.6875
103.5625
109.5
116.3125
122.375
125.9375
128.0
129.625
131.125
129.9375
125.8125
120.625
113.8125
104.375
93.0
82.4375
77.875
78.125
77.875
76.25
74.0625
71.4375
69.0625
66.9375
64.9375
62.9375
61.1875
59.5
57.9375
56.5
55.25
54.0625
53.0
52.0
51.0625
50.3125
49.625
49.0
48.1875
47.4375
46.9375
46.5
46.125
45.5625
44.875
44.0
43.1875
42.5625
42.1875
42.0
41.9375
42.0
45.4375
56.125
71.4375
86.25
97.125
103.9375
109.875
117.0625
123.375
126.6875
128.375
129.5625
130.125
128.9375
125.375
119.75
111.9375
101.8125
89.9375
80.5625
77.875
78.375
77.5
75.6875
73.5
71.0
68.875
66.9375
65.0625
63.1875
61.4375
59.875
58.375
57.0625
55.8125
54.6875
53.625
52.625
51.75
51.0
50.25
49.6875
49.0625
48.4375
47.8125
47.25
47.0625
46.9375
46.4375
45.8125
45.0
44.1875
43.4375
43.0
42.8125
42.6875
42.4375
44.1875
52.5625
67.1875
82.875
95.125
102.875
109.25
116.625
123.3125
127.0
129.75
132.875
133.375
131.9375
130.0
125.75
118.375
108.75
97.3125
86.0625
80.125
80.125
80.1875
78.5625
76.3125
73.6875
71.1875
69.125
67.1875
65.25
63.375
61.625
59.9375
58.4375
57.125
55.9375
54.8125
53.75
52.8125
51.875
51.0625
50.375
49.75
49.0
48.25
47.75
47.3125
46.875
46.3125
45.6875
44.8125
44.0
43.3125
42.9375
42.8125
42.6875
42.75
46.125
56.8125
72.25
87.125
97.9375
104.6875
110.625
117.8125
124.375
128.3125
130.1875
130.875
131.375
131.5
129.125
123.375
115.1875
105.125
93.4375
83.5
80.1875
80.75
80.0
78.0
75.625
73.125
70.8125
68.6875
66.6875
64.8125
62.9375
61.125
59.5
58.0
56.75
55.5625
54.5
53.5
52.5
51.6875
51.0
50.3125
49.5625
48.8125
48.1875
47.75
47.375
46.75
46.0625
45.1875
44.25
43.5
43.0
42.75
42.625
42.375
44.375
53.0625
67.875
83.5
95.6875
103.25
109.25
116.0
122.6875
127.5625
130.375
131.625
132.4375
132.25
129.625
124.8125
118.0
108.4375
96.625
85.75
80.875
81.0
80.625
78.8125
76.5625
73.9375
71.5625
69.375
67.375
65.5625
63.75
62.0625
60.5
59.0625
57.8125
56.6875
55.625
54.625
53.625
52.75
51.9375
51.1875
50.5625
49.6875
48.8125
48.0625
47.6875
47.4375
47.125
46.5625
45.6875
44.75
43.8125
43.125
42.8125
42.8125
42.75
43.0625
47.4375
59.125
75.0
89.625
99.8125
106.5625
113.0625
120.3125
125.8125
129.0625
131.6875
133.3125
133.375
132.375
128.9375
123.0
115.75
105.875
93.9375
84.3125
81.5
81.8125
80.625
78.4375
75.9375
73.3125
70.9375
68.875
66.9375
65.0625
63.25
61.5
60.0
58.5
57.25
56.0625
55.0
54.0
53.0
52.125
51.375
50.75
49.9375
49.125
48.5
48.0625
47.6875
47.0625
46.4375
45.5625
44.75
44.0
43.5625
43.375
43.25
43.0625
45.3125
54.5625
69.5625
85.0
96.75
103.9375
109.8125
116.8125
123.4375
127.5625
129.75
131.875
132.5625
130.875
128.125
124.375
117.6875
107.875
96.0625
85.4375
81.25
81.5625
80.75
78.8125
76.5
73.9375
71.625
69.4375
67.375
65.4375
63.5625
61.8125
60.1875
58.75
57.4375
56.25
55.125
54.125
53.125
52.3125
51.5625
50.8125
50.125
49.25
48.5
47.875
47.375
46.9375
46.4375
45.75
44.875
43.9375
43.25
42.8125
42.625
42.5625
42.4375
45.0625
54.625
70.0625
85.625
97.3125
104.5625
110.75
117.75
124.0
128.5625
132.1875
134.4375
134.375
132.375
129.0
124.5
118.5625
109.375
97.5625
86.6875
82.0625
82.1875
81.625
79.75
77.375
74.8125
72.5
70.4375
68.4375
66.5625
64.75
63.0625
61.3125
59.8125
58.375
57.125
56.0
55.0
54.0
53.125
52.1875
51.375
50.6875
49.875
49.125
48.5625
48.1875
47.875
47.3125
46.625
45.75
44.8125
44.0625
43.5625
43.375
43.3125
43.1875
45.0
53.25
67.875
83.625
96.0625
103.9375
110.1875
117.3125
124.1875
128.8125
131.8125
133.75
133.9375
133.5
131.8125
127.125
120.0
110.875
99.5625
88.1875
82.1875
81.875
81.6875
80.0
77.6875
75.0
72.5
70.3125
68.3125
66.375
64.5625
62.8125
61.125
59.5625
58.125
56.9375
55.8125
54.75
53.75
52.8125
51.9375
51.1875
50.5625
49.875
49.0625
48.3125
47.8125
47.5
47.0
46.4375
45.6875
44.875
44.0625
43.4375
43.1875
43.0
42.75
43.25
48.4375
60.9375
77.0625
91.375
101.0625
107.5
114.25
121.25
126.375
129.25
132.0
134.9375
134.6875
131.8125
128.5
122.9375
114.875
104.1875
92.0
83.125
81.125
81.375
80.0625
77.9375
75.4375
72.875
70.6875
68.6875
66.75
64.875
63.0625
61.375
59.8125
58.375
57.1875
56.125
55.0625
54.0625
53.125
52.25
51.5
50.8125
50.125
49.5
48.8125
48.1875
47.8125
47.625
47.3125
46.6875
45.875
44.9375
44.125
43.625
43.4375
43.4375
43.25
43.375
47.6875
59.4375
75.25
89.5625
99.5
106.0625
112.6875
120.0625
125.6875
129.0
131.8125
133.9375
134.375
133.0
129.6875
123.9375
116.0625
106.25
94.5625
84.5625
81.4375
82.0
81.0625
79.0
76.5
73.875
71.4375
69.25
67.25
65.3125
63.5625
61.8125
60.25
58.8125
57.5625
56.3125
55.1875
54.125
53.1875
52.3125
51.5625
50.875
50.1875
49.375
48.625
48.0625
47.6875
47.3125
46.75
46.0625
45.125
44.3125
43.625
43.25
43.125
42.9375
42.9375
46.25
56.875
72.5
87.75
98.75
105.5625
111.75
119.125
125.8125
129.5
131.5625
133.1875
134.0625
133.25
130.0
124.3125
116.5625
106.5
94.625
84.4375
80.6875
81.0625
80.25
78.25
75.875
73.375
71.1875
69.1875
67.1875
65.3125
63.5
61.8125
60.1875
58.8125
57.5625
56.4375
55.375
54.375
53.375
52.625
51.8125
51.0625
50.4375
49.875
49.3125
48.6875
48.125
47.75
47.5625
47.375
46.8125
46.0625
45.125
44.25
43.5625
43.1875
43.0625
42.75
43.1875
48.3125
60.75
76.6875
90.875
100.5625
107.0
113.875
121.9375
127.9375
131.0625
133.5
135.4375
135.4375
133.3125
129.6875
124.25
116.4375
106.3125
94.5625
84.8125
82.0625
82.75
81.75
79.5
76.9375
74.125
71.75
69.6875
67.6875
65.75
63.875
62.0625
60.4375
58.9375
57.6875
56.4375
55.375
54.3125
53.375
52.4375
51.6875
51.0625
50.375
49.5625
48.875
48.375
47.9375
47.4375
46.875
46.1875
45.3125
44.4375
43.8125
43.4375
43.1875
43.0625
43.0625
46.375
56.9375
72.4375
87.4375
98.375
105.25
111.5
118.4375
124.5
128.5625
131.5625
133.375
133.25
132.0
129.625
125.375
118.125
107.5625
95.25
84.8125
81.125
81.5625
81.0
79.0625
76.6875
74.125
71.75
69.75
67.75
65.9375
64.1875
62.4375
60.875
59.4375
58.1875
57.125
56.125
55.1875
54.25
53.4375
52.6875
51.9375
51.25
50.5625
49.8125
49.25
48.875
48.5625
48.125
47.375
46.5
45.4375
44.4375
43.8125
43.625
43.5625
43.375
44.125
50.375
63.75
79.8125
93.5
102.1875
108.4375
115.4375
123.0
128.6875
131.625
133.0625
134.6875
134.875
133.0625
129.875
124.4375
116.3125
105.6875
93.5625
84.5
82.25
82.4375
81.1875
79.0
76.4375
73.875
71.5625
69.5
67.5
65.5625
63.75
62.0
60.4375
58.9375
57.6875
56.5625
55.375
54.375
53.375
52.5
51.75
51.0
50.375
49.6875
48.9375
48.1875
47.6875
47.3125
47.0
46.5
45.75
44.875
43.9375
43.375
43.0625
42.9375
42.6875
42.9375
47.3125
59.1875
75.125
89.875
100.0
106.375
112.875
120.375
126.75
130.875
133.375
133.8125
132.875
131.375
129.0
124.375
116.9375
106.6875
94.5625
84.5625
81.5625
82.125
81.25
79.25
76.75
74.125
71.8125
69.8125
67.875
66.125
64.3125
62.5625
61.0
59.5625
58.375
57.25
56.1875
55.125
54.1875
53.4375
52.6875
52.0625
51.375
50.625
50.0625
49.6875
49.4375
49.0
48.1875
47.0625
46.0
45.0625
44.5
44.25
44.1875
43.9375
44.4375
50.125
63.0625
79.0625
92.8125
101.75
107.8125
114.25
121.4375
127.4375
131.0625
132.9375
133.5625
133.4375
132.0625
128.9375
123.6875
115.375
104.3125
92.25
83.5625
81.8125
82.3125
81.0625
78.875
76.3125
73.8125
71.5
69.5
67.5
65.5
63.625
61.875
60.3125
58.875
57.625
56.4375
55.3125
54.25
53.3125
52.4375
51.625
50.8125
50.125
49.5
48.875
48.1875
47.4375
47.0
46.625
46.25
45.6875
44.9375
44.0
43.3125
42.8125
42.5625
42.4375
42.1875
43.4375
50.625
64.75
80.875
94.1875
102.75
109.125
116.4375
124.125
129.6875
131.9375
133.25
133.375
132.625
131.6875
129.0625
123.0625
113.625
102.625
91.1875
83.125
81.8125
82.25
80.8125
78.5
75.875
73.3125
71.125
69.0625
67.0625
65.1875
63.375
61.75
60.25
58.9375
57.6875
56.5
55.5
54.5
53.5625
52.6875
51.9375
51.25
50.5625
49.9375
49.1875
48.6875
48.375
48.125
47.6875
46.875
45.9375
45.0
44.125
43.75
43.625
43.5625
43.1875
44.1875
51.0
64.875
80.8125
94.0
102.4375
108.625
115.5
122.375
128.0
131.25
133.125
134.4375
133.9375
131.625
127.875
121.9375
113.5
102.875
90.9375
82.6875
81.5625
82.125
80.9375
78.9375
76.5
73.9375
71.5625
69.375
67.25
65.1875
63.375
61.6875
60.125
58.75
57.5
56.3125
55.5
54.875
54.1875
55.25
61.5625
72.8125
84.0625
92.125
96.625
99.3125
101.9375
104.0625
104.5625
103.0625
99.6875
94.25
86.375
77.1875
70.25
68.875
69.8125
69.625
68.5625
66.875
64.875
63.125
61.5625
60.0625
58.625
57.1875
55.8125
54.5625
53.375
52.3125
51.4375
50.5625
49.75
49.0
48.25
47.5625
46.9375
46.25
45.625
45.125
44.625
44.0625
43.5625
43.0
42.5
42.0625
41.625
41.25
40.875
40.625
40.3125
39.9375
39.5625
39.375
39.25
39.1875
38.875
38.375
37.625
37.0
36.5625
36.4375
36.4375
37.75
44.875
60.0
78.6875
95.25
106.25
113.3125
121.5
129.8125
135.5625
138.6875
139.9375
140.5
140.75
140.0
137.1875
131.0625
122.6875
112.875
101.1875
89.75
83.9375
83.8125
83.3125
81.3125
78.875
76.4375
74.1875
72.0625
69.8125
67.5625
65.5625
63.9375
62.5
60.9375
59.3125
57.9375
56.75
55.6875
55.0625
54.625
54.375
57.0625
65.75
78.125
88.75
95.75
99.625
102.9375
106.4375
109.125
109.875
108.6875
105.5625
100.125
92.3125
82.75
73.625
69.75
70.375
70.8125
70.0625
68.6875
66.875
65.0
63.3125
61.625
60.0625
58.5
56.9375
55.4375
54.1875
53.0
52.0
51.0625
50.125
49.3125
48.625
47.875
47.125
46.5
45.875
45.25
44.75
44.1875
43.625
43.125
42.625
42.125
41.625
41.25
40.9375
40.625
40.3125
39.9375
39.6875
39.5625
39.4375
39.3125
38.9375
38.375
37.625
37.125
36.8125
36.6875
36.9375
39.9375
50.375
67.6875
86.25
100.625
109.25
116.1875
124.5625
131.625
136.6875
139.75
140.75
140.25
139.4375
138.375
134.5625
127.3125
117.75
106.625
94.1875
84.4375
81.75
82.125
80.875
78.5625
75.9375
73.1875
70.8125
68.6875
66.625
64.625
62.6875
60.875
59.3125
57.9375
56.6875
55.5625
54.5
53.5
52.5
51.6875
50.8125
50.0625
49.375
48.75
48.125
47.4375
46.875
46.5
46.1875
45.875
45.25
44.375
43.4375
42.75
42.375
42.3125
42.3125
42.1875
44.4375
53.625
68.9375
84.375
95.75
102.8125
108.9375
116.0
122.1875
126.0625
128.875
130.875
130.6875
128.5
125.9375
122.1875
116.0
107.125
95.9375
84.875
79.3125
79.25
78.9375
77.25
75.0625
72.625
70.25
68.0625
66.0625
64.0625
62.125
60.375
58.8125
57.4375
56.25
55.0625
53.875
52.875
51.875
51.0625
50.25
49.4375
48.6875
48.125
47.5
46.75
46.0
45.5625
45.1875
44.8125
44.375
43.75
42.875
42.0625
41.4375
41.125
41.125
41.0
41.6875
47.1875
60.0
76.1875
90.5625
100.3125
106.9375
114.0625
121.375
126.0
128.5
130.375
132.625
133.3125
131.1875
127.5625
121.875
113.9375
104.0625
92.25
82.5
79.5
79.625
78.5625
76.5625
74.3125
72.0
69.8125
67.8125
66.0
64.1875
62.4375
60.75
59.25
57.9375
56.6875
55.5
54.125
52.8125
51.6875
51.0625
50.625
50.3125
49.625
48.9375
51.25
60.3125
74.125
87.5
96.9375
102.125
106.375
111.0625
115.5
119.0
120.6875
120.375
118.6875
115.4375
109.0
100.0625
89.625
79.6875
75.0
75.25
75.375
74.1875
72.3125
70.0
67.6875
65.75
63.875
62.125
60.375
58.75
57.25
55.875
54.6875
53.625
52.5625
51.6875
50.875
50.0625
49.25
48.5
47.875
47.1875
46.5625
46.0
45.4375
44.875
44.375
43.9375
43.5625
43.1875
42.8125
42.5625
42.5
42.4375
42.0625
41.375
40.5
39.6875
39.125
39.0625
39.125
39.1875
41.0625
49.4375
65.125
82.8125
97.125
106.0
112.9375
121.375
128.4375
132.0625
135.1875
137.8125
138.5
137.375
134.6875
130.5
125.125
117.0
105.8125
93.5
84.0
81.375
81.8125
80.625
78.3125
75.75
73.0
70.6875
68.625
66.5625
64.625
62.6875
61.0
59.5
58.0
56.75
55.5625
54.5
53.5
52.5
51.625
50.75
49.9375
49.1875
48.625
48.0
47.3125
46.6875
46.1875
45.8125
45.375
44.8125
44.125
43.25
42.4375
41.875
41.625
41.5625
41.4375
42.625
49.5
63.1875
78.9375
92.125
100.5625
106.5
113.125
119.75
124.875
128.25
129.4375
130.0625
130.0625
127.3125
122.875
117.0625
108.625
97.375
85.625
78.8125
78.375
78.625
77.25
75.0625
72.5
70.125
68.0625
66.0625
64.0625
62.3125
60.5625
59.0
57.5
56.25
55.0625
54.0625
53.125
52.125
51.25
50.5
49.75
49.0625
48.5
47.9375
47.375
46.75
46.1875
45.875
45.75
45.4375
44.6875
43.8125
42.75
41.8125
41.3125
41.125
41.125
40.9375
41.8125
47.8125
60.9375
76.75
90.4375
99.5625
105.8125
112.5625
119.625
124.8125
128.1875
130.625
131.875
131.0625
129.0625
125.5625
119.0
110.4375
100.375
89.0
80.5
78.5625
78.875
77.75
75.8125
73.4375
70.875
68.6875
66.6875
64.75
62.8125
61.0
59.25
57.75
56.375
55.125
54.0625
53.0
52.0
51.0
50.125
49.375
48.625
47.9375
47.3125
46.75
46.0625
45.4375
45.0
44.625
44.1875
43.625
42.9375
42.0625
41.3125
40.8125
40.5
40.375
40.25
41.625
49.0
62.8125
78.25
91.125
99.25
105.0625
111.8125
118.375
122.75
126.0625
128.125
127.9375
126.3125
124.375
121.3125
115.875
107.25
95.875
84.25
77.875
77.4375
77.4375
76.125
74.1875
71.8125
69.625
67.625
65.75
63.9375
62.25
60.5
59.0
57.5625
56.3125
55.125
54.125
53.125
52.1875
51.3125
50.5
49.75
49.0625
48.5
47.8125
47.0625
46.4375
46.0625
45.6875
45.1875
44.5
43.6875
42.75
41.9375
41.3125
41.0625
41.0
40.8125
41.625
47.5
60.3125
75.9375
89.625
98.6875
105.0625
112.125
118.9375
123.9375
127.5
128.5
128.0625
128.0
126.9375
123.875
118.375
110.125
99.6875
88.4375
80.0625
78.125
78.4375
77.3125
75.375
73.125
70.625
68.3125
66.25
64.375
62.4375
60.625
58.9375
57.4375
56.0625
54.8125
53.75
52.6875
51.6875
50.6875
49.75
48.9375
48.1875
47.4375
46.75
46.125
45.5
44.8125
44.25
43.875
43.5
43.125
42.4375
41.5625
40.8125
40.25
40.0
40.0
39.875
40.375
45.1875
57.25
72.9375
87.25
97.125
103.625
110.125
116.8125
121.8125
125.4375
128.1875
129.0
128.3125
127.375
123.75
117.3125
109.6875
99.8125
88.3125
79.875
78.0
78.25
77.125
75.125
72.75
70.375
68.375
66.4375
64.5625
62.6875
60.875
59.1875
57.6875
56.375
55.1875
54.1875
53.125
52.0625
51.0625
50.125
49.3125
48.5625
47.9375
47.375
46.75
46.0
45.375
45.0
44.75
44.375
43.75
42.9375
42.0625
41.25
40.8125
40.6875
40.625
40.5625
42.0
49.375
63.25
78.75
91.5625
99.875
105.875
112.625
119.4375
123.875
126.6875
129.4375
130.5625
129.5625
126.875
121.75
114.75
106.5
96.375
85.6875
79.0625
78.3125
78.25
76.75
74.6875
72.3125
70.0
67.9375
66.0
64.0625
62.3125
60.5625
58.9375
57.4375
56.125
54.9375
53.875
52.8125
51.8125
50.9375
50.1875
49.375
48.625
48.0
47.4375
46.8125
46.125
45.625
45.1875
44.875
44.375
43.8125
43.0625
42.25
41.5625
41.1875
41.0
40.875
41.125
45.0
56.0625
71.625
86.4375
97.0
103.625
109.75
117.1875
123.5
127.25
129.8125
130.625
129.5
127.9375
125.3125
120.625
113.3125
103.0
91.125
81.8125
79.25
80.0
79.0625
76.875
74.4375
71.9375
69.75
67.8125
65.9375
64.1875
62.375
60.6875
59.125
57.6875
56.4375
55.375
54.3125
53.25
52.25
51.375
50.5
49.75
49.0
48.375
47.75
47.0
46.375
45.9375
45.5
45.0625
44.5625
43.875
43.0
42.3125
41.9375
41.75
41.6875
41.625
44.0
53.1875
68.25
83.8125
95.6875
103.0
109.0625
116.4375
123.4375
127.875
130.5625
131.8125
131.375
130.6875
129.3125
125.375
118.5
109.125
97.5625
86.5
81.5
81.9375
81.8125
79.875
77.4375
74.8125
72.4375
70.3125
68.25
66.3125
64.5
62.75
61.125
59.6875
58.375
57.1875
56.0
54.9375
53.9375
53.0
52.125
51.375
50.625
50.0
49.375
48.6875
48.0625
47.625
47.25
46.8125
46.1875
45.4375
44.5625
43.8125
43.3125
43.0625
43.0
42.9375
45.4375
54.875
70.25
85.875
97.5625
104.875
111.0
118.125
125.0625
129.8125
132.375
133.8125
134.5
133.875
131.75
127.625
120.5
110.875
99.25
88.0625
82.8125
82.875
82.5
80.625
78.375
75.8125
73.4375
71.375
69.3125
67.3125
65.375
63.5625
61.875
60.375
59.0625
57.8125
56.75
55.75
54.75
53.75
52.9375
52.1875
51.5
50.8125
50.125
49.4375
48.9375
48.4375
48.0
47.5625
46.9375
46.0625
45.25
44.5625
44.125
43.9375
43.75
43.6875
46.5625
56.625
72.375
88.0625
99.4375
106.5625
112.9375
120.3125
126.75
130.5
132.625
133.8125
134.6875
134.3125
132.0
127.6875
120.1875
110.375
98.625
87.5625
83.125
83.5
82.875
80.875
78.5
75.9375
73.625
71.5625
69.625
67.75
65.875
64.125
62.5625
61.0625
59.8125
58.625
57.5
56.5
55.5
54.625
53.8125
53.0625
52.4375
51.6875
51.0
50.5
50.0625
49.6875
49.3125
48.75
47.875
46.9375
46.1875
45.6875
45.5
45.375
45.0625
46.0
52.9375
67.0625
83.3125
96.25
104.375
110.9375
118.5
125.5
129.875
132.8125
135.1875
136.0625
135.875
133.75
128.9375
122.6875
114.6875
104.0625
92.4375
85.3125
84.625
84.5
82.5
80.0625
77.4375
75.0
72.875
70.875
68.9375
67.0
65.1875
63.4375
61.875
60.4375
59.1875
58.0625
57.0
55.9375
54.9375
54.0
53.25
52.5
51.875
51.25
50.5
49.875
49.375
49.0
48.5
47.875
47.125
46.25
45.4375
45.0
44.75
44.5625
44.625
47.6875
58.25
74.3125
89.9375
101.0625
107.875
114.25
122.25
129.75
133.8125
135.4375
136.5625
137.5
136.8125
134.0
129.25
122.25
112.5625
100.6875
89.8125
85.25
85.4375
84.5625
82.375
79.875
77.3125
74.9375
72.6875
70.5625
68.5
66.5
64.75
63.0625
61.5625
60.1875
58.9375
57.8125
56.75
55.75
54.8125
53.9375
53.1875
52.4375
51.75
50.9375
50.3125
49.8125
49.3125
48.8125
48.1875
47.5
46.6875
45.9375
45.375
45.0
44.8125
44.5625
45.4375
52.25
66.3125
82.75
96.3125
104.8125
110.875
118.0
125.875
131.1875
134.1875
136.4375
136.9375
136.4375
134.5625
131.375
125.75
116.6875
105.125
93.1875
85.4375
84.5
84.875
83.375
80.9375
78.25
75.6875
73.5
71.5
69.5625
67.625
65.75
63.9375
62.4375
61.125
59.875
58.6875
57.5625
56.5625
55.625
54.75
54.0625
53.375
52.6875
51.9375
51.3125
50.9375
50.5625
50.1875
49.625
48.875
48.0
47.0
46.3125
45.9375
45.6875
45.5
45.875
51.0
63.875
80.375
94.75
103.875
110.125
117.125
125.25
131.6875
135.375
137.4375
137.5625
137.0625
136.9375
134.25
128.1875
120.1875
109.5625
97.1875
87.5
85.0625
85.75
84.4375
82.0
79.4375
76.8125
74.5
72.4375
70.375
68.3125
66.3125
64.5
62.875
61.4375
60.125
58.875
57.75
56.625
55.625
54.75
53.9375
53.1875
52.5625
51.8125
51.0625
50.5
50.0
49.5
49.0
48.375
47.5
46.625
45.9375
45.5
45.25
45.125
45.3125
49.75
62.1875
78.75
93.625
103.625
110.25
116.9375
124.4375
130.25
134.0625
136.3125
137.5625
137.875
136.25
133.0625
128.9375
122.4375
111.875
98.75
88.375
85.375
85.6875
84.4375
82.1875
79.5625
76.9375
74.5625
72.3125
70.3125
68.3125
66.375
64.625
62.9375
61.4375
60.1875
59.0
57.9375
56.9375
55.9375
55.0625
54.3125
53.625
52.9375
52.1875
51.5625
51.0625
50.6875
50.25
49.625
48.875
48.0
47.1875
46.625
46.375
46.3125
46.125
46.5625
51.875
65.125
81.875
96.0625
105.0625
111.5
118.6875
126.25
131.6875
135.375
138.25
139.125
138.3125
136.625
133.375
128.0625
120.0625
109.125
96.8125
87.9375
86.375
86.8125
85.1875
82.6875
80.0
77.375
75.1875
73.3125
71.125
68.75
66.8125
65.5
64.5
63.625
63.4375
66.1875
72.5
78.625
81.75
82.25
80.9375
78.5
75.0625
70.3125
64.5
59.625
58.375
59.125
59.5625
59.4375
58.6875
57.4375
56.3125
55.3125
54.375
53.5625
52.6875
51.75
50.875
50.0625
49.3125
48.625
48.0
47.375
46.75
46.1875
45.75
45.25
44.8125
44.3125
43.875
43.4375
43.0625
42.6875
42.25
42.0
41.6875
41.3125
41.0625
40.875
40.6875
40.375
40.125
40.0625
40.0625
39.9375
39.75
39.3125
38.6875
38.1875
37.875
37.6875
37.625
38.375
44.125
58.8125
79.0625
97.6875
110.0
117.375
125.6875
135.0625
140.8125
143.6875
146.25
147.0
146.5625
144.9375
141.1875
135.0625
126.9375
117.0
104.875
92.9375
87.375
87.4375
86.5625
84.125
81.25
78.375
75.8125
73.5625
71.3125
69.3125
67.3125
65.375
63.6875
62.25
61.0
59.75
58.5625
57.5
56.5
55.625
54.6875
53.875
53.1875
52.4375
51.625
50.875
50.375
50.0625
49.75
49.1875
48.375
47.5
46.625
46.0
45.75
45.6875
45.5
45.75
50.5625
63.5
80.5625
95.1875
104.3125
110.3125
117.0625
124.75
130.625
133.6875
135.1875
136.125
136.4375
135.125
130.6875
123.9375
115.375
104.8125
92.75
84.375
83.0
83.125
81.4375
79.0
76.4375
73.9375
71.875
70.125
68.25
66.0625
64.0
62.625
61.8125
61.0625
60.6875
62.875
69.0
75.75
79.9375
81.5
81.0
79.125
76.25
72.1875
66.75
60.8125
57.0
56.875
57.6875
57.9375
57.625
56.6875
55.4375
54.3125
53.3125
52.5
51.625
50.6875
49.75
48.875
48.125
47.375
46.625
45.9375
45.3125
44.8125
44.3125
43.875
43.375
43.0
42.5625
42.1875
41.8125
41.4375
41.0625
40.6875
40.375
40.0
39.75
39.5625
39.375
39.125
38.875
38.75
38.75
38.6875
38.5625
38.125
37.5
36.9375
36.5625
36.375
36.4375
38.25
46.5625
63.5625
83.875
100.875
111.5625
119.5625
127.5625
133.875
139.25
142.25
143.375
144.625
144.0625
142.125
138.25
130.8125
121.0
109.625
97.125
87.5625
84.9375
85.0625
83.6875
81.4375
78.6875
76.0
73.6875
71.5625
69.5625
67.5625
65.5625
63.8125
62.25
60.75
59.5
58.3125
57.25
56.1875
55.1875
54.25
53.4375
52.625
52.0
51.375
50.625
50.0625
49.75
49.375
48.9375
48.25
47.375
46.5
45.8125
45.4375
45.3125
45.25
45.125
48.0
58.625
75.125
91.0
101.75
108.25
114.1875
121.125
127.8125
132.1875
134.5
136.0
136.0
133.375
129.5625
124.8125
117.75
107.5625
95.4375
85.625
82.75
83.0
81.6875
79.3125
76.75
74.1875
72.0
70.1875
68.5
66.4375
64.25
62.625
61.625
60.9375
60.3125
61.375
66.4375
73.6875
79.25
81.8125
82.25
81.125
79.0
75.75
70.9375
64.9375
59.1875
56.875
57.5625
58.25
58.3125
57.75
56.5625
55.3125
54.25
53.3125
52.4375
51.5625
50.625
49.625
48.8125
48.0625
47.3125
46.625
45.875
45.375
44.8125
44.25
43.75
43.3125
42.875
42.4375
42.0
41.625
41.25
40.9375
40.625
40.25
39.9375
39.6875
39.5625
39.3125
39.0
38.8125
38.8125
38.75
38.625
38.3125
37.75
37.125
36.6875
36.4375
36.375
36.9375
41.5
54.6875
74.25
93.4375
107.0
115.25
123.125
131.375
136.9375
140.5625
142.5
142.75
143.75
142.375
137.5625
132.0625
125.0625
115.0
102.5625
90.4375
84.125
83.75
83.3125
81.4375
79.0
76.3125
73.75
71.5
69.5
67.5
65.625
63.8125
62.1875
60.75
59.375
58.125
56.9375
55.8125
54.875
54.0
53.125
52.375
51.6875
51.0
50.3125
49.6875
49.1875
48.875
48.5
48.0625
47.4375
46.5
45.5
44.875
44.5625
44.375
44.125
44.125
47.8125
59.4375
76.25
91.8125
102.25
108.875
115.5625
123.25
128.5625
131.0625
133.3125
134.875
135.0625
132.6875
128.0
122.1875
114.1875
103.8125
91.9375
82.9375
81.0
81.375
79.875
77.5625
75.125
72.75
70.6875
68.875
67.25
65.1875
63.0
61.5
60.5625
59.875
59.3125
60.75
66.1875
73.375
78.625
81.1875
81.4375
80.25
78.125
74.75
69.9375
63.875
58.375
56.1875
56.75
57.25
57.3125
56.75
55.6875
54.5
53.4375
52.5
51.625
50.8125
49.9375
49.0
48.125
47.375
46.6875
46.0625
45.375
44.8125
44.25
43.75
43.1875
42.6875
42.25
41.8125
41.4375
41.0625
40.6875
40.3125
40.0
39.625
39.3125
39.0625
38.875
38.75
38.5
38.25
38.1875
38.125
38.0625
37.875
37.4375
36.75
36.25
35.9375
35.8125
35.9375
38.0
46.8125
63.8125
83.625
100.125
110.5625
118.4375
126.4375
132.625
136.875
140.4375
142.125
141.5
141.75
141.0
136.125
127.9375
118.25
106.8125
94.5
85.6875
83.5625
83.5625
82.0625
79.6875
77.125
74.5625
72.375
70.375
68.375
66.375
64.5625
62.8125
61.3125
59.875
58.625
57.4375
56.3125
55.3125
54.3125
53.5
52.6875
51.9375
51.3125
50.6875
50.0
49.375
48.9375
48.75
48.375
47.875
47.125
46.1875
45.3125
44.6875
44.4375
44.375
44.125
44.625
50.375
64.0
80.8125
95.0
104.0
110.125
117.0
124.5625
129.3125
131.375
133.375
135.0
134.6875
131.5
126.625
120.8125
112.875
102.0
90.25
82.625
81.5
81.5
80.0
77.75
75.3125
72.8125
70.6875
68.6875
66.75
64.8125
63.0
61.3125
59.75
58.375
57.125
56.0
54.875
53.875
52.9375
52.0
51.25
50.5625
49.9375
49.3125
48.625
48.0
47.5
47.125
46.75
46.1875
45.5625
44.6875
43.875
43.3125
43.0
42.9375
42.875
44.625
53.0625
68.5625
85.125
98.0
106.0
112.0625
119.4375
126.8125
130.75
133.1875
135.9375
136.8125
134.875
131.75
128.6875
123.0
113.25
100.875
89.0
82.8125
82.5
82.3125
80.625
78.375
75.8125
73.5
71.25
69.1875
67.1875
65.3125
63.5
61.8125
60.25
58.8125
57.5625
56.4375
55.375
54.375
53.4375
52.6875
51.9375
51.25
50.625
49.9375
49.1875
48.625
48.1875
47.8125
47.375
46.75
45.9375
45.0625
44.375
43.9375
43.75
43.5625
43.625
47.1875
58.1875
74.1875
89.375
100.3125
107.4375
114.0
121.1875
127.0625
130.9375
132.625
133.1875
133.875
132.625
130.125
125.9375
117.8125
107.25
95.625
86.0
83.125
83.4375
82.3125
80.375
78.125
75.625
73.4375
71.5
69.6875
67.8125
66.0625
64.375
62.9375
61.6875
60.5
59.25
57.9375
56.6875
55.6875
54.9375
54.4375
54.125
53.5625
52.875
54.3125
61.9375
75.6875
89.6875
99.6875
105.5
110.3125
115.5
120.1875
123.75
125.75
126.25
125.3125
122.3125
117.0625
109.1875
98.375
87.1875
80.6875
80.3125
80.8125
79.5
77.5625
75.125
72.75
70.5625
68.5625
66.75
65.0
63.25
61.625
60.0625
58.75
57.625
56.5
55.5
54.5
53.5625
52.6875
51.9375
51.25
50.5
49.75
49.0625
48.375
47.8125
47.3125
46.875
46.5
46.0
45.5625
45.25
45.0
44.75
44.4375
43.75
42.9375
42.25
41.875
41.6875
41.625
42.125
46.75
59.6875
77.9375
94.75
106.3125
113.6875
121.0
129.0625
134.9375
139.625
142.6875
143.125
142.6875
141.4375
138.5
133.8125
125.875
115.8125
104.1875
92.6875
87.0
86.9375
86.0625
83.625
81.0
78.3125
75.9375
73.75
71.6875
69.8125
67.9375
66.25
64.875
64.0625
64.25
66.625
71.375
75.3125
76.4375
75.3125
73.125
70.0625
65.9375
61.0625
57.375
56.625
56.6875
56.4375
56.125
55.4375
54.375
53.3125
52.375
51.375
50.5625
49.8125
49.0625
48.3125
47.625
47.0625
46.5
45.9375
45.375
44.8125
44.25
43.8125
43.375
43.0
42.6875
42.4375
42.0625
41.75
41.375
41.0
40.6875
40.375
40.125
39.8125
39.5625
39.375
39.125
38.9375
38.6875
38.5
38.3125
38.125
37.9375
37.75
37.5
37.25
37.0
36.6875
36.375
36.125
35.875
35.625
35.4375
35.3125
35.0625
34.8125
34.625
34.5
34.5
34.5
34.375
34.375
34.4375
34.5
34.375
34.25
33.875
33.3125
32.875
32.625
32.5625
33.3125
37.75
49.875
68.1875
87.4375
102.625
112.0
120.0
128.375
134.8125
138.1875
140.5
142.0625
141.9375
141.1875
139.5
134.8125
126.6875
117.3125
106.9375
94.8125
84.6875
81.4375
81.5
80.375
78.25
75.6875
73.0
70.625
68.5
66.4375
64.5
62.6875
60.875
59.3125
57.875
56.625
55.375
54.3125
53.3125
52.3125
51.375
50.5
49.6875
49.0
48.375
47.75
47.0625
46.4375
45.9375
45.5625
45.125
44.625
43.9375
43.0625
42.25
41.6875
41.375
41.3125
41.1875
42.625
50.0
63.8125
79.125
91.625
99.6875
105.5
112.0
118.1875
122.1875
125.375
127.125
127.375
126.625
124.3125
119.1875
112.1875
103.9375
93.3125
82.4375
76.625
76.125
75.875
74.375
72.4375
70.125
68.1875
66.3125
64.375
62.25
60.1875
58.5
57.0625
55.625
54.3125
53.3125
52.4375
51.5
50.6875
50.1875
49.75
51.625
59.3125
71.6875
83.6875
92.25
96.9375
100.125
103.5
106.5
108.3125
108.8125
106.6875
101.5625
94.625
86.3125
77.0625
69.9375
68.5
69.4375
69.4375
68.4375
66.6875
64.75
62.875
61.125
59.5
58.0
56.4375
54.9375
53.625
52.375
51.3125
50.3125
49.3125
48.5
47.75
47.0
46.375
45.75
45.125
44.5
43.9375
43.375
42.8125
42.3125
41.8125
41.3125
40.875
40.4375
40.1875
39.9375
39.5625
39.3125
39.0625
39.0
38.875
38.625
38.1875
37.5625
36.875
36.5
36.375
36.4375
37.875
44.8125
59.5
77.4375
93.4375
104.375
111.875
119.9375
126.875
130.75
134.0625
137.25
138.4375
137.75
136.0
132.375
126.5625
118.8125
109.1875
97.375
86.25
81.3125
81.375
80.8125
78.75
76.125
73.375
71.0
69.0625
67.1875
65.3125
63.3125
61.5
59.8125
58.375
57.0625
55.875
54.8125
53.75
52.75
51.8125
51.0
50.1875
49.5
48.875
48.25
47.625
46.9375
46.4375
46.0625
45.6875
45.1875
44.5
43.625
42.8125
42.125
41.75
41.6875
41.5
42.375
48.625
61.9375
77.6875
91.3125
100.375
106.5625
113.25
120.3125
125.5
128.3125
129.4375
130.4375
130.25
127.4375
123.25
118.0
110.25
99.6875
88.0
80.4375
79.375
79.6875
78.5
76.5
74.125
71.6875
69.5
67.4375
65.4375
63.6875
61.9375
60.3125
58.8125
57.5
56.3125
55.3125
54.3125
53.3125
52.5
51.75
51.0
50.25
49.5625
48.875
48.125
47.375
46.8125
46.4375
46.1875
45.6875
45.0
44.125
43.125
42.3125
41.9375
41.875
42.0
42.125
45.25
55.4375
70.9375
86.25
97.625
104.9375
111.375
118.4375
124.375
128.5625
131.4375
132.375
132.3125
132.0
129.125
123.25
116.1875
107.4375
96.625
86.0625
80.8125
80.4375
79.75
77.9375
75.6875
73.1875
70.875
68.8125
66.8125
64.875
63.0
61.25
59.5625
58.125
56.8125
55.625
54.5625
53.4375
52.4375
51.5
50.6875
49.9375
49.25
48.625
48.0625
47.375
46.6875
46.1875
45.75
45.375
45.0
44.4375
43.5625
42.6875
42.0625
41.75
41.6875
41.5
42.25
47.875
60.625
76.375
90.1875
99.5625
105.5625
111.5625
118.5625
124.0625
127.0625
129.4375
131.4375
131.625
129.6875
125.875
119.8125
111.5
100.875
89.1875
80.9375
79.5625
80.0625
78.75
76.625
74.1875
71.9375
70.0625
68.1875
66.0625
63.875
62.0
60.375
58.9375
57.5
56.25
55.3125
54.3125
53.3125
52.6875
52.125
52.0
55.1875
64.5625
77.125
88.0
95.0
98.5625
101.8125
105.5
108.0
108.75
107.875
105.4375
100.375
92.5625
82.8125
73.8125
70.25
71.0625
71.3125
70.375
68.875
66.9375
65.0
63.3125
61.6875
60.1875
58.625
57.125
55.6875
54.375
53.1875
52.125
51.125
50.25
49.4375
48.6875
47.9375
47.1875
46.5625
46.0
45.4375
44.8125
44.25
43.75
43.3125
42.875
42.4375
41.9375
41.5
41.1875
40.875
40.5
40.125
39.875
39.75
39.625
39.4375
39.0625
38.4375
37.75
37.3125
37.125
37.125
37.5
41.1875
52.4375
69.75
87.375
100.8125
109.1875
116.5625
124.4375
130.6875
135.0625
137.875
139.4375
140.0625
139.25
135.75
130.875
124.875
115.5625
103.9375
92.0
83.5
81.875
82.25
80.875
78.5625
75.875
73.25
70.9375
68.8125
66.8125
64.8125
62.9375
61.1875
59.5625
58.125
56.875
55.6875
54.5
53.375
52.375
51.375
50.5
49.75
49.0
48.375
47.8125
47.1875
46.625
46.125
45.8125
45.4375
44.9375
44.3125
43.5
42.6875
42.1875
41.9375
41.875
41.6875
42.5625
48.625
61.75
77.5
91.0
99.875
105.625
111.75
118.875
124.4375
127.9375
130.3125
130.6875
129.5625
127.6875
124.1875
118.0
109.5625
98.8125
87.25
79.625
78.375
78.6875
77.5625
75.5625
73.0625
70.625
68.5625
66.625
64.75
62.875
61.0625
59.3125
57.8125
56.5
55.25
54.125
53.125
52.0625
51.0625
50.25
49.4375
48.6875
48.0
47.375
46.8125
46.1875
45.5625
45.0625
44.75
44.375
43.9375
43.3125
42.5
41.6875
41.0625
40.6875
40.5625
40.5
40.9375
45.5625
57.3125
73.0
87.6875
98.25
104.9375
111.3125
118.6875
124.5625
127.3125
129.25
131.1875
131.6875
130.1875
127.0
121.5625
113.5
103.625
92.3125
82.5
79.0625
79.375
78.625
76.9375
74.6875
72.1875
69.8125
67.75
65.8125
63.8125
61.875
60.125
58.5
57.0625
55.9375
54.9375
54.0625
53.4375
52.5
52.375
55.9375
65.1875
76.9375
86.75
92.9375
96.0625
98.6875
101.4375
103.375
103.4375
101.5625
97.5
91.0
82.5
73.4375
67.5
66.75
67.5
67.4375
66.5625
64.9375
63.0625
61.25
59.625
58.25
56.875
55.5
54.125
52.8125
51.625
50.5625
49.625
48.75
47.9375
47.125
46.4375
45.75
45.0625
44.5
43.9375
43.4375
42.9375
42.4375
42.0
41.625
41.1875
40.8125
40.5
40.25
39.9375
39.625
39.375
39.3125
39.3125
39.25
38.9375
38.4375
37.75
37.1875
36.875
36.875
36.875
37.6875
43.0625
56.4375
74.5
91.375
103.25
110.9375
118.875
126.875
131.6875
134.0625
135.875
137.125
137.75
137.0
133.9375
128.25
120.625
110.75
99.25
88.0
81.75
81.5
81.375
79.4375
77.0625
74.375
71.75
69.5625
67.5625
65.5625
63.625
61.875
60.125
58.625
57.3125
56.1875
55.0625
54.0
53.0
52.0
51.0
50.1875
49.375
48.6875
48.0625
47.5
46.75
46.125
45.625
45.3125
44.9375
44.4375
43.75
42.875
42.0625
41.4375
41.1875
41.1875
41.125
42.5
49.875
63.6875
79.3125
92.3125
100.75
106.75
113.5625
120.5625
124.6875
127.0625
129.1875
129.6875
128.6875
127.1875
123.75
117.5625
108.875
98.0
86.5
79.25
78.1875
78.3125
77.0
74.8125
72.1875
69.75
67.5625
65.5
63.6875
61.9375
60.25
58.6875
57.1875
55.875
54.625
53.5625
52.5625
51.625
50.8125
50.0
49.1875
48.4375
47.75
47.125
46.5625
46.0
45.4375
45.0625
44.875
44.75
44.3125
43.75
43.0
42.1875
41.5625
41.3125
41.3125
41.25
41.5
45.4375
56.5625
72.125
86.75
97.1875
103.875
110.5
117.875
123.5
126.0625
127.3125
129.75
131.3125
130.0
126.125
120.75
114.25
105.125
93.375
82.75
78.5
78.875
78.4375
76.6875
74.25
71.6875
69.375
67.25
65.3125
63.4375
61.625
59.875
58.375
56.9375
55.6875
54.5
53.4375
52.375
51.4375
50.5
49.625
48.875
48.125
47.4375
46.875
46.3125
45.6875
45.0625
44.6875
44.375
44.0
43.5
42.8125
41.9375
41.1875
40.6875
40.4375
40.375
40.3125
41.8125
49.25
63.0
78.5
91.375
99.75
105.5625
111.875
119.0625
124.75
127.75
128.375
128.75
129.6875
128.0
123.25
116.875
108.25
97.4375
86.125
78.8125
77.75
78.0
76.8125
74.9375
72.5
70.125
68.0625
66.25
64.5
62.75
61.0625
59.5
58.0625
56.8125
55.6875
54.6875
53.6875
52.75
51.9375
51.125
50.3125
49.5625
48.8125
48.1875
47.6875
47.125
46.5
45.9375
45.625
45.25
44.75
44.0
43.125
42.1875
41.5
41.0625
40.875
40.8125
40.8125
43.25
52.25
66.8125
81.9375
93.8125
101.5625
107.5625
114.375
120.9375
125.1875
127.875
129.5
130.3125
130.625
128.9375
123.875
116.25
107.3125
96.8125
85.9375
79.75
79.125
78.875
77.1875
74.9375
72.4375
70.125
68.25
66.6875
64.875
62.75
60.9375
59.75
58.9375
58.125
57.625
59.25
64.4375
70.5625
74.5625
76.25
75.8125
74.0
71.1875
67.1875
62.0
56.375
52.9375
52.8125
53.4375
53.75
53.5625
52.75
51.625
50.625
49.6875
48.9375
48.25
47.5
46.6875
46.0
45.25
44.5
43.9375
43.375
42.875
42.375
41.9375
41.5
41.0625
40.6875
40.375
40.0625
39.75
39.5
39.1875
38.9375
38.6875
38.4375
38.1875
37.9375
37.6875
37.4375
37.375
37.25
37.0
36.875
36.875
36.8125
36.5
36.125
35.5
34.75
34.25
34.125
34.125
34.375
37.125
46.9375
63.75
82.3125
97.4375
106.625
113.25
121.0625
128.375
133.5625
135.625
136.75
138.5625
137.0
133.25
128.875
121.8125
112.5625
101.75
89.9375
81.125
79.0
79.4375
78.3125
76.25
73.75
71.125
68.875
66.875
64.9375
63.0
61.1875
59.4375
57.9375
56.5625
55.3125
54.1875
53.125
52.125
51.125
50.25
49.4375
48.6875
47.9375
47.3125
46.75
46.125
45.4375
44.875
44.5
44.125
43.625
43.0625
42.3125
41.4375
40.75
40.3125
40.125
40.0625
40.25
43.875
54.625
70.125
85.1875
96.25
103.0
108.625
115.375
121.5625
124.9375
126.0625
127.5
127.875
125.875
121.9375
116.1875
108.875
99.375
88.25
79.125
76.1875
76.0625
74.8125
72.9375
70.8125
68.5625
66.6875
64.9375
63.25
61.375
59.375
57.9375
57.0625
56.4375
55.8125
55.875
59.0
65.375
71.6875
75.5625
76.8125
76.1875
74.6875
72.3125
68.6875
63.875
58.25
53.8125
52.9375
53.8125
54.25
54.125
53.4375
52.1875
51.0
50.0
49.1875
48.3125
47.4375
46.5
45.6875
44.9375
44.1875
43.5
42.875
42.3125
41.75
41.25
40.75
40.3125
39.875
39.4375
39.0
38.625
38.1875
37.875
37.5
37.125
36.8125
36.5
36.1875
35.875
35.625
35.3125
35.0625
34.8125
34.5625
34.25
34.0625
33.8125
33.5625
33.375
33.125
32.875
32.6875
32.5
32.375
32.375
32.375
32.3125
32.1875
32.125
32.125
32.1875
32.125
31.875
31.375
30.8125
30.5
30.4375
30.6875
33.25
42.0625
57.6875
76.0625
92.75
104.25
112.0625
119.5625
126.1875
130.25
133.1875
135.75
136.25
134.8125
132.5
128.5
122.25
113.4375
103.0625
92.0625
82.0625
77.125
77.0
76.6875
75.25
73.25
70.8125
68.5
66.5
64.6875
62.875
61.1875
59.4375
57.9375
56.6875
55.4375
54.375
53.375
52.375
51.4375
50.625
49.875
49.25
48.6875
48.0625
47.4375
47.0
46.6875
46.375
45.8125
45.1875
44.25
43.1875
42.25
41.6875
41.5
41.4375
41.5
44.0
53.125
67.5625
82.25
93.5
100.5625
106.0
112.25
118.0625
121.875
125.0625
126.0625
124.8125
123.75
121.25
116.5625
110.3125
101.1875
89.75
79.5
75.375
75.375
74.6875
73.0625
71.0625
68.6875
66.5625
64.75
63.1875
61.5
59.5625
57.75
56.6875
56.0625
55.4375
55.3125
58.125
64.875
71.9375
76.625
78.8125
79.125
78.375
76.625
73.6875
69.375
63.75
57.6875
53.9375
53.75
54.4375
54.75
54.625
53.75
52.5625
51.3125
50.3125
49.3125
48.4375
47.5625
46.625
45.8125
45.0
44.25
43.5625
42.9375
42.375
41.8125
41.25
40.75
40.3125
39.8125
39.375
38.875
38.4375
38.0625
37.75
37.375
37.0
36.6875
36.4375
36.3125
36.125
35.75
35.5
35.5
35.375
35.25
34.9375
34.375
33.8125
33.3125
33.0625
33.0
33.25
36.25
46.5
63.5625
82.0625
97.0625
106.375
113.3125
120.75
127.125
130.75
132.625
133.8125
135.1875
135.625
132.5625
126.25
118.5625
109.6875
99.375
88.125
80.25
78.6875
78.875
77.6875
75.75
73.25
70.8125
68.625
66.625
64.625
62.75
60.875
59.125
57.5625
56.25
55.0
53.875
52.8125
51.75
50.75
49.9375
49.1875
48.5
47.875
47.25
46.5625
45.875
45.375
45.0
44.5625
43.9375
43.1875
42.3125
41.5625
41.0625
40.875
40.875
41.0
43.625
53.1875
68.375
83.875
95.625
102.75
108.3125
115.125
121.75
126.0
127.8125
128.0625
127.625
126.1875
123.8125
119.0625
110.875
100.6875
89.4375
79.6875
76.1875
76.625
76.1875
74.5625
72.375
69.9375
67.6875
65.625
63.75
62.0
60.3125
58.6875
57.125
55.6875
54.4375
53.3125
52.3125
51.25
50.3125
49.4375
48.6875
47.9375
47.3125
46.8125
46.1875
45.5
45.0
44.5625
44.1875
43.6875
43.125
42.4375
41.625
40.9375
40.5
40.3125
40.1875
40.5
44.9375
56.75
72.625
87.3125
97.875
104.25
109.875
116.625
122.5
125.875
128.0625
129.4375
129.3125
126.8125
122.375
117.1875
109.75
99.25
87.4375
78.8125
76.875
77.25
76.3125
74.5625
72.375
70.125
68.0625
66.125
64.3125
62.5
60.75
59.25
57.75
56.375
55.125
53.9375
52.9375
52.0
51.0625
50.3125
49.5625
48.875
48.1875
47.625
47.0
46.4375
46.0625
45.875
45.5625
45.125
44.375
43.4375
42.5
41.8125
41.5
41.5625
41.5
41.625
45.0625
55.8125
71.1875
85.9375
96.625
103.3125
109.375
116.25
121.5
124.5
127.4375
129.625
129.5
127.625
124.3125
118.75
111.25
101.4375
90.0
80.8125
78.125
78.4375
77.4375
75.625
73.375
70.875
68.75
66.875
65.0625
63.3125
61.5625
59.875
58.375
57.0625
55.8125
54.6875
53.625
52.5625
51.5625
50.75
49.9375
49.1875
48.5
47.9375
47.3125
46.6875
46.125
45.625
45.25
44.8125
44.3125
43.625
42.75
42.0
41.5625
41.375
41.3125
41.375
44.1875
53.9375
69.0625
84.125
95.5625
102.8125
108.875
116.25
122.3125
125.8125
128.9375
130.8125
130.0625
127.875
124.875
120.375
113.625
104.0625
92.5
82.5
78.75
79.0
78.375
76.625
74.5
72.125
69.875
67.8125
65.875
64.125
62.375
60.8125
59.3125
57.875
56.625
55.4375
54.375
53.375
52.4375
51.5625
50.75
50.0
49.3125
48.6875
48.125
47.5
46.9375
46.625
46.375
46.0625
45.5
44.75
43.875
43.0625
42.5625
42.3125
42.1875
41.8125
42.25
47.375
59.8125
75.625
89.625
99.125
105.25
111.25
118.0625
123.5
126.75
129.4375
130.375
129.5
128.4375
125.4375
118.9375
109.875
99.1875
87.9375
80.75
79.9375
80.1875
78.75
76.6875
74.25
71.8125
69.625
67.6875
65.8125
64.0
62.1875
60.5
59.0
57.625
56.375
55.25
54.1875
53.1875
52.1875
51.3125
50.5625
49.8125
49.125
48.5625
48.0
47.3125
46.75
46.25
45.9375
45.5625
45.0
44.3125
43.4375
42.6875
42.125
41.9375
41.8125
41.75
43.25
50.8125
64.8125
80.5
93.375
101.875
107.875
114.0
120.1875
125.4375
129.1875
131.375
132.75
131.4375
127.3125
123.25
118.3125
109.9375
98.5
87.0625
81.25
81.125
80.9375
79.25
77.0625
74.5
72.125
69.9375
67.875
65.9375
64.125
62.375
60.6875
59.1875
57.875
56.6875
55.6875
54.625
53.625
52.6875
51.875
51.0625
50.3125
49.625
49.0625
48.4375
47.8125
47.25
46.75
46.375
46.0
45.5
44.8125
43.9375
43.125
42.6875
42.4375
42.3125
42.1875
43.875
51.8125
66.25
82.0
94.5625
102.5625
108.5625
115.3125
122.0
127.3125
130.4375
131.9375
132.6875
131.875
129.375
125.375
118.8125
109.875
99.0
87.9375
82.125
82.1875
81.8125
80.0625
77.875
75.3125
72.9375
70.8125
68.875
66.9375
65.1875
63.4375
61.8125
60.375
59.0625
57.8125
56.6875
55.6875
54.75
53.875
53.0
52.1875
51.5
50.8125
50.1875
49.5
48.9375
48.5
48.25
48.0
47.5
46.8125
45.9375
45.0
44.375
43.9375
43.75
43.5625
43.5625
46.5625
56.75
72.125
87.3125
98.25
105.1875
111.5
118.5
124.75
128.5
131.0
133.4375
134.75
132.875
129.5
125.25
118.25
108.25
96.75
86.6875
82.875
83.5
82.9375
80.8125
78.25
75.5625
73.1875
71.125
69.0625
67.125
65.125
63.375
61.75
60.3125
59.0
57.8125
56.6875
55.625
54.625
53.75
52.875
52.0625
51.3125
50.6875
50.0625
49.4375
48.75
48.1875
47.75
47.375
47.0
46.375
45.5625
44.75
44.0
43.625
43.4375
43.3125
43.5625
47.1875
58.3125
74.1875
89.25
100.0
106.75
113.1875
120.4375
126.6875
131.125
133.1875
134.25
134.8125
133.5
130.75
126.875
120.0625
109.625
97.125
86.5625
83.0625
83.75
83.125
81.0625
78.5625
76.0
73.625
71.5
69.5
67.625
65.6875
63.875
62.1875
60.6875
59.375
58.1875
57.125
56.0625
55.0625
54.125
53.25
52.4375
51.625
51.0625
50.5
49.875
49.125
48.5625
48.125
47.75
47.3125
46.6875
45.8125
45.0
44.25
43.875
43.6875
43.5625
43.75
47.9375
59.625
75.5
90.1875
100.4375
107.0625
113.5
121.0
127.3125
130.75
133.0
135.0625
135.4375
134.375
131.6875
126.75
118.8125
108.25
96.5
86.875
83.75
84.0625
83.0
81.0
78.5625
76.125
74.0625
72.3125
70.375
68.0625
66.0
64.625
63.6875
62.8125
62.0
62.875
67.625
74.375
79.5625
81.9375
82.0625
80.8125
78.5625
75.125
70.375
64.625
59.75
58.5
59.3125
59.6875
59.5
58.6875
57.4375
56.3125
55.3125
54.375
53.4375
52.4375
51.4375
50.4375
49.5625
48.8125
48.1875
47.5625
46.9375
46.375
45.8125
45.3125
44.875
44.375
44.0
43.5625
43.0625
42.625
42.25
41.9375
41.5625
41.25
40.875
40.5
40.25
40.0
39.875
39.75
39.5
39.375
39.375
39.25
39.125
38.875
38.375
37.6875
37.25
37.0
37.0
37.4375
41.4375
53.6875
72.625
91.625
105.5625
113.875
121.75
130.0
135.875
139.8125
141.5
143.3125
145.875
144.75
141.625
137.0625
129.375
119.625
108.25
95.8125
86.875
85.125
85.4375
83.9375
81.5625
78.8125
76.1875
73.9375
71.75
69.625
67.625
65.625
63.75
62.1875
60.75
59.5
58.3125
57.125
56.0
55.0
54.0625
53.25
52.375
51.625
51.0625
50.4375
49.6875
49.0625
48.5
48.0625
47.6875
47.1875
46.5
45.75
44.8125
44.125
43.8125
43.6875
43.4375
44.0625
50.0
63.5625
80.1875
94.3125
103.5625
109.6875
116.125
123.5
129.1875
131.9375
133.4375
134.625
134.8125
133.0
129.1875
123.375
115.1875
104.375
92.375
83.9375
82.0
82.0
80.625
78.4375
76.125
73.875
71.9375
70.125
68.1875
66.0
64.0
62.6875
61.8125
61.0
60.5
62.4375
68.375
75.4375
80.1875
82.25
82.25
81.0
78.75
75.3125
70.5625
64.625
59.3125
57.5
58.3125
58.9375
59.0
58.375
57.0625
55.75
54.75
53.8125
52.8125
51.875
50.9375
49.9375
49.0
48.1875
47.4375
46.75
46.125
45.5
45.0
44.5
44.0
43.5
43.0625
42.625
42.1875
41.75
41.375
41.0
40.625
40.1875
39.875
39.5625
39.3125
39.125
39.0
38.75
38.5
38.5
38.5
38.375
38.125
37.6875
37.0625
36.5625
36.3125
36.1875
36.4375
39.0
48.625
66.0625
85.8125
101.9375
112.0
119.75
127.5
133.875
138.375
141.25
143.5625
144.0
143.875
142.75
137.6875
130.375
121.3125
109.4375
96.6875
86.875
84.0625
84.625
83.5625
81.3125
78.5625
75.8125
73.4375
71.25
69.25
67.1875
65.25
63.4375
61.8125
60.375
59.125
57.9375
56.8125
55.6875
54.625
53.6875
52.8125
52.0
51.25
50.625
50.0
49.3125
48.5
47.9375
47.5
47.125
46.6875
46.0625
45.1875
44.3125
43.625
43.3125
43.125
42.9375
43.5625
49.3125
62.8125
79.6875
94.1875
103.625
109.8125
116.5
123.5625
127.8125
130.4375
132.8125
134.4375
134.875
132.875
129.1875
123.3125
114.375
103.1875
91.4375
83.4375
81.8125
81.6875
80.125
78.0
75.75
73.5
71.5
69.6875
67.8125
65.6875
63.8125
62.5
61.625
61.0
60.5
62.1875
67.9375
75.0
80.0
82.1875
82.25
81.0
78.9375
75.75
71.125
65.3125
59.8125
57.625
58.1875
58.75
58.6875
58.0
56.6875
55.4375
54.4375
53.5
52.5625
51.5
50.4375
49.4375
48.5625
47.8125
47.0625
46.4375
45.8125
45.25
44.6875
44.1875
43.75
43.25
42.8125
42.375
41.9375
41.5
41.0625
40.75
40.375
40.0625
39.75
39.375
39.125
38.875
38.75
38.5
38.25
38.1875
38.25
38.125
37.9375
37.5625
37.0
36.375
36.0625
35.875
36.0
37.125
43.5625
58.5
78.1875
96.1875
108.6875
117.0
125.0
131.4375
135.8125
139.6875
142.5625
144.125
144.5625
142.5
138.1875
132.3125
124.75
115.0625
102.4375
90.25
84.5625
84.375
83.625
81.5
78.9375
76.1875
73.625
71.375
69.3125
67.3125
65.375
63.5625
61.875
60.375
59.0625
57.8125
56.6875
55.6875
54.75
53.8125
52.875
52.0625
51.3125
50.75
50.1875
49.5625
48.9375
48.3125
47.9375
47.625
47.25
46.6875
45.875
45.0
44.25
43.875
43.8125
43.6875
43.8125
47.0
57.625
73.875
89.6875
100.8125
107.5625
113.625
120.8125
126.6875
129.875
132.375
134.3125
134.5
133.625
130.0625
123.9375
116.625
106.9375
95.0625
85.125
81.9375
82.125
80.8125
78.5625
76.0
73.4375
71.25
69.4375
67.75
65.6875
63.5625
62.0
61.0625
60.375
59.75
60.6875
65.4375
72.1875
77.3125
80.0625
80.6875
79.75
77.6875
74.375
69.625
63.6875
58.25
56.1875
56.5625
56.875
56.8125
56.25
55.25
54.1875
53.25
52.4375
51.875
51.1875
49.875
48.8125
48.25
48.25
50.6875
58.125
68.6875
78.0625
84.375
87.5625
88.875
89.375
88.8125
86.375
81.75
75.0625
67.3125
61.375
60.0
61.0
61.4375
61.125
60.1875
58.875
57.4375
56.1875
55.1875
54.1875
53.125
52.125
51.1875
50.1875
49.3125
48.5
47.75
47.0625
46.375
45.8125
45.25
44.6875
44.25
43.75
43.3125
42.8125
42.375
41.9375
41.4375
41.125
40.8125
40.5
40.3125
40.0
39.75
39.5
39.375
39.25
39.0625
38.75
38.125
37.5625
37.0625
36.8125
36.6875
37.25
42.1875
56.375
77.3125
97.0625
110.25
117.75
125.375
133.375
138.875
141.875
142.0625
142.875
143.1875
140.0625
135.0625
128.8125
120.0625
108.6875
95.875
85.9375
83.4375
84.1875
83.1875
80.8125
78.125
75.375
73.0
70.9375
68.9375
67.0
65.0625
63.3125
61.75
60.4375
59.1875
58.125
57.0
55.9375
54.9375
54.0625
53.25
52.5
51.75
51.125
50.4375
49.75
49.1875
48.9375
48.5625
48.0
47.1875
46.125
45.0625
44.25
43.875
43.875
43.6875
43.9375
48.5
61.1875
78.5625
94.0625
104.1875
110.4375
116.5625
123.625
128.8125
131.75
134.125
135.4375
134.8125
132.375
128.3125
121.875
113.0
102.125
90.3125
82.625
81.5625
81.5
79.8125
77.5625
75.0625
72.625
70.5
68.5
66.6875
64.8125
62.6875
60.9375
59.8125
59.0625
58.375
58.125
60.6875
67.25
74.4375
79.1875
81.1875
81.1875
79.9375
77.8125
74.375
69.4375
63.375
57.8125
55.875
56.5
57.125
57.25
56.75
55.625
54.4375
53.3125
52.25
51.3125
50.375
49.4375
48.5
47.6875
46.875
46.125
45.375
44.75
44.1875
43.6875
43.1875
42.625
42.1875
41.75
41.3125
40.9375
40.5
40.1875
39.875
39.5
39.125
38.8125
38.5625
38.3125
38.1875
37.9375
37.6875
37.5625
37.5625
37.5
37.375
37.0
36.3125
35.75
35.375
35.25
35.25
36.375
42.875
58.0625
77.75
95.625
107.75
115.5
123.1875
129.4375
134.0
138.9375
141.625
142.375
142.125
139.75
135.5625
129.0
120.375
110.0
97.6875
86.75
82.8125
83.375
82.6875
80.5
77.75
74.9375
72.5
70.375
68.375
66.4375
64.5625
62.75
61.125
59.6875
58.375
57.1875
56.0
54.875
53.875
52.9375
52.0
51.25
50.5625
49.9375
49.3125
48.5625
47.9375
47.4375
47.0625
46.625
46.0
45.3125
44.4375
43.6875
43.125
42.9375
42.875
42.875
45.625
55.625
71.4375
87.375
99.3125
106.8125
112.875
119.875
125.75
129.25
132.0
133.5
133.3125
131.125
127.25
122.5
116.0625
106.1875
93.8125
84.125
81.3125
81.3125
79.9375
77.875
75.5
73.1875
71.125
69.25
67.4375
65.375
63.1875
61.5625
60.5
59.75
59.0625
59.375
63.125
69.75
75.6875
79.1875
80.4375
79.875
78.1875
75.375
71.125
65.5
59.4375
55.75
55.6875
56.4375
56.6875
56.5625
55.75
54.625
53.625
52.6875
51.8125
50.9375
50.0625
49.25
48.375
47.625
46.9375
46.3125
45.625
45.0625
44.5
44.0625
43.625
43.25
42.875
42.4375
42.0625
41.6875
41.375
41.0625
40.8125
40.5
40.1875
39.9375
39.8125
39.625
39.375
39.3125
39.375
39.3125
39.0
38.5
37.75
37.0
36.6875
36.625
36.6875
37.125
41.0
52.8125
71.375
90.25
104.3125
113.0
120.8125
128.9375
134.8125
138.625
140.75
142.1875
143.0625
142.5
138.9375
132.4375
124.6875
115.6875
103.875
91.3125
84.3125
83.75
83.5625
81.875
79.5625
76.9375
74.3125
72.0625
70.0625
68.0
66.0625
64.125
62.375
60.8125
59.5
58.3125
57.125
56.0
54.9375
53.9375
53.0625
52.3125
51.625
51.0
50.3125
49.5625
48.875
48.375
48.0
47.4375
46.8125
45.9375
45.0625
44.375
44.0
43.875
43.75
44.0
48.375
60.75
77.375
92.375
102.4375
108.6875
114.9375
122.0
127.1875
130.6875
132.9375
133.625
132.6875
130.5
126.375
119.875
111.125
100.0625
88.625
81.875
81.25
81.0625
79.3125
77.1875
74.75
72.4375
70.5
68.75
66.875
64.6875
62.75
61.5
60.625
59.875
59.25
60.5
65.5
72.25
77.25
79.625
79.8125
78.4375
76.1875
72.75
68.0
62.25
57.5
56.3125
57.0
57.4375
57.5
56.9375
55.8125
54.75
53.875
53.0
52.0
51.0
49.9375
48.9375
48.125
47.375
46.6875
46.0
45.375
44.6875
44.125
43.6875
43.25
42.8125
42.375
41.9375
41.5
41.125
40.75
40.375
40.0
39.6875
39.4375
39.1875
39.0
38.6875
38.5
38.5
38.5
38.3125
38.0
37.4375
36.8125
36.375
36.1875
36.1875
36.5625
39.6875
50.4375
68.375
87.625
102.75
112.0
119.4375
127.5
133.6875
137.3125
140.125
142.25
142.0
140.3125
137.5
133.5625
126.875
116.75
104.5
92.125
84.6875
83.6875
83.4375
81.75
79.3125
76.5625
74.0
71.75
69.75
67.75
65.75
63.8125
62.125
60.625
59.1875
57.9375
56.6875
55.5625
54.5
53.5625
52.625
51.875
51.125
50.4375
49.75
49.0625
48.375
47.875
47.4375
46.875
46.1875
45.3125
44.5
43.75
43.25
43.0
42.875
43.0
46.9375
58.5625
74.875
90.0625
100.625
107.25
113.625
120.625
125.6875
128.9375
131.3125
132.375
131.75
128.875
125.4375
120.0625
111.0
100.25
88.875
81.125
80.0
80.1875
78.875
76.8125
74.4375
72.0625
69.9375
68.0
66.125
64.3125
62.5625
61.0
59.5625
58.3125
57.0625
56.0
55.0
53.9375
53.0
52.0625
51.1875
50.3125
49.625
48.9375
48.25
47.625
47.1875
46.8125
46.3125
45.6875
44.875
43.9375
43.1875
42.75
42.625
42.5625
42.5625
45.0
54.5
69.9375
85.8125
97.75
105.25
111.5625
118.875
124.75
128.0
130.8125
132.6875
133.375
131.9375
128.75
124.4375
117.1875
107.25
95.6875
85.25
81.0
81.1875
80.5
78.4375
76.125
73.625
71.3125
69.25
67.3125
65.4375
63.5
61.75
60.125
58.625
57.3125
56.125
55.0
53.9375
52.9375
52.0
51.1875
50.5
49.875
49.25
48.5
47.8125
47.375
47.0
46.5
45.9375
45.1875
44.3125
43.4375
42.9375
42.6875
42.625
42.375
43.3125
49.75
63.0
78.8125
92.4375
101.3125
107.0625
113.125
119.9375
125.375
128.75
131.0625
132.0
130.5625
127.5
122.75
116.1875
107.75
96.875
86.125
81.125
81.1875
80.625
78.8125
76.625
74.125
71.875
69.8125
67.875
66.0
64.25
62.5
60.875
59.5
58.3125
57.25
56.25
55.3125
54.3125
53.5
52.6875
52.0
51.3125
50.6875
49.875
49.125
48.5
48.125
47.6875
47.0625
46.3125
45.375
44.375
43.6875
43.375
43.375
43.3125
43.375
47.0
57.9375
73.5
88.4375
99.0
105.625
111.75
119.0
125.625
129.9375
131.4375
131.5
132.125
131.875
129.375
124.0
115.875
105.125
92.9375
83.8125
81.5
81.875
80.625
78.5625
76.125
73.625
71.375
69.375
67.375
65.4375
63.625
61.9375
60.375
58.9375
57.6875
56.5
55.375
54.375
53.4375
52.5
51.75
51.0
50.375
49.625
48.875
48.3125
47.9375
47.5
47.0
46.375
45.5
44.625
43.9375
43.375
43.1875
43.125
42.875
44.625
52.75
67.125
82.6875
95.0625
102.9375
108.875
115.5625
122.125
126.375
129.1875
131.125
131.5625
130.5
128.3125
124.3125
117.1875
106.9375
95.125
84.9375
81.0625
81.5
81.0
79.1875
76.875
74.4375
72.3125
70.3125
68.3125
66.375
64.625
62.9375
61.3125
59.8125
58.5625
57.4375
56.3125
55.3125
54.375
53.5
52.6875
52.0
51.3125
50.625
49.8125
49.125
48.625
48.1875
47.625
46.875
46.0
45.0625
44.25
43.625
43.4375
43.375
43.1875
44.0625
50.125
63.125
78.8125
92.3125
101.3125
107.5625
114.0
121.5625
127.9375
131.125
132.5
132.9375
132.25
130.75
126.5
119.5625
111.5625
101.25
89.9375
82.8125
81.875
81.75
80.125
77.875
75.125
72.5
70.3125
68.3125
66.375
64.5
62.6875
61.0625
59.5625
58.1875
56.9375
55.8125
54.6875
53.6875
52.75
52.0
51.25
50.625
49.875
49.125
48.4375
47.9375
47.5625
47.0625
46.4375
45.6875
44.75
44.0
43.4375
43.1875
43.125
42.875
43.625
49.5
62.375
78.0
91.5625
100.5
106.5625
113.125
120.3125
124.9375
127.125
130.0625
132.5
131.75
129.1875
125.25
118.625
109.75
98.75
87.5625
81.5
81.3125
81.0
79.1875
77.0
74.625
72.3125
70.25
68.25
66.3125
64.5625
62.6875
60.9375
59.6875
58.875
58.125
57.375
57.875
62.125
69.375
76.0
79.875
81.0
80.625
79.5
77.5625
74.1875
69.125
62.875
57.75
56.3125
57.125
57.5625
57.4375
56.6875
55.5
54.375
53.375
52.4375
51.5
50.5625
49.625
48.8125
48.0625
47.375
46.6875
46.125
45.4375
44.8125
44.25
43.75
43.25
42.75
42.25
41.8125
41.3125
40.9375
40.5625
40.25
40.0
39.6875
39.5
39.375
39.125
38.75
38.5
38.5
38.5
38.3125
37.9375
37.375
36.6875
36.125
35.9375
36.0
36.375
38.9375
48.4375
65.25
84.0
99.5
108.9375
115.6875
124.0625
131.3125
136.3125
139.9375
141.0625
141.9375
142.25
139.5
134.5625
127.5
118.5
107.9375
95.8125
86.0
83.125
83.4375
82.125
79.8125
77.25
74.5
72.0625
69.875
67.8125
65.75
63.75
61.9375
60.3125
58.8125
57.5625
56.375
55.25
54.1875
53.25
52.3125
51.4375
50.625
49.9375
49.375
48.75
48.0625
47.25
46.6875
46.3125
46.0
45.5625
44.875
44.0
43.0625
42.3125
41.875
41.75
41.6875
41.6875
44.9375
55.5
71.125
86.4375
97.75
104.8125
111.4375
119.25
124.875
127.5625
129.875
131.6875
131.9375
130.5
127.25
121.9375
114.5
104.875
93.375
83.3125
79.625
80.0
79.4375
77.5625
75.1875
72.625
70.3125
68.1875
66.1875
64.375
62.625
60.875
59.1875
57.8125
56.5625
55.4375
54.375
53.375
52.4375
51.5625
50.8125
50.1875
49.4375
48.6875
48.125
47.8125
47.3125
46.6875
45.8125
44.875
44.125
43.4375
43.0
42.8125
42.6875
42.625
44.0
51.1875
65.125
80.8125
93.6875
101.9375
107.875
114.5
121.75
126.9375
129.625
131.25
131.3125
130.8125
129.1875
124.875
118.25
109.5
98.4375
87.125
80.6875
80.125
79.8125
78.125
75.9375
73.4375
70.9375
68.8125
67.0
65.25
63.5
61.8125
60.3125
58.875
57.6875
56.5
55.375
54.25
53.0
51.875
51.0
50.375
50.0
49.625
48.9375
49.125
54.5
66.625
81.1875
93.25
100.8125
105.5625
110.25
115.125
119.6875
122.6875
123.25
122.375
120.0625
115.25
108.0
98.75
87.9375
79.125
76.5
77.25
76.8125
75.1875
72.9375
70.5
68.3125
66.25
64.4375
62.75
61.0625
59.375
57.875
56.5625
55.3125
54.25
53.3125
52.3125
51.4375
50.6875
49.875
49.125
48.4375
47.75
47.0625
46.4375
45.8125
45.25
44.75
44.3125
43.9375
43.5
43.0
42.625
42.4375
42.25
41.875
41.375
40.6875
39.9375
39.375
39.125
39.0625
39.0
40.125
46.9375
61.5
79.1875
94.375
104.375
111.5
119.5625
126.9375
131.375
134.8125
137.625
137.875
138.0625
137.9375
134.875
128.8125
120.125
108.625
96.1875
86.875
84.5625
85.3125
84.125
81.5625
78.8125
76.1875
73.9375
71.875
69.75
67.5
65.5625
64.0
62.4375
60.9375
60.0625
59.625
58.8125
58.125
60.1875
67.8125
78.3125
86.625
91.3125
93.6875
95.4375
96.6875
96.875
95.1875
91.125
84.875
77.125
69.375
65.1875
65.6875
66.875
66.75
65.8125
64.1875
62.4375
60.9375
59.5625
58.3125
57.125
55.75
54.4375
53.25
52.1875
51.25
50.4375
49.6875
48.9375
48.25
47.5625
46.9375
46.3125
45.75
45.25
44.75
44.25
43.75
43.25
42.8125
42.4375
42.0625
41.625
41.1875
40.875
40.6875
40.4375
40.125
39.9375
39.875
39.8125
39.6875
39.3125
38.6875
38.0
37.4375
37.25
37.25
37.5625
40.4375
50.9375
68.5625
87.4375
102.25
111.125
117.9375
126.375
133.6875
138.3125
140.625
141.4375
143.1875
142.9375
139.9375
135.25
128.5625
119.625
108.125
95.4375
86.4375
84.5
84.6875
83.25
80.75
78.0
75.3125
73.0
70.8125
68.8125
66.8125
64.8125
63.0625
61.375
59.9375
58.625
57.375
56.3125
55.25
54.25
53.3125
52.4375
51.625
50.875
50.1875
49.5625
48.875
48.1875
47.6875
47.25
46.875
46.3125
45.625
44.75
43.8125
43.125
42.75
42.6875
42.5
43.0625
48.6875
61.5625
77.5625
91.5625
101.0
107.375
114.1875
121.5625
126.4375
128.6875
130.875
132.9375
132.625
130.0625
126.375
120.625
112.25
101.25
89.625
82.0
80.8125
80.75
79.3125
77.3125
74.9375
72.625
70.4375
68.375
66.375
64.5625
62.75
61.0625
59.5625
58.25
57.0
55.9375
54.9375
53.9375
52.9375
52.125
51.375
50.625
50.0625
49.4375
48.6875
47.9375
47.3125
47.0
46.6875
46.25
45.5625
44.6875
43.75
43.0625
42.75
42.6875
42.625
42.625
45.375
55.25
70.5625
86.125
97.75
104.875
111.0
118.25
125.0
129.75
132.6875
134.125
134.6875
134.1875
131.375
126.0
118.875
109.3125
97.1875
86.0625
81.3125
81.6875
81.4375
79.6875
77.3125
74.625
72.25
70.1875
68.25
66.3125
64.375
62.5625
60.875
59.3125
57.9375
56.6875
55.625
54.5625
53.625
52.625
51.75
51.0
50.25
49.6875
49.0625
48.4375
47.6875
47.125
46.8125
46.4375
46.0
45.375
44.5
43.6875
43.0625
42.75
42.6875
42.5
42.625
46.25
57.125
72.6875
87.625
98.5
105.375
111.5
118.8125
125.6875
130.0
131.9375
133.125
133.25
131.9375
129.1875
123.9375
116.0625
105.625
93.9375
84.625
81.75
82.25
81.25
79.125
76.6875
74.125
71.8125
69.8125
67.8125
65.875
64.0625
62.4375
60.9375
59.5625
58.375
57.25
56.1875
55.125
54.1875
53.3125
52.5625
51.8125
51.125
50.4375
49.625
49.125
48.875
48.5625
48.125
47.4375
46.5
45.5625
44.875
44.4375
44.3125
44.25
43.9375
44.4375
50.0
62.75
78.375
91.875
100.75
107.125
113.875
121.25
127.125
130.1875
132.1875
133.875
133.875
131.125
126.9375
121.0
112.3125
101.5625
90.375
83.5625
83.0
83.0625
81.375
78.9375
76.25
73.75
71.6875
69.9375
68.0625
65.8125
63.75
62.3125
61.4375
60.6875
60.0
61.0
65.6875
72.4375
77.5625
80.0
80.1875
79.0625
77.0
73.75
69.125
63.375
58.125
56.25
57.0
57.625
57.6875
57.125
56.0
54.75
53.75
52.8125
51.9375
51.0625
50.0625
49.1875
48.375
47.625
46.875
46.25
45.625
45.0625
44.5625
44.0625
43.5625
43.125
42.6875
42.25
41.875
41.4375
41.125
40.75
40.375
40.0
39.6875
39.375
39.0625
38.875
38.75
38.5625
38.3125
38.1875
38.1875
38.125
38.0
37.625
37.0
36.5
36.0625
35.8125
35.8125
36.0625
39.4375
50.4375
68.3125
87.1875
102.0
110.9375
118.25
126.3125
132.0
135.6875
139.9375
142.625
142.5625
141.625
138.5
132.875
125.875
116.25
104.4375
92.5625
84.8125
83.5
83.4375
81.8125
79.4375
76.6875
74.0625
71.8125
69.75
67.75
65.8125
63.875
62.125
60.625
59.25
58.0625
56.9375
55.8125
54.8125
53.8125
52.9375
52.0625
51.25
50.5
49.8125
49.25
48.5625
47.9375
47.5
47.3125
47.125
46.625
45.875
45.0
44.0
43.25
42.8125
42.625
42.5625
42.3125
43.8125
51.5
66.0625
82.3125
95.125
103.0
108.9375
116.0625
123.0625
127.3125
129.5625
130.875
131.75
131.375
128.75
123.9375
117.8125
109.25
97.9375
86.625
80.5625
80.375
80.1875
78.375
76.0625
73.5
71.125
69.125
67.3125
65.5625
63.625
61.5
59.75
58.8125
58.1875
57.5625
57.75
61.5625
69.1875
76.625
81.3125
83.375
83.6875
83.0
81.5
78.6875
74.3125
68.5
61.875
57.625
57.4375
58.25
58.5625
58.25
57.125
55.6875
54.4375
53.375
52.4375
51.5625
50.625
49.6875
48.75
47.9375
47.1875
46.4375
45.75
45.125
44.5625
44.0625
43.5
43.0
42.5
42.0625
41.6875
41.1875
40.8125
40.4375
40.125
39.8125
39.4375
39.0625
38.75
38.5
38.375
38.1875
37.875
37.6875
37.6875
37.625
37.5
37.25
36.75
36.0625
35.5625
35.3125
35.375
35.6875
38.125
47.5
64.4375
83.5
99.25
109.375
116.75
124.25
131.0
135.6875
138.125
140.25
142.375
142.5625
139.25
134.125
128.125
119.1875
108.0
95.5
85.75
83.0625
83.3125
82.1875
80.0625
77.5
74.9375
72.625
70.5625
68.5625
66.625
64.6875
62.9375
61.375
59.9375
58.6875
57.5625
56.5
55.4375
54.5
53.6875
52.8125
52.0625
51.375
50.75
50.125
49.5
48.9375
48.375
48.0
47.6875
47.1875
46.375
45.375
44.4375
43.75
43.375
43.25
43.1875
43.375
47.3125
58.6875
74.625
89.6875
100.375
107.0625
113.125
120.0625
126.5
130.6875
132.875
134.0
134.0
132.4375
129.75
124.4375
116.125
105.9375
94.4375
84.6875
81.25
81.5625
80.625
78.6875
76.375
73.8125
71.5
69.5625
67.75
65.6875
63.5
61.8125
60.75
60.0
59.3125
59.8125
63.8125
70.5625
76.3125
79.5625
80.4375
79.75
78.0625
75.3125
71.25
65.8125
59.8125
56.1875
56.125
56.875
57.0625
56.8125
55.875
54.625
53.4375
52.4375
51.5
50.625
49.75
48.8125
47.9375
47.1875
46.5625
45.875
45.25
44.6875
44.125
43.5625
43.0625
42.625
42.1875
41.75
41.3125
40.875
40.5
40.125
39.8125
39.5
39.1875
38.875
38.625
38.4375
38.1875
37.8125
37.625
37.625
37.5
37.375
37.0625
36.5
35.8125
35.25
35.0
35.0
35.0
36.8125
45.0
61.25
80.5625
97.25
108.0625
115.4375
123.875
131.125
135.0
137.4375
139.375
140.5625
139.4375
136.875
133.3125
127.5
118.5625
107.5625
95.25
85.3125
82.4375
82.75
81.5625
79.3125
76.8125
74.1875
71.8125
69.6875
67.6875
65.8125
63.9375
62.25
60.75
59.375
58.125
56.9375
55.9375
54.9375
54.0
53.0625
52.125
51.1875
50.3125
49.5
48.8125
48.3125
47.6875
47.0
46.3125
45.875
45.625
45.3125
44.6875
43.9375
43.0625
42.25
41.75
41.5625
41.5625
41.4375
43.1875
51.1875
65.9375
82.3125
95.375
103.625
109.75
116.5625
122.875
127.75
131.0
132.625
133.8125
133.3125
130.0
124.75
118.1875
109.4375
98.375
87.0
80.0625
79.25
79.25
77.75
75.625
73.125
70.6875
68.5625
66.625
64.75
62.875
61.0625
59.375
57.9375
56.5625
55.3125
54.25
53.1875
52.125
51.1875
50.375
49.5625
48.8125
48.125
47.5625
46.9375
46.25
45.625
45.1875
44.875
44.5625
44.0625
43.4375
42.625
41.8125
41.25
41.0
40.875
40.75
41.25
46.4375
58.8125
74.75
89.25
99.375
105.8125
112.1875
119.25
124.25
126.75
130.5625
133.4375
131.9375
129.0
125.6875
120.375
112.3125
102.0625
90.5625
81.75
79.5625
79.9375
78.8125
76.6875
74.1875
71.625
69.375
67.3125
65.4375
63.5625
61.8125
60.125
58.5625
57.1875
55.9375
54.8125
53.8125
52.75
51.8125
51.0
50.1875
49.4375
48.625
47.875
47.3125
46.75
46.125
45.4375
44.875
44.5
44.1875
43.8125
43.25
42.4375
41.625
40.9375
40.5
40.4375
40.375
40.3125
42.6875
51.875
66.6875
82.25
94.5
102.375
108.6875
116.0625
123.0
127.25
129.0625
130.4375
131.875
131.125
127.75
123.3125
117.1875
107.9375
96.3125
85.5
80.5625
80.8125
80.5
78.6875
76.4375
73.9375
71.6875
69.625
67.5625
65.625
63.75
62.0
60.375
58.875
57.5625
56.375
55.375
54.375
53.4375
52.4375
51.5
50.5
49.75
49.125
48.625
48.0625
47.375
46.875
46.5
46.3125
45.9375
45.3125
44.4375
43.5625
42.75
42.25
42.0625
42.0625
41.875
42.9375
49.375
62.5625
78.125
91.5625
100.4375
106.5625
113.0625
120.0
125.375
128.625
130.625
131.6875
131.5
130.5625
127.375
120.6875
111.9375
101.375
89.75
81.875
80.625
80.875
79.625
77.5625
75.0
72.375
70.1875
68.1875
66.25
64.3125
62.5
60.75
59.25
57.875
56.6875
55.5
54.4375
53.375
52.4375
51.625
50.875
50.0625
49.375
48.8125
48.125
47.375
46.75
46.4375
46.125
45.6875
45.125
44.375
43.5
42.6875
42.1875
42.0
41.9375
41.75
42.75
49.375
62.6875
78.1875
91.375
100.25
106.4375
113.0625
119.9375
124.1875
126.9375
130.4375
132.3125
131.875
129.9375
125.8125
119.5625
111.125
100.75
89.6875
82.0625
80.75
80.6875
79.125
77.0
74.5625
72.0625
69.875
67.875
66.0
64.125
62.3125
60.625
59.125
57.75
56.5
55.3125
54.25
53.25
52.3125
51.4375
50.625
49.875
49.125
48.5
47.9375
47.3125
46.5625
46.0
45.5625
45.25
44.875
44.25
43.4375
42.5
41.8125
41.375
41.25
41.0625
40.9375
43.625
53.125
67.9375
83.0
94.75
102.375
108.5
115.4375
122.0
125.9375
128.125
130.5
132.875
132.6875
129.875
124.9375
118.0625
108.9375
97.4375
86.3125
81.0625
81.0625
80.75
79.0625
76.8125
74.3125
72.0
70.0
68.0
66.0
64.1875
62.4375
60.8125
59.375
58.0625
56.875
55.8125
54.8125
53.875
52.875
51.875
51.0625
50.3125
49.625
49.0
48.3125
47.75
47.375
47.0
46.5
45.8125
45.0
44.0625
43.3125
42.8125
42.625
42.625
42.5
44.0
51.5625
65.4375
80.75
93.3125
101.625
107.75
114.375
121.5625
126.5625
129.0625
130.875
131.9375
132.1875
130.75
126.25
118.9375
110.25
99.6875
88.375
81.5
80.875
80.9375
79.4375
77.1875
74.6875
72.3125
70.1875
68.1875
66.1875
64.3125
62.5
60.75
59.1875
57.8125
56.625
55.5625
54.5
53.5
52.5625
51.6875
50.875
50.125
49.4375
48.875
48.25
47.5625
46.875
46.375
46.0625
45.6875
45.25
44.5625
43.6875
42.9375
42.375
42.125
42.0
41.8125
42.0625
46.25
57.6875
73.3125
88.0
98.5625
105.0
110.6875
117.75
124.8125
129.3125
131.25
132.4375
133.0
131.9375
129.375
124.4375
116.5625
106.1875
94.375
84.6875
81.75
82.0625
80.875
78.75
76.3125
73.875
71.6875
69.6875
67.8125
65.9375
63.9375
61.875
60.375
59.5625
58.875
58.1875
58.75
63.25
71.0
77.75
81.625
83.0
82.8125
82.0
80.375
77.3125
72.5
66.375
60.5
57.9375
58.5625
59.25
59.375
58.875
57.75
56.4375
55.3125
54.3125
53.375
52.5
51.5625
50.5625
49.625
48.75
48.0
47.3125
46.75
46.1875
45.6875
45.125
44.5
43.875
43.3125
42.8125
42.5
42.125
41.6875
41.3125
40.875
40.5
40.0625
39.6875
39.375
39.1875
38.9375
38.75
38.4375
38.125
38.0
38.0
38.0
37.875
37.4375
36.8125
36.25
35.875
35.8125
35.9375
36.6875
41.75
54.6875
73.0
91.0625
104.1875
112.5
120.5
128.75
133.8125
136.6875
139.875
142.1875
142.125
141.375
138.75
133.625
126.125
116.4375
104.9375
92.8125
84.75
83.4375
83.5625
82.0
79.625
76.875
74.1875
71.9375
69.875
67.8125
65.8125
63.9375
62.125
60.5
59.0625
57.875
56.6875
55.5625
54.5
53.5
52.5625
51.6875
50.9375
50.125
49.4375
48.9375
48.3125
47.5625
46.875
46.4375
46.125
45.75
45.1875
44.5
43.5625
42.8125
42.3125
42.125
42.0625
41.9375
43.5625
51.625
66.1875
82.1875
95.0
103.125
109.0
115.6875
122.6875
127.8125
130.6875
132.0
132.9375
132.0
128.375
124.1875
118.0625
109.75
99.125
87.5625
80.5625
79.875
79.875
78.3125
76.0625
73.375
70.875
68.75
66.75
65.0
63.1875
61.4375
59.8125
58.3125
57.0625
55.8125
54.75
53.6875
52.6875
51.875
51.125
50.3125
49.5625
48.875
48.3125
47.625
47.0
46.5625
46.3125
46.1875
45.6875
45.0
44.125
43.3125
42.6875
42.4375
42.4375
42.3125
42.1875
44.875
54.6875
70.0625
85.4375
96.6875
103.6875
109.8125
117.3125
124.25
128.0625
130.375
132.0
132.375
131.8125
130.125
125.25
117.5625
108.0
96.8125
86.0
80.8125
81.0625
80.9375
79.1875
76.6875
74.0
71.5625
69.4375
67.4375
65.5625
63.6875
61.9375
60.25
58.75
57.4375
56.25
55.125
54.125
53.125
52.1875
51.375
50.5625
49.8125
49.1875
48.5625
47.875
47.1875
46.6875
46.375
46.0
45.5
44.875
44.0
43.1875
42.5625
42.25
42.25
42.125
42.375
46.875
58.6875
74.4375
89.0625
99.4375
106.125
112.8125
120.4375
126.125
129.25
131.125
132.1875
132.8125
132.0625
129.0625
123.875
116.0625
105.375
93.125
83.75
81.375
82.1875
81.1875
78.9375
76.375
73.8125
71.5625
69.5625
67.5625
65.625
63.75
62.0
60.375
58.9375
57.6875
56.5
55.4375
54.375
53.375
52.4375
51.625
50.8125
50.0625
49.4375
48.875
48.25
47.5
46.9375
46.5625
46.25
45.875
45.3125
44.5625
43.6875
42.9375
42.5625
42.375
42.25
42.0625
43.8125
51.9375
66.375
82.1875
95.0
103.0
109.0
116.0625
123.0
127.0625
129.5
132.1875
133.75
133.625
131.9375
127.8125
120.9375
112.0
101.125
89.5625
82.625
82.125
82.125
80.4375
78.1875
75.5625
73.1875
71.125
69.125
67.125
65.25
63.375
61.75
60.25
58.9375
57.6875
56.5625
55.5625
54.5625
53.5625
52.8125
52.0
51.25
50.5625
49.9375
49.3125
48.6875
48.0625
47.6875
47.5
47.25
46.75
45.9375
45.0
44.0
43.3125
43.0
43.0
42.9375
42.75
44.8125
53.5
68.1875
83.6875
95.6875
103.25
109.3125
116.3125
123.3125
128.25
130.875
132.625
134.375
133.9375
131.375
127.3125
120.5625
111.8125
101.1875
89.75
82.875
82.1875
82.0625
80.3125
78.0
75.375
72.8125
70.6875
68.6875
66.6875
64.75
62.9375
61.25
59.75
58.375
57.1875
56.0625
55.0
53.9375
52.9375
52.125
51.375
50.75
50.0625
49.3125
48.5625
48.0
47.625
47.1875
46.625
45.875
45.0
44.1875
43.5625
43.1875
43.0625
42.9375
43.125
47.125
58.3125
73.75
88.25
98.5
105.0
111.375
118.75
124.6875
128.0
130.0625
131.75
132.375
131.0
128.375
123.9375
116.25
106.0625
94.1875
84.3125
81.0625
81.4375
80.4375
78.3125
75.8125
73.25
71.0
69.0
67.0
65.125
63.25
61.4375
59.9375
58.5625
57.3125
56.25
55.1875
54.1875
53.1875
52.3125
51.5
50.6875
50.0
49.4375
48.8125
48.0625
47.5625
47.3125
47.0625
46.625
46.0
45.125
44.25
43.5625
43.1875
43.125
43.125
42.875
44.375
52.0
66.125
81.625
94.0
101.875
108.0
115.0
122.625
128.1875
130.625
131.875
133.1875
132.6875
130.3125
126.375
120.75
112.625
101.375
89.375
82.125
81.375
81.6875
80.25
77.9375
75.3125
72.6875
70.5
68.5
66.5
64.5625
62.75
61.0
59.5
58.125
56.875
55.6875
54.6875
53.625
52.6875
51.8125
51.0625
50.3125
49.6875
49.0625
48.3125
47.625
47.125
46.8125
46.4375
45.875
45.125
44.25
43.5
42.875
42.5625
42.5
42.3125
42.8125
48.0625
60.5
76.1875
90.375
100.125
106.5625
113.25
120.4375
125.5
128.8125
131.5
133.125
133.125
131.5
128.0
122.4375
114.875
104.6875
92.5
82.9375
80.5625
81.0625
80.0
78.0
75.5
73.0
70.75
68.75
66.8125
65.0625
63.25
61.4375
59.8125
58.375
57.125
56.0
54.9375
53.875
52.875
51.9375
51.125
50.375
49.6875
49.125
48.5
47.6875
47.0
46.5625
46.25
45.875
45.3125
44.5625
43.75
42.9375
42.375
42.1875
42.125
41.875
43.0625
50.125
63.8125
79.4375
92.6875
101.25
107.1875
113.6875
120.5625
125.5625
128.3125
131.0625
132.6875
132.25
130.3125
126.125
119.5
111.3125
101.4375
90.3125
82.5
81.3125
81.5625
80.125
77.75
75.125
72.5625
70.4375
68.4375
66.5
64.5625
62.6875
60.9375
59.5
58.1875
56.9375
55.8125
54.8125
53.8125
53.0
52.1875
51.375
50.625
49.9375
49.375
48.8125
48.125
47.5625
47.125
46.9375
46.625
46.0625
45.25
44.25
43.3125
42.6875
42.375
42.3125
42.1875
42.1875
45.5
55.8125
71.0625
86.125
97.125
104.0
110.125
117.75
125.0
129.125
131.4375
133.625
133.6875
132.1875
130.5
126.5625
119.0
109.25
98.1875
87.25
81.4375
81.3125
81.25
79.4375
77.0625
74.3125
71.8125
69.75
67.75
65.75
63.8125
62.0625
60.375
58.875
57.5625
56.375
55.25
54.1875
53.1875
52.25
51.375
50.625
49.875
49.1875
48.5625
47.9375
47.1875
46.625
46.1875
45.875
45.4375
44.8125
44.0
43.1875
42.4375
42.0
41.875
41.75
41.625
44.3125
53.75
68.5
83.75
95.5
103.0
109.5
117.1875
123.5625
126.3125
127.9375
130.5
133.1875
133.3125
129.8125
124.6875
118.1875
109.0625
97.5625
86.375
80.625
80.75
80.875
79.375
77.125
74.5625
72.125
69.9375
67.9375
66.0625
64.25
62.5
60.9375
59.5
58.25
57.0625
56.0625
55.0625
54.125
53.3125
52.4375
51.625
50.875
50.0625
49.1875
48.375
47.75
47.3125
47.0625
46.5625
45.75
44.8125
43.875
43.125
42.75
42.625
42.5625
42.5
44.5
52.875
67.25
82.625
94.8125
102.5
108.6875
115.6875
122.375
126.8125
128.8125
130.8125
132.5
132.875
130.6875
125.875
119.5625
111.125
100.125
88.625
81.75
81.0
80.9375
79.375
77.1875
74.625
72.0625
69.875
67.8125
65.8125
63.9375
62.1875
60.4375
58.9375
57.6875
56.4375
55.3125
54.25
53.1875
52.25
51.3125
50.5
49.6875
48.9375
48.375
47.75
47.125
46.375
45.8125
45.4375
45.0625
44.625
44.0
43.1875
42.3125
41.5625
41.125
40.9375
40.8125
40.8125
43.6875
53.5
68.625
83.875
95.5
102.8125
109.0
116.25
122.5
126.8125
130.25
132.375
132.625
131.125
128.75
125.3125
118.875
108.9375
97.125
86.1875
80.75
80.75
80.625
78.875
76.5
73.9375
71.5625
69.4375
67.5
65.6875
63.875
62.125
60.5625
59.0625
57.8125
56.625
55.625
54.625
53.625
52.5625
51.5625
50.75
50.0
49.25
48.625
47.875
47.1875
46.75
46.375
46.0
45.375
44.5
43.625
42.8125
42.25
42.0625
42.0
41.8125
42.8125
49.0625
62.125
77.5625
91.0
99.875
105.75
112.25
119.75
125.1875
128.125
130.375
131.375
131.125
129.6875
126.3125
120.8125
112.9375
102.375
90.3125
81.625
79.8125
80.125
78.875
76.6875
74.125
71.6875
69.5
67.5625
65.625
63.75
62.0
60.3125
58.75
57.25
56.0
54.75
53.625
52.9375
52.8125
53.4375
57.0625
64.9375
73.0
78.625
81.375
82.0
81.8125
81.1875
79.5
76.3125
71.6875
65.9375
60.0
56.5
56.625
57.375
57.3125
56.75
55.875
55.0
54.0
52.875
51.625
50.375
49.125
48.125
47.25
46.5
45.75
45.0625
44.5
43.875
43.375
42.875
42.3125
41.8125
41.375
40.875
40.375
39.875
39.5
39.0625
38.6875
38.3125
37.875
37.5
37.1875
36.9375
36.6875
36.4375
36.25
36.0
35.8125
35.5625
35.3125
35.0625
34.8125
34.625
34.5
34.3125
34.125
33.9375
33.875
33.875
33.8125
33.6875
33.6875
33.8125
33.9375
33.9375
33.75
33.3125
32.8125
32.4375
32.3125
32.3125
32.3125
33.625
40.0625
53.8125
71.375
87.8125
99.4375
107.0625
115.125
123.625
129.375
131.75
132.9375
133.8125
133.75
132.5625
129.6875
124.0625
116.375
106.6875
95.0
83.9375
78.0
77.5625
77.5625
76.125
74.0
71.5
69.0625
66.875
65.0
63.25
61.5
59.6875
57.9375
56.5
55.1875
54.0625
52.9375
51.875
50.875
49.875
49.0625
48.25
47.5
46.75
46.125
45.625
45.0625
44.375
43.75
43.3125
43.0625
42.75
42.3125
41.75
40.875
40.125
39.5
39.125
39.0
38.875
39.0625
42.4375
52.375
66.5
80.625
91.625
98.6875
104.4375
110.9375
116.5
120.1875
122.125
123.0625
123.5
122.4375
119.4375
114.625
107.5625
98.3125
87.5625
77.75
73.5625
73.75
73.5
72.0625
69.9375
67.375
65.1875
63.375
61.625
59.875
58.125
56.5
55.0
53.625
52.4375
51.375
50.375
49.375
48.4375
47.6875
46.9375
46.1875
45.625
45.0625
44.4375
43.75
43.1875
42.75
42.375
41.9375
41.375
40.625
39.8125
39.0625
38.5625
38.375
38.25
38.0625
39.875
47.625
61.1875
76.1875
88.75
97.0625
103.3125
110.25
116.3125
119.75
121.9375
123.25
124.5
125.0
122.1875
117.1875
111.1875
103.125
92.9375
82.375
76.0
75.125
75.0625
73.625
71.6875
69.4375
67.25
65.375
63.6875
62.0625
60.1875
58.4375
57.1875
56.5
55.875
55.3125
56.6875
62.0
68.875
74.0
76.625
77.0
76.25
74.6875
72.375
68.6875
63.5625
57.6875
53.375
52.625
53.375
53.75
53.625
52.8125
51.5625
50.375
49.3125
48.3125
47.5
46.625
45.75
45.0
44.25
43.625
42.9375
42.3125
41.75
41.25
40.8125
40.375
39.875
39.4375
39.0
38.625
38.25
37.875
37.5
37.1875
36.8125
36.5
36.125
35.8125
35.625
35.375
35.1875
35.0625
34.875
34.75
34.75
34.6875
34.5625
34.375
33.875
33.3125
32.8125
32.625
32.5
32.5625
34.625
43.0625
58.5625
76.8125
92.8125
103.5
110.875
118.125
124.125
128.75
131.75
132.25
132.25
132.1875
130.5625
126.125
119.625
111.0625
100.5625
89.3125
79.9375
76.5625
76.6875
75.875
74.125
71.875
69.3125
67.1875
65.25
63.5
61.8125
60.0625
58.5
57.0
55.625
54.4375
53.25
52.25
51.375
50.5
49.625
48.875
48.125
47.4375
46.875
46.375
45.875
45.25
44.75
44.3125
44.125
44.0
43.625
43.0
42.0625
41.0625
40.3125
39.875
39.875
39.75
39.6875
41.875
50.6875
65.4375
80.875
93.0
100.375
105.625
111.8125
118.5
123.6875
126.25
126.9375
127.3125
126.1875
123.1875
119.0625
112.6875
103.4375
92.375
81.625
75.875
75.5
75.1875
73.6875
71.6875
69.375
67.1875
65.3125
63.75
62.0625
59.9375
58.0625
56.8125
56.0
55.375
55.0
56.5
61.5
67.75
72.25
74.5
74.6875
73.375
71.1875
68.0
63.5625
58.125
53.0625
51.125
51.5625
52.0625
52.125
51.75
50.6875
49.5625
48.5625
47.625
46.875
46.1875
45.4375
44.6875
44.0
43.3125
42.6875
42.125
41.5625
41.0625
40.5625
40.0625
39.75
39.375
39.0625
38.6875
38.3125
38.0
37.75
37.5
37.1875
36.9375
36.6875
36.5
36.375
36.25
36.125
35.9375
35.875
35.875
36.0625
36.0625
35.75
35.125
34.3125
33.625
33.3125
33.3125
33.3125
34.125
39.75
53.3125
71.5
88.8125
101.125
108.625
116.125
123.25
127.625
129.875
131.5
133.4375
134.625
132.5
128.4375
122.8125
113.9375
103.3125
92.0
81.6875
76.875
76.875
76.5625
74.9375
72.8125
70.3125
68.0
66.0
64.0625
62.25
60.4375
58.6875
57.1875
55.6875
54.4375
53.3125
52.1875
51.1875
50.1875
49.3125
48.5625
47.8125
47.0625
46.3125
45.75
45.25
44.75
44.125
43.5
43.125
42.75
42.4375
41.9375
41.3125
40.4375
39.75
39.3125
39.0625
38.9375
38.8125
40.375
48.0
62.1875
78.0625
91.1875
99.6875
105.4375
111.8125
118.0625
121.875
124.1875
125.5
126.0625
125.1875
121.875
117.125
111.125
102.6875
91.875
80.8125
75.0625
74.75
74.5625
73.3125
71.5625
69.3125
67.0625
65.0
63.0
61.125
59.4375
57.6875
56.1875
54.75
53.4375
52.25
51.25
50.3125
49.4375
48.6875
47.9375
47.25
46.5
45.8125
45.3125
44.8125
44.25
43.6875
43.3125
43.125
42.8125
42.375
41.75
40.9375
40.1875
39.75
39.625
39.5625
39.375
39.875
44.8125
57.0
72.75
87.0
96.875
103.25
109.3125
115.9375
120.8125
123.625
125.3125
126.4375
126.75
124.3125
119.6875
114.1875
106.875
97.125
85.75
77.25
75.375
76.0625
75.3125
73.625
71.375
68.9375
66.8125
64.8125
63.0625
61.3125
59.5625
57.875
56.375
55.0625
53.9375
52.875
51.875
50.875
49.9375
49.1875
48.375
47.6875
47.125
46.5625
45.9375
45.1875
44.5625
44.125
43.875
43.5
42.875
42.25
41.375
40.6875
40.25
40.125
40.0
39.875
41.4375
48.875
62.625
78.0625
90.8125
99.0
104.875
111.4375
118.0625
123.0
126.1875
127.125
127.0625
126.0625
122.875
118.5625
113.125
104.9375
93.75
82.5
76.4375
76.1875
76.25
74.9375
73.0
70.6875
68.4375
66.5
64.6875
62.9375
61.25
59.5625
58.0625
56.75
55.5
54.375
53.3125
52.375
51.4375
50.625
49.875
49.125
48.5
47.9375
47.4375
46.875
46.375
45.875
45.625
45.5
45.1875
44.75
44.0625
43.1875
42.3125
41.6875
41.4375
41.3125
41.0625
41.625
47.0625
59.5625
75.0
88.75
98.0
103.875
110.125
117.75
123.3125
126.125
128.125
129.1875
127.875
125.4375
123.25
118.625
110.4375
99.875
88.25
79.9375
78.125
78.4375
77.5
75.6875
73.3125
70.875
68.75
66.75
65.0
63.1875
61.375
59.6875
58.1875
56.875
55.625
54.5
53.4375
52.375
51.4375
50.5625
49.8125
49.0625
48.5
47.875
47.125
46.5
46.0
45.6875
45.25
44.6875
44.0
43.125
42.375
41.875
41.6875
41.5
41.25
42.375
48.875
62.0625
77.4375
90.5625
99.1875
105.1875
111.8125
118.9375
123.625
125.9375
127.4375
128.75
128.0625
125.3125
121.5
115.5
106.75
95.6875
84.5625
78.4375
78.0
78.0625
76.6875
74.8125
72.4375
70.125
67.9375
65.9375
64.0625
62.25
60.5
58.875
57.375
56.0625
54.875
53.75
52.6875
51.6875
50.6875
49.9375
49.1875
48.5
47.9375
47.375
46.75
46.0625
45.5
45.0625
44.875
44.5625
44.0625
43.375
42.5625
41.75
41.375
41.25
41.1875
40.9375
42.125
48.8125
62.3125
78.0
91.1875
99.6875
105.4375
111.5625
118.5625
123.9375
126.9375
129.0625
129.8125
128.4375
126.1875
122.3125
116.0625
107.8125
97.4375
86.3125
79.5
79.0
79.1875
77.75
75.6875
73.125
70.5625
68.3125
66.375
64.4375
62.625
60.9375
59.375
57.875
56.5625
55.375
54.25
53.1875
52.1875
51.25
50.4375
49.625
48.875
48.1875
47.625
47.0
46.3125
45.6875
45.3125
44.9375
44.5625
44.0
43.3125
42.4375
41.75
41.25
41.0
40.8125
40.75
42.3125
49.9375
63.8125
79.1875
91.875
100.0625
105.6875
111.9375
118.75
123.8125
126.9375
128.3125
128.375
127.9375
125.75
121.125
114.5
105.6875
94.6875
83.75
78.0625
78.25
78.4375
76.875
74.625
72.1875
69.9375
67.9375
66.0
64.1875
62.4375
60.8125
59.3125
57.875
56.625
55.4375
54.4375
53.5
52.625
51.8125
51.0625
50.375
49.625
49.0625
48.5
47.875
47.125
46.625
46.3125
46.0
45.4375
44.6875
43.75
42.75
42.0
41.625
41.5
41.375
41.1875
42.875
50.625
64.625
80.0
92.5
100.5
106.5
113.4375
120.5
125.125
127.375
128.8125
129.625
129.375
127.375
123.125
117.0625
108.1875
96.75
85.375
78.9375
78.5
78.75
77.4375
75.4375
73.0625
70.6875
68.5625
66.5625
64.625
62.75
61.0
59.375
57.875
56.4375
55.1875
54.125
53.125
52.125
51.25
50.375
49.625
48.875
48.25
47.625
46.9375
46.1875
45.625
45.25
44.875
44.4375
43.8125
43.0625
42.1875
41.625
41.3125
41.0625
40.875
40.9375
44.375
54.6875
69.75
84.625
95.625
102.3125
108.25
115.0625
120.6875
123.9375
126.625
128.25
127.3125
126.1875
124.625
119.75
112.25
102.625
91.0625
81.125
77.75
78.3125
77.8125
76.25
74.25
71.875
69.5625
67.4375
65.4375
63.5625
61.75
60.1875
58.6875
57.1875
55.9375
54.75
54.0
53.5625
52.875
52.9375
56.75
66.125
77.3125
86.0625
91.375
94.1875
96.375
98.375
99.25
98.5
95.8125
90.875
83.5625
74.9375
67.625
65.375
66.3125
66.625
65.9375
64.5
62.6875
60.9375
59.4375
58.0
56.625
55.25
53.875
52.625
51.375
50.3125
49.375
48.5625
47.8125
47.0625
46.3125
45.6875
45.0625
44.5
44.0
43.5
43.0
42.4375
41.9375
41.4375
41.0
40.5625
40.0625
39.625
39.25
38.9375
38.6875
38.4375
38.1875
37.875
37.75
37.6875
37.625
37.4375
37.0625
36.5
35.875
35.4375
35.25
35.1875
35.75
40.0
51.8125
69.1875
86.5625
99.75
108.125
115.625
123.4375
128.5
132.25
135.375
136.0
137.0625
137.25
132.875
127.5625
121.75
112.8125
101.5
89.5625
81.375
79.8125
79.9375
78.5625
76.5
73.9375
71.375
69.125
67.0625
65.0625
63.125
61.3125
59.625
58.0625
56.6875
55.4375
54.3125
53.1875
52.1875
51.1875
50.3125
49.4375
48.625
47.875
47.25
46.6875
46.0625
45.4375
44.8125
44.3125
43.875
43.5625
43.125
42.5
41.6875
40.875
40.25
39.875
39.6875
39.5625
40.75
47.25
60.4375
75.6875
89.0
98.0625
104.1875
110.5625
116.625
121.375
124.375
125.4375
126.125
126.1875
123.6875
120.125
114.875
106.375
95.625
84.375
77.0
75.6875
76.0
75.0
73.1875
70.875
68.5
66.3125
64.375
62.5
60.75
59.125
57.5625
56.0625
54.8125
53.625
52.5
51.5
50.5625
49.75
48.9375
48.125
47.3125
46.625
46.0625
45.625
45.0
44.4375
43.9375
43.6875
43.5625
43.25
42.75
41.9375
41.0
