0
0.708251953125
0.7041015625
0.69580078125
0.68310546875
0.670654296875
0.662353515625
0.64990234375
0.637451171875
0.62060546875
0.60400390625
0.58740234375
0.57080078125
0.553955078125
0.537353515625
0.520751953125
0.504150390625
0.49560546875
0.47900390625
0.466552734375
0.4541015625
0.449951171875
0.4541015625
0.46240234375
0.4873046875
0.504150390625
0.529052734375
0.55810546875
0.5791015625
0.595703125
0.5927734375
0.599853515625
0.59619140625
0.5927734375
0.585693359375
0.57470703125
0.567626953125
0.560546875
0.553466796875
0.546142578125
0.5390625
0.531982421875
0.52490234375
0.51416015625
0.507080078125
0.5
0.49267578125
0.48193359375
0.4677734375
0.453369140625
0.439208984375
0.4248046875
0.41064453125
0.39990234375
0.392822265625
0.392822265625
0.39990234375
0.41064453125
0.431884765625
0.449951171875
0.47119140625
0.478515625
0.48193359375
0.496337890625
0.50341796875
0.510498046875
0.51416015625
0.510498046875
0.50341796875
0.5
0.5
0.49267578125
0.485595703125
0.478515625
0.474853515625
0.4677734375
0.464111328125
0.45703125
0.449951171875
0.4462890625
0.439208984375
0.428466796875
0.417724609375
0.41064453125
0.39990234375
0.38916015625
0.37841796875
0.371337890625
0.3642578125
0.3642578125
0.371337890625
0.3818359375
0.4033203125
0.428466796875
0.45703125
0.478515625
0.5
0.510498046875
0.521240234375
0.528564453125
0.528564453125
0.528564453125
0.528564453125
0.521240234375
0.521240234375
0.521240234375
0.521240234375
0.51416015625
0.51416015625
0.51416015625
0.507080078125
0.507080078125
0.50341796875
0.5
0.5
0.496337890625
0.489013671875
0.48193359375
0.471435546875
0.46044921875
0.45703125
0.449951171875
0.45703125
0.4677734375
0.485595703125
0.50341796875
0.531982421875
0.564208984375
0.5927734375
0.621337890625
0.646240234375
0.660400390625
0.67138671875
0.678466796875
0.678466796875
0.678466796875
0.6748046875
0.67138671875
0.67138671875
0.6640625
0.6640625
0.660400390625
0.656982421875
0.64990234375
0.646240234375
0.6318359375
0.61767578125
0.603271484375
0.589111328125
0.57470703125
0.560546875
0.546142578125
0.5390625
0.52490234375
0.517578125
0.51416015625
0.517578125
0.531982421875
0.546142578125
0.5712890625
0.599853515625
0.621337890625
0.646240234375
0.660400390625
0.67138671875
0.678466796875
0.678466796875
0.667724609375
0.6533203125
0.63916015625
0.624755859375
0.610595703125
0.603271484375
0.589111328125
0.57470703125
0.560546875
0.553466796875
0.5390625
0.528564453125
0.517578125
0.50341796875
0.496337890625
0.48193359375
0.4677734375
0.453369140625
0.439208984375
0.4248046875
0.414306640625
0.406982421875
0.406982421875
0.414306640625
0.4248046875
0.442626953125
0.464111328125
0.485595703125
0.5
0.510498046875
0.521240234375
0.528564453125
0.52490234375
0.521240234375
0.51416015625
0.507080078125
0.5
0.496337890625
0.489013671875
0.478515625
0.471435546875
0.464111328125
0.46044921875
0.453369140625
0.4462890625
0.439208984375
0.431884765625
0.4248046875
0.414306640625
0.4033203125
0.38916015625
0.37841796875
0.36767578125
0.360595703125
0.35693359375
0.35693359375
0.360595703125
0.374755859375
0.396240234375
0.417724609375
0.442626953125
0.464111328125
0.48193359375
0.49267578125
0.5
0.5
0.496337890625
0.49267578125
0.485595703125
0.478515625
0.474853515625
0.471435546875
0.4677734375
0.464111328125
0.464111328125
0.45703125
0.45703125
0.45703125
0.449951171875
0.4462890625
0.439208984375
0.435546875
0.428466796875
0.42138671875
0.41064453125
0.406982421875
0.39990234375
0.39990234375
0.41064453125
0.4248046875
0.442626953125
0.47119140625
0.499755859375
0.5283203125
0.556884765625
0.578369140625
0.59619140625
0.60693359375
0.6142578125
0.6142578125
0.6142578125
0.6142578125
0.6142578125
0.6142578125
0.6142578125
0.6142578125
0.60693359375
0.60693359375
0.60693359375
0.603271484375
0.599853515625
0.5927734375
0.585693359375
0.57470703125
0.564208984375
0.553466796875
0.542724609375
0.531982421875
0.521240234375
0.51416015625
0.507080078125
0.510498046875
0.517578125
0.5390625
0.564208984375
0.58544921875
0.614013671875
0.642578125
0.660400390625
0.678466796875
0.685546875
0.685546875
0.685546875
0.678466796875
0.667724609375
0.6533203125
0.63916015625
0.62841796875
0.61767578125
0.603271484375
0.589111328125
0.57470703125
0.564208984375
0.553466796875
0.5390625
0.52490234375
0.510498046875
0.5
0.489013671875
0.474853515625
0.46044921875
0.4462890625
0.431884765625
0.4248046875
0.42138671875
0.42138671875
0.428466796875
0.442626953125
0.46044921875
0.48193359375
0.5
0.510498046875
0.517578125
0.52490234375
0.521240234375
0.521240234375
0.51416015625
0.50341796875
0.5
0.496337890625
0.485595703125
0.478515625
0.471435546875
0.458251953125
0.449951171875
0.441650390625
0.433349609375
0.420654296875
0.412353515625
0.395751953125
0.379150390625
0.37060546875
0.35400390625
0.33740234375
0.32080078125
0.3125
0.2998046875
0.2998046875
0.2998046875
0.3125
0.3291015625
0.349853515625
0.38330078125
0.408203125
0.43310546875
0.449951171875
0.458251953125
0.458251953125
0.458251953125
0.449951171875
0.441650390625
0.4375
0.428955078125
0.420654296875
0.41650390625
0.408203125
0.404052734375
0.39990234375
0.395751953125
0.387451171875
0.38330078125
0.375
0.366455078125
0.358154296875
0.349853515625
0.341552734375
0.333251953125
0.333251953125
0.324951171875
0.333251953125
0.33740234375
0.35400390625
0.379150390625
0.408203125
0.44580078125
0.483154296875
0.50830078125
0.533203125
0.553955078125
0.562255859375
0.566650390625
0.566650390625
0.566650390625
0.566650390625
0.562255859375
0.55810546875
0.55810546875
0.553955078125
0.5498046875
0.5498046875
0.545654296875
0.54150390625
0.537353515625
0.533203125
0.52490234375
0.5166015625
0.50830078125
0.5
0.5
0.4873046875
0.47900390625
0.474853515625
0.466552734375
0.474853515625
0.483154296875
0.5
0.52490234375
0.553955078125
0.591552734375
0.624755859375
0.64990234375
0.6748046875
0.691650390625
0.699951171875
0.699951171875
0.699951171875
0.699951171875
0.691650390625
0.687255859375
0.68310546875
0.6748046875
0.66650390625
0.654052734375
0.637451171875
0.629150390625
0.6123046875
0.595703125
0.5791015625
0.562255859375
0.545654296875
0.533203125
0.520751953125
0.504150390625
0.49560546875
0.47900390625
0.46240234375
0.449951171875
0.441650390625
0.44580078125
0.4541015625
0.470703125
0.49560546875
0.512451171875
0.537353515625
0.553955078125
0.57080078125
0.574951171875
0.564208984375
0.564208984375
0.55712890625
0.5498046875
0.5390625
0.531982421875
0.52490234375
0.517578125
0.507080078125
0.5
0.5
0.489013671875
0.48193359375
0.474853515625
0.464111328125
0.453369140625
0.439208984375
0.4248046875
0.414306640625
0.4033203125
0.38916015625
0.374755859375
0.3642578125
0.35693359375
0.35693359375
0.3642578125
0.374755859375
0.396240234375
0.4140625
0.431884765625
0.453369140625
0.464111328125
0.471435546875
0.471435546875
0.471435546875
0.471435546875
0.471435546875
0.4677734375
0.464111328125
0.45703125
0.449951171875
0.44287109375
0.439208984375
0.431884765625
0.428466796875
0.42138671875
0.417724609375
0.41064453125
0.4033203125
0.39990234375
0.38916015625
0.3818359375
0.371337890625
0.360595703125
0.353271484375
0.3427734375
0.33203125
0.328369140625
0.328369140625
0.339111328125
0.35693359375
0.37841796875
0.41064453125
0.442626953125
0.4677734375
0.489013671875
0.5
0.507080078125
0.51416015625
0.51416015625
0.51416015625
0.510498046875
0.507080078125
0.507080078125
0.50341796875
0.5
0.5
0.5
0.5
0.5
0.5
0.5
0.496337890625
0.49267578125
0.485595703125
0.478515625
0.474853515625
0.464111328125
0.46044921875
0.45703125
0.453369140625
0.46044921875
0.47119140625
0.49267578125
0.51416015625
0.542724609375
0.5712890625
0.60693359375
0.6318359375
0.6533203125
0.667724609375
0.678466796875
0.685546875
0.685546875
0.685546875
0.678466796875
0.678466796875
0.67138671875
0.67138671875
0.667724609375
0.6640625
0.656982421875
0.6533203125
0.646240234375
0.6318359375
0.61767578125
0.603271484375
0.589111328125
0.57470703125
0.560546875
0.546142578125
0.531982421875
0.52490234375
0.51416015625
0.51416015625
0.51416015625
0.52490234375
0.542724609375
0.564208984375
0.5927734375
0.614013671875
0.635498046875
0.6533203125
0.660400390625
0.6640625
0.6640625
0.656982421875
0.646240234375
0.6318359375
0.61767578125
0.603271484375
0.589111328125
0.578369140625
0.567626953125
0.55712890625
0.546142578125
0.5390625
0.52490234375
0.517578125
0.50341796875
0.496337890625
0.48193359375
0.4677734375
0.453369140625
0.439208984375
0.4248046875
0.41064453125
0.406982421875
0.406982421875
0.41064453125
0.417724609375
0.439208984375
0.45703125
0.474853515625
0.49267578125
0.5
0.507080078125
0.507080078125
0.507080078125
0.50341796875
0.5
0.496337890625
0.485595703125
0.478515625
0.471435546875
0.464111328125
0.45703125
0.453369140625
0.4462890625
0.439208984375
0.431884765625
0.4248046875
0.417724609375
0.4033203125
0.40673828125
0.393798828125
0.387451171875
0.37451171875
0.364990234375
0.3583984375
0.35205078125
0.355224609375
0.361572265625
0.377685546875
0.39697265625
0.416259765625
0.438720703125
0.4580078125
0.470947265625
0.48388671875
0.487060546875
0.490234375
0.487060546875
0.487060546875
0.480712890625
0.477294921875
0.47412109375
0.4677734375
0.464599609375
0.46142578125
0.4580078125
0.454833984375
0.454833984375
0.45166015625
0.448486328125
0.442138671875
0.438720703125
0.432373046875
0.426025390625
0.41943359375
0.4130859375
0.40673828125
0.403564453125
0.40673828125
0.4130859375
0.42919921875
0.448486328125
0.477294921875
0.503173828125
0.525390625
0.55126953125
0.57373046875
0.586669921875
0.59619140625
0.602783203125
0.602783203125
0.602783203125
0.602783203125
0.602783203125
0.602783203125
0.599365234375
0.59619140625
0.59619140625
0.593017578125
0.58984375
0.58984375
0.58349609375
0.576904296875
0.57373046875
0.564208984375
0.5576171875
0.548095703125
0.538330078125
0.52880859375
0.51904296875
0.5126953125
0.5126953125
0.515869140625
0.522216796875
0.54150390625
0.56396484375
0.58984375
0.615478515625
0.634765625
0.6572265625
0.6669921875
0.67333984375
0.67333984375
0.67333984375
0.6669921875
0.66064453125
0.65087890625
0.64453125
0.631591796875
0.61865234375
0.60595703125
0.593017578125
0.580078125
0.560791015625
0.554443359375
0.54150390625
0.52880859375
0.515869140625
0.503173828125
0.49658203125
0.48388671875
0.470947265625
0.4580078125
0.4453125
0.438720703125
0.435546875
0.435546875
0.4453125
0.4580078125
0.470947265625
0.490234375
0.503173828125
0.515869140625
0.522216796875
0.525634765625
0.525634765625
0.51904296875
0.5126953125
0.50634765625
0.5
0.49658203125
0.487060546875
0.480712890625
0.466552734375
0.4541015625
0.44580078125
0.4375
0.4248046875
0.412353515625
0.395751953125
0.387451171875
0.37060546875
0.35400390625
0.33740234375
0.32080078125
0.308349609375
0.295654296875
0.287353515625
0.283203125
0.29150390625
0.303955078125
0.324951171875
0.358154296875
0.38330078125
0.412353515625
0.4248046875
0.44580078125
0.46240234375
0.466552734375
0.466552734375
0.466552734375
0.458251953125
0.449951171875
0.441650390625
0.433349609375
0.428955078125
0.4248046875
0.41650390625
0.41650390625
0.408203125
0.408203125
0.39990234375
0.3916015625
0.38330078125
0.37060546875
0.358154296875
0.345703125
0.3291015625
0.32080078125
0.3125
0.308349609375
0.3125
0.32080078125
0.345703125
0.37060546875
0.404052734375
0.441650390625
0.474853515625
0.504150390625
0.52490234375
0.545654296875
0.553955078125
0.55810546875
0.566650390625
0.55810546875
0.55810546875
0.553955078125
0.5498046875
0.5498046875
0.54150390625
0.54150390625
0.54150390625
0.537353515625
0.533203125
0.529052734375
0.52490234375
0.5166015625
0.50830078125
0.5
0.5
0.491455078125
0.483154296875
0.474853515625
0.466552734375
0.466552734375
0.474853515625
0.4873046875
0.504150390625
0.533203125
0.56640625
0.599853515625
0.63330078125
0.662353515625
0.678955078125
0.691650390625
0.699951171875
0.699951171875
0.699951171875
0.69580078125
0.687255859375
0.68310546875
0.6748046875
0.670654296875
0.662353515625
0.645751953125
0.63330078125
0.62060546875
0.60400390625
0.58740234375
0.57080078125
0.553955078125
0.537353515625
0.520751953125
0.50830078125
0.5
0.4873046875
0.470703125
0.46240234375
0.458251953125
0.458251953125
0.470703125
0.4873046875
0.504150390625
0.529052734375
0.545654296875
0.553955078125
0.566650390625
0.567626953125
0.5712890625
0.5712890625
0.564208984375
0.55712890625
0.5498046875
0.5390625
0.531982421875
0.52490234375
0.51416015625
0.507080078125
0.5
0.496337890625
0.489013671875
0.48193359375
0.471435546875
0.46044921875
0.4462890625
0.439208984375
0.4248046875
0.41064453125
0.396240234375
0.3818359375
0.36767578125
0.360595703125
0.35693359375
0.360595703125
0.36767578125
0.3818359375
0.4033203125
0.42138671875
0.439208984375
0.453369140625
0.4677734375
0.471435546875
0.471435546875
0.471435546875
0.4677734375
0.46044921875
0.453369140625
0.449951171875
0.44287109375
0.435546875
0.431884765625
0.428466796875
0.42138671875
0.417724609375
0.414306640625
0.406982421875
0.39990234375
0.392822265625
0.385498046875
0.374755859375
0.36767578125
0.353271484375
0.34619140625
0.339111328125
0.335693359375
0.335693359375
0.3427734375
0.360595703125
0.385498046875
0.406982421875
0.435546875
0.464111328125
0.48193359375
0.496337890625
0.50341796875
0.507080078125
0.510498046875
0.507080078125
0.507080078125
0.507080078125
0.5
0.5
0.5
0.5
0.5
0.5
0.5
0.5
0.5
0.49267578125
0.489013671875
0.485595703125
0.478515625
0.471435546875
0.464111328125
0.46044921875
0.45703125
0.45703125
0.46044921875
0.4677734375
0.489013671875
0.507080078125
0.53564453125
0.5712890625
0.599853515625
0.624755859375
0.646240234375
0.660400390625
0.667724609375
0.67138671875
0.67138671875
0.67138671875
0.67138671875
0.67138671875
0.67138671875
0.6640625
0.6640625
0.6640625
0.656982421875
0.656982421875
0.64990234375
0.646240234375
0.63916015625
0.624755859375
0.6142578125
0.603271484375
0.589111328125
0.567626953125
0.553466796875
0.546142578125
0.531982421875
0.52490234375
0.521240234375
0.521240234375
0.52490234375
0.5390625
0.556884765625
0.58203125
0.60693359375
0.62841796875
0.646240234375
0.656982421875
0.6640625
0.6640625
0.6640625
0.6533203125
0.63916015625
0.624755859375
0.610595703125
0.603271484375
0.589111328125
0.57470703125
0.564208984375
0.553466796875
0.546142578125
0.531982421875
0.52490234375
0.510498046875
0.5
0.489013671875
0.48193359375
0.4677734375
0.453369140625
0.439208984375
0.4248046875
0.417724609375
0.414306640625
0.414306640625
0.417724609375
0.431884765625
0.449951171875
0.4677734375
0.489013671875
0.5
0.507080078125
0.51416015625
0.51416015625
0.510498046875
0.50341796875
0.5
0.496337890625
0.489013671875
0.48193359375
0.474853515625
0.4677734375
0.46044921875
0.45703125
0.449951171875
0.44287109375
0.435546875
0.428466796875
0.417724609375
0.41064453125
0.39990234375
0.38916015625
0.374755859375
0.3642578125
0.353271484375
0.34619140625
0.3427734375
0.34619140625
0.360595703125
0.374755859375
0.396240234375
0.417724609375
0.439208984375
0.46044921875
0.474853515625
0.48193359375
0.485595703125
0.485595703125
0.485595703125
0.478515625
0.474853515625
0.471435546875
0.4677734375
0.464111328125
0.464111328125
0.45703125
0.45703125
0.453369140625
0.449951171875
0.4462890625
0.44287109375
0.439208984375
0.435546875
0.428466796875
0.42138671875
0.414306640625
0.406982421875
0.39990234375
0.39990234375
0.4033203125
0.417724609375
0.435546875
0.45703125
0.485595703125
0.51416015625
0.542724609375
0.564208984375
0.589111328125
0.603271484375
0.6142578125
0.61767578125
0.621337890625
0.621337890625
0.6142578125
0.6142578125
0.6142578125
0.610595703125
0.60693359375
0.60693359375
0.603271484375
0.599853515625
0.59619140625
0.5927734375
0.585693359375
0.578369140625
0.5712890625
0.560546875
0.553466796875
0.542724609375
0.531982421875
0.528564453125
0.521240234375
0.521240234375
0.531982421875
0.546142578125
0.564208984375
0.5927734375
0.621337890625
0.64990234375
0.671142578125
0.68896484375
0.699951171875
0.703369140625
0.703369140625
0.6962890625
0.68896484375
0.6748046875
0.660400390625
0.646240234375
0.6318359375
0.61767578125
0.603271484375
0.58203125
0.567626953125
0.553466796875
0.5390625
0.52490234375
0.517578125
0.50341796875
0.496337890625
0.48193359375
0.4677734375
0.453369140625
0.439208984375
0.4248046875
0.42138671875
0.417724609375
0.4248046875
0.431884765625
0.453369140625
0.47119140625
0.489013671875
0.50341796875
0.51416015625
0.521240234375
0.521240234375
0.521240234375
0.517578125
0.510498046875
0.5
0.5
0.489013671875
0.48193359375
0.474853515625
0.4677734375
0.46044921875
0.453369140625
0.4462890625
0.435546875
0.428466796875
0.417724609375
0.406982421875
0.396240234375
0.3818359375
0.371337890625
0.360595703125
0.34619140625
0.339111328125
0.33203125
0.328369140625
0.335693359375
0.34619140625
0.36767578125
0.38916015625
0.41064453125
0.4248046875
0.439208984375
0.449951171875
0.453369140625
0.449951171875
0.449951171875
0.44287109375
0.439208984375
0.431884765625
0.428466796875
0.42138671875
0.417724609375
0.414306640625
0.406982421875
0.406982421875
0.39990234375
0.396240234375
0.38916015625
0.3818359375
0.374755859375
0.36767578125
0.360595703125
0.353271484375
0.34619140625
0.3427734375
0.3427734375
0.349853515625
0.360595703125
0.37841796875
0.406982421875
0.435546875
0.464111328125
0.49267578125
0.510498046875
0.531982421875
0.546142578125
0.553466796875
0.55712890625
0.564208984375
0.560546875
0.55712890625
0.55712890625
0.55712890625
0.553466796875
0.5498046875
0.5498046875
0.5498046875
0.5498046875
0.5498046875
0.542724609375
0.5390625
0.53564453125
0.528564453125
0.521240234375
0.51416015625
0.507080078125
0.5
0.5
0.496337890625
0.496337890625
0.5
0.510498046875
0.53564453125
0.564208984375
0.5927734375
0.621337890625
0.64990234375
0.671142578125
0.68896484375
0.699951171875
0.70703125
0.70703125
0.70703125
0.703369140625
0.6962890625
0.68896484375
0.681884765625
0.667724609375
0.656982421875
0.646240234375
0.6318359375
0.61767578125
0.603271484375
0.589111328125
0.57470703125
0.560546875
0.542724609375
0.52490234375
0.510498046875
0.5
0.49267578125
0.48193359375
0.474853515625
0.471435546875
0.478515625
0.478515625
0.489013671875
0.50341796875
0.52490234375
0.546142578125
0.567626953125
0.58203125
0.5927734375
0.5927734375
0.5927734375
0.589111328125
0.58203125
0.57470703125
0.564208984375
0.553466796875
0.546142578125
0.5390625
0.531982421875
0.521240234375
0.51416015625
0.50341796875
0.5
0.49267578125
0.48193359375
0.4677734375
0.46044921875
0.4462890625
0.431884765625
0.417724609375
0.4033203125
0.38916015625
0.3818359375
0.37841796875
0.3818359375
0.392822265625
0.41064453125
0.428466796875
0.4462890625
0.4677734375
0.48193359375
0.489013671875
0.49267578125
0.496337890625
0.49267578125
0.485595703125
0.478515625
0.471435546875
0.464111328125
0.46044921875
0.453369140625
0.449951171875
0.44287109375
0.439208984375
0.431884765625
0.428466796875
0.42138671875
0.414306640625
0.4033203125
0.396240234375
0.385498046875
0.374755859375
0.3642578125
0.353271484375
0.34619140625
0.3427734375
0.3427734375
0.353271484375
0.371337890625
0.392578125
0.417724609375
0.442626953125
0.4677734375
0.489013671875
0.5
0.507080078125
0.51416015625
0.51416015625
0.51416015625
0.51416015625
0.510498046875
0.507080078125
0.507080078125
0.507080078125
0.507080078125
0.507080078125
0.507080078125
0.507080078125
0.50341796875
0.5
0.5
0.5
0.49267578125
0.485595703125
0.478515625
0.471435546875
0.464111328125
0.464111328125
0.464111328125
0.4677734375
0.48193359375
0.50341796875
0.5283203125
0.560546875
0.5927734375
0.624755859375
0.64990234375
0.656982421875
0.6748046875
0.68896484375
0.6962890625
0.699951171875
0.699951171875
0.699951171875
0.6962890625
0.692626953125
0.692626953125
0.68896484375
0.681884765625
0.6748046875
0.660400390625
0.6533203125
0.63916015625
0.624755859375
0.610595703125
0.599853515625
0.58203125
0.567626953125
0.553466796875
0.53564453125
0.52490234375
0.51416015625
0.507080078125
0.510498046875
0.517578125
0.53564453125
0.556884765625
0.58544921875
0.610595703125
0.635498046875
0.6533203125
0.667724609375
0.6748046875
0.678466796875
0.67138671875
0.660400390625
0.646240234375
0.6318359375
0.61767578125
0.603271484375
0.5927734375
0.58203125
0.567626953125
0.553466796875
0.5390625
0.531982421875
0.517578125
0.507080078125
0.5
0.489013671875
0.474853515625
0.453369140625
0.439208984375
0.4248046875
0.41064453125
0.4033203125
0.39990234375
0.39990234375
0.41064453125
0.4248046875
0.4462890625
0.4677734375
0.489013671875
0.5
0.507080078125
0.51416015625
0.51416015625
0.51416015625
0.507080078125
0.510498046875
0.50341796875
0.5
0.49267578125
0.485595703125
0.474853515625
0.4677734375
0.464111328125
0.45703125
0.449951171875
0.44287109375
0.435546875
0.4248046875
0.417724609375
0.4033203125
0.396240234375
0.3818359375
0.36767578125
0.360595703125
0.34619140625
0.339111328125
0.335693359375
0.335693359375
0.3427734375
0.35693359375
0.37841796875
0.39990234375
0.428466796875
0.449951171875
0.4677734375
0.478515625
0.485595703125
0.485595703125
0.485595703125
0.48193359375
0.478515625
0.471435546875
0.464111328125
0.464111328125
0.45703125
0.45703125
0.453369140625
0.449951171875
0.449951171875
0.44287109375
0.44287109375
0.435546875
0.431884765625
0.428466796875
0.42138671875
0.414306640625
0.406982421875
0.39990234375
0.396240234375
0.39990234375
0.4033203125
0.42138671875
0.449951171875
0.478515625
0.507080078125
0.5390625
0.5712890625
0.5927734375
0.610595703125
0.624755859375
0.6318359375
0.635498046875
0.635498046875
0.6318359375
0.62841796875
0.62841796875
0.624755859375
0.621337890625
0.621337890625
0.61767578125
0.6142578125
0.6142578125
0.60693359375
0.603271484375
0.59619140625
0.589111328125
0.578369140625
0.567626953125
0.553466796875
0.546142578125
0.53564453125
0.528564453125
0.521240234375
0.528564453125
0.5390625
0.560546875
0.58544921875
0.614013671875
0.642578125
0.667724609375
0.68896484375
0.703369140625
0.714111328125
0.714111328125
0.71044921875
0.6962890625
0.681884765625
0.667724609375
0.6533203125
0.63916015625
0.624755859375
0.610595703125
0.59619140625
0.57470703125
0.560546875
0.546142578125
0.531982421875
0.517578125
0.50341796875
0.496337890625
0.48193359375
0.464111328125
0.4462890625
0.431884765625
0.417724609375
0.406982421875
0.406982421875
0.406982421875
0.417724609375
0.431884765625
0.453369140625
0.474853515625
0.496337890625
0.50341796875
0.517578125
0.521240234375
0.521240234375
0.517578125
0.510498046875
0.50341796875
0.5
0.49267578125
0.48193359375
0.474853515625
0.4677734375
0.45703125
0.449951171875
0.439208984375
0.431884765625
0.4248046875
0.414306640625
0.4033203125
0.38916015625
0.3818359375
0.36767578125
0.353271484375
0.339111328125
0.32470703125
0.317626953125
0.314208984375
0.317626953125
0.33203125
0.34619140625
0.36767578125
0.392578125
0.4140625
0.431884765625
0.4462890625
0.449951171875
0.449951171875
0.449951171875
0.4462890625
0.439208984375
0.431884765625
0.428466796875
0.42138671875
0.414306640625
0.41064453125
0.406982421875
0.39990234375
0.39990234375
0.392822265625
0.38916015625
0.3818359375
0.37841796875
0.371337890625
0.360595703125
0.353271484375
0.34619140625
0.3427734375
0.3427734375
0.3427734375
0.349853515625
0.364013671875
0.385498046875
0.417724609375
0.449951171875
0.485595703125
0.507080078125
0.531982421875
0.5498046875
0.560546875
0.5712890625
0.5712890625
0.5712890625
0.5712890625
0.564208984375
0.564208984375
0.564208984375
0.564208984375
0.564208984375
0.564208984375
0.55712890625
0.55712890625
0.553466796875
0.5498046875
0.542724609375
0.5390625
0.528564453125
0.521240234375
0.51416015625
0.50341796875
0.5
0.496337890625
0.49267578125
0.5
0.50341796875
0.521240234375
0.5498046875
0.578369140625
0.614013671875
0.642578125
0.671142578125
0.692626953125
0.71044921875
0.714111328125
0.72119140625
0.717529296875
0.714111328125
0.70703125
0.699951171875
0.68896484375
0.6748046875
0.660400390625
0.646240234375
0.6318359375
0.61767578125
0.603271484375
0.589111328125
0.57470703125
0.560546875
0.542724609375
0.52490234375
0.510498046875
0.5
0.489013671875
0.474853515625
0.464111328125
0.45703125
0.46044921875
0.4677734375
0.485595703125
0.50341796875
0.521240234375
0.542724609375
0.560546875
0.57470703125
0.585693359375
0.585693359375
0.585693359375
0.57470703125
0.567626953125
0.55712890625
0.546142578125
0.53564453125
0.52490234375
0.517578125
0.510498046875
0.5
0.5
0.489013671875
0.48193359375
0.4677734375
0.453369140625
0.4462890625
0.431884765625
0.4140625
0.396240234375
0.3818359375
0.371337890625
0.360595703125
0.35693359375
0.35693359375
0.360595703125
0.374755859375
0.396240234375
0.4140625
0.435546875
0.453369140625
0.4677734375
0.474853515625
0.478515625
0.478515625
0.471435546875
0.464111328125
0.45703125
0.4462890625
0.439208984375
0.435546875
0.428466796875
0.42138671875
0.414306640625
0.41064453125
0.406982421875
0.39990234375
0.392822265625
0.385498046875
0.385498046875
0.374755859375
0.36767578125
0.353271484375
0.3427734375
0.33203125
0.32470703125
0.317626953125
0.3212890625
0.33203125
0.353271484375
0.37841796875
0.406982421875
0.435546875
0.4677734375
0.49267578125
0.50341796875
0.51416015625
0.521240234375
0.521240234375
0.521240234375
0.517578125
0.51416015625
0.51416015625
0.507080078125
0.507080078125
0.507080078125
0.507080078125
0.507080078125
0.5
0.5
0.5
0.5
0.49267578125
0.485595703125
0.478515625
0.471435546875
0.464111328125
0.45703125
0.449951171875
0.449951171875
0.453369140625
0.4677734375
0.485595703125
0.507080078125
0.5390625
0.5712890625
0.60693359375
0.635498046875
0.660400390625
0.6748046875
0.68896484375
0.6962890625
0.699951171875
0.699951171875
0.6962890625
0.692626953125
0.685546875
0.681884765625
0.678466796875
0.67138671875
0.667724609375
0.660400390625
0.646240234375
0.635498046875
0.624755859375
0.610595703125
0.59619140625
0.57470703125
0.560546875
0.542724609375
0.531982421875
0.517578125
0.510498046875
0.507080078125
0.507080078125
0.517578125
0.53564453125
0.560546875
0.58544921875
0.614013671875
0.635498046875
0.6533203125
0.6640625
0.667724609375
0.6640625
0.660400390625
0.646240234375
0.6318359375
0.61767578125
0.603271484375
0.589111328125
0.57470703125
0.567626953125
0.553466796875
0.546142578125
0.531982421875
0.52490234375
0.510498046875
0.5
0.489013671875
0.474853515625
0.46044921875
0.4462890625
0.4248046875
0.41064453125
0.396240234375
0.38916015625
0.385498046875
0.392822265625
0.4033203125
0.42138671875
0.442626953125
0.46044921875
0.48193359375
0.496337890625
0.5
0.5
0.5
0.5
0.496337890625
0.489013671875
0.48193359375
0.474853515625
0.464111328125
0.45703125
0.449951171875
0.44287109375
0.435546875
0.428466796875
0.42138671875
0.414306640625
0.4033203125
0.396240234375
0.3818359375
0.374755859375
0.360595703125
0.34619140625
0.35205078125
0.34228515625
0.339111328125
0.339111328125
0.348876953125
0.361572265625
0.377685546875
0.4033203125
0.422607421875
0.4453125
0.461181640625
0.470947265625
0.480712890625
0.480712890625
0.480712890625
0.480712890625
0.480712890625
0.47412109375
0.470947265625
0.4677734375
0.46142578125
0.46142578125
0.454833984375
0.454833984375
0.454833984375
0.454833984375
0.448486328125
0.4453125
0.442138671875
0.435546875
0.432373046875
0.426025390625
0.41943359375
0.4130859375
0.40673828125
0.403564453125
0.40673828125
0.4130859375
0.432373046875
0.454833984375
0.483642578125
0.50634765625
0.538330078125
0.56396484375
0.586669921875
0.60595703125
0.6123046875
0.6220703125
0.6220703125
0.6220703125
0.6220703125
0.6220703125
0.61865234375
0.615478515625
0.615478515625
0.6123046875
0.609130859375
0.609130859375
0.602783203125
0.602783203125
0.59619140625
0.58984375
0.5927734375
0.58203125
0.5712890625
0.560546875
0.5498046875
0.5390625
0.53564453125
0.53564453125
0.5390625
0.556884765625
0.578369140625
0.60693359375
0.635498046875
0.6640625
0.68896484375
0.71044921875
0.724853515625
0.73193359375
0.728515625
0.72119140625
0.71044921875
0.6962890625
0.678466796875
0.660400390625
0.646240234375
0.62841796875
0.610595703125
0.59619140625
0.58203125
0.567626953125
0.553466796875
0.5390625
0.52490234375
0.510498046875
0.50341796875
0.496337890625
0.474853515625
0.46044921875
0.4462890625
0.431884765625
0.417724609375
0.41064453125
0.406982421875
0.414306640625
0.4248046875
0.4462890625
0.4677734375
0.489013671875
0.50341796875
0.517578125
0.52490234375
0.528564453125
0.528564453125
0.521240234375
0.51416015625
0.507080078125
0.5
0.496337890625
0.485595703125
0.478515625
0.471435546875
0.464111328125
0.45703125
0.449951171875
0.439208984375
0.431884765625
0.42138671875
0.41064453125
0.396240234375
0.3818359375
0.36767578125
0.353271484375
0.3427734375
0.33203125
0.328369140625
0.328369140625
0.33203125
0.34619140625
0.36767578125
0.392578125
0.4140625
0.435546875
0.453369140625
0.464111328125
0.471435546875
0.471435546875
0.471435546875
0.464111328125
0.45703125
0.449951171875
0.4462890625
0.44287109375
0.435546875
0.431884765625
0.428466796875
0.42138671875
0.417724609375
0.414306640625
0.406982421875
0.39990234375
0.392822265625
0.385498046875
0.374755859375
0.36767578125
0.35693359375
0.349853515625
0.3427734375
0.3427734375
0.34619140625
0.364013671875
0.392578125
0.42138671875
0.45703125
0.485595703125
0.507080078125
0.531982421875
0.553466796875
0.560546875
0.567626953125
0.5712890625
0.5712890625
0.567626953125
0.564208984375
0.564208984375
0.564208984375
0.55712890625
0.55712890625
0.55712890625
0.5498046875
0.5498046875
0.5498046875
0.542724609375
0.542724609375
0.53564453125
0.528564453125
0.521240234375
0.510498046875
0.50341796875
0.5
0.5
0.5
0.5
0.51416015625
0.53564453125
0.567626953125
0.599853515625
0.635498046875
0.6640625
0.68896484375
0.71044921875
0.72119140625
0.728515625
0.728515625
0.728515625
0.72119140625
0.71044921875
0.6962890625
0.681884765625
0.667724609375
0.6533203125
0.63916015625
0.624755859375
0.610595703125
0.59619140625
0.58203125
0.564208984375
0.546142578125
0.531982421875
0.510498046875
0.5
0.489013671875
0.474853515625
0.464111328125
0.45703125
0.449951171875
0.45703125
0.4677734375
0.489013671875
0.507080078125
0.5283203125
0.553466796875
0.5712890625
0.58203125
0.589111328125
0.589111328125
0.585693359375
0.578369140625
0.567626953125
0.55712890625
0.546142578125
0.53564453125
0.52490234375
0.517578125
0.507080078125
0.5
0.496337890625
0.485595703125
0.474853515625
0.46044921875
0.449951171875
0.4462890625
0.431884765625
0.417724609375
0.4033203125
0.38916015625
0.374755859375
0.360595703125
0.349853515625
0.3427734375
0.349853515625
0.360595703125
0.374755859375
0.396240234375
0.417724609375
0.439208984375
0.453369140625
0.4677734375
0.471435546875
0.471435546875
0.4677734375
0.46044921875
0.453369140625
0.4462890625
0.439208984375
0.431884765625
0.4248046875
0.417724609375
0.414306640625
0.406982421875
0.39990234375
0.392822265625
0.385498046875
0.37841796875
0.36767578125
0.360595703125
0.34619140625
0.339111328125
0.32470703125
0.317626953125
0.30712890625
0.30712890625
0.317626953125
0.33203125
0.349853515625
0.37841796875
0.4140625
0.442626953125
0.47119140625
0.496337890625
0.50341796875
0.51416015625
0.521240234375
0.521240234375
0.517578125
0.51416015625
0.510498046875
0.507080078125
0.507080078125
0.50341796875
0.5
0.5
0.5
0.5
0.5
0.5
0.49267578125
0.489013671875
0.48193359375
0.474853515625
0.4677734375
0.45703125
0.449951171875
0.4462890625
0.4462890625
0.453369140625
0.4677734375
0.489013671875
0.51416015625
0.54638671875
0.578369140625
0.614013671875
0.642578125
0.660400390625
0.6748046875
0.685546875
0.692626953125
0.692626953125
0.68896484375
0.685546875
0.685546875
0.678466796875
0.678466796875
0.67138671875
0.667724609375
0.6640625
0.656982421875
0.646240234375
0.6318359375
0.61767578125
0.603271484375
0.589111328125
0.567626953125
0.553466796875
0.5390625
0.52490234375
0.510498046875
0.507080078125
0.5
0.507080078125
0.517578125
0.5390625
0.564208984375
0.589111328125
0.614013671875
0.621337890625
0.6318359375
0.646240234375
0.656982421875
0.656982421875
0.6533203125
0.646240234375
0.63916015625
0.621337890625
0.603271484375
0.589111328125
0.57470703125
0.564208984375
0.553466796875
0.546142578125
0.531982421875
0.521240234375
0.510498046875
0.5
0.489013671875
0.474853515625
0.46044921875
0.442626953125
0.4248046875
0.41064453125
0.396240234375
0.385498046875
0.37841796875
0.3818359375
0.38916015625
0.4033203125
0.42138671875
0.442626953125
0.464111328125
0.48193359375
0.49267578125
0.5
0.5
0.496337890625
0.489013671875
0.478515625
0.4677734375
0.46044921875
0.453369140625
0.44287109375
0.435546875
0.431884765625
0.4248046875
0.417724609375
0.41064453125
0.4033203125
0.396240234375
0.38916015625
0.37841796875
0.36767578125
0.353271484375
0.355224609375
0.34228515625
0.3359375
0.326416015625
0.326416015625
0.32958984375
0.34228515625
0.3583984375
0.38720703125
0.416259765625
0.44189453125
0.4580078125
0.470947265625
0.480712890625
0.487060546875
0.487060546875
0.480712890625
0.480712890625
0.47412109375
0.470947265625
0.4677734375
0.46142578125
0.46142578125
0.454833984375
0.454833984375
0.448486328125
0.448486328125
0.4453125
0.442138671875
0.435546875
0.432373046875
0.426025390625
0.41943359375
0.4130859375
0.40673828125
0.403564453125
0.403564453125
0.40673828125
0.41943359375
0.435546875
0.461181640625
0.493408203125
0.515869140625
0.544677734375
0.570556640625
0.593017578125
0.6123046875
0.61865234375
0.625244140625
0.62841796875
0.62841796875
0.62841796875
0.62841796875
0.6220703125
0.6220703125
0.6220703125
0.615478515625
0.615478515625
0.6123046875
0.609130859375
0.609130859375
0.602783203125
0.610595703125
0.603271484375
0.59619140625
0.589111328125
0.57470703125
0.567626953125
0.553466796875
0.546142578125
0.5390625
0.53564453125
0.5390625
0.553466796875
0.5712890625
0.599853515625
0.62841796875
0.656982421875
0.685546875
0.70703125
0.724853515625
0.735595703125
0.73193359375
0.724853515625
0.71044921875
0.692626953125
0.6748046875
0.656982421875
0.63916015625
0.624755859375
0.610595703125
0.59619140625
0.58203125
0.567626953125
0.553466796875
0.5390625
0.521240234375
0.50341796875
0.496337890625
0.48193359375
0.4677734375
0.453369140625
0.439208984375
0.4248046875
0.41064453125
0.406982421875
0.406982421875
0.417724609375
0.431884765625
0.453369140625
0.478515625
0.496337890625
0.510498046875
0.52490234375
0.528564453125
0.531982421875
0.528564453125
0.52490234375
0.51416015625
0.507080078125
0.5
0.49267578125
0.48193359375
0.474853515625
0.470947265625
0.46142578125
0.45166015625
0.4453125
0.438720703125
0.426025390625
0.41943359375
0.40673828125
0.393798828125
0.380859375
0.37451171875
0.361572265625
0.348876953125
0.339111328125
0.339111328125
0.339111328125
0.348876953125
0.361572265625
0.384033203125
0.4033203125
0.426025390625
0.4453125
0.4580078125
0.464599609375
0.4677734375
0.4677734375
0.46142578125
0.454833984375
0.448486328125
0.442138671875
0.438720703125
0.432373046875
0.42919921875
0.4228515625
0.41943359375
0.416259765625
0.409912109375
0.40673828125
0.400146484375
0.393798828125
0.387451171875
0.380859375
0.371337890625
0.361572265625
0.35205078125
0.345703125
0.345703125
0.345703125
0.3583984375
0.377685546875
0.406494140625
0.438720703125
0.4677734375
0.49658203125
0.515869140625
0.53515625
0.548095703125
0.554443359375
0.5576171875
0.5576171875
0.5576171875
0.5576171875
0.55712890625
0.55712890625
0.55712890625
0.553466796875
0.5498046875
0.5498046875
0.5498046875
0.542724609375
0.542724609375
0.53564453125
0.528564453125
0.521240234375
0.510498046875
0.50341796875
0.5
0.49267578125
0.485595703125
0.485595703125
0.485595703125
0.496337890625
0.510498046875
0.53564453125
0.5712890625
0.603515625
0.635498046875
0.6640625
0.68896484375
0.70703125
0.717529296875
0.72119140625
0.717529296875
0.714111328125
0.70703125
0.699951171875
0.68896484375
0.6748046875
0.660400390625
0.646240234375
0.6318359375
0.61767578125
0.603271484375
0.589111328125
0.57470703125
0.553466796875
0.5390625
0.52490234375
0.510498046875
0.5
0.485595703125
0.4677734375
0.46044921875
0.449951171875
0.449951171875
0.46044921875
0.474853515625
0.496337890625
0.51416015625
0.53564453125
0.556884765625
0.5712890625
0.578369140625
0.585693359375
0.578369140625
0.5712890625
0.564208984375
0.553466796875
0.542724609375
0.531982421875
0.521240234375
0.510498046875
0.50341796875
0.5
0.489013671875
0.48193359375
0.471435546875
0.46044921875
0.4462890625
0.431884765625
0.417724609375
0.4033203125
0.38916015625
0.371337890625
0.353271484375
0.34619140625
0.335693359375
0.335693359375
0.339111328125
0.353271484375
0.371337890625
0.392578125
0.4140625
0.431884765625
0.4462890625
0.45703125
0.45703125
0.45703125
0.449951171875
0.44287109375
0.435546875
0.428466796875
0.42138671875
0.414306640625
0.406982421875
0.39990234375
0.396240234375
0.392822265625
0.385498046875
0.3818359375
0.374755859375
0.3642578125
0.35693359375
0.34619140625
0.335693359375
0.32470703125
0.317626953125
0.314208984375
0.314208984375
0.314208984375
0.32470703125
0.339111328125
0.353271484375
0.37841796875
0.406982421875
0.439208984375
0.47119140625
0.49267578125
0.50341796875
0.517578125
0.52490234375
0.528564453125
0.528564453125
0.521240234375
0.517578125
0.51416015625
0.510498046875
0.507080078125
0.507080078125
0.5
0.5
0.5
0.5
0.5
0.49267578125
0.489013671875
0.48193359375
0.474853515625
0.4677734375
0.45703125
0.449951171875
0.4462890625
0.44287109375
0.4462890625
0.45703125
0.474853515625
0.496337890625
0.52490234375
0.556884765625
0.5927734375
0.621337890625
0.646240234375
0.667724609375
0.678466796875
0.685546875
0.685546875
0.685546875
0.685546875
0.681884765625
0.678466796875
0.678466796875
0.67138671875
0.67138671875
0.6640625
0.660400390625
0.6533203125
0.63916015625
0.6318359375
0.614013671875
0.59619140625
0.58203125
0.567626953125
0.5498046875
0.5390625
0.52490234375
0.517578125
0.51416015625
0.51416015625
0.52490234375
0.542724609375
0.567626953125
0.5927734375
0.621337890625
0.642578125
0.660400390625
0.67138671875
0.67138671875
0.67138671875
0.6640625
0.6533203125
0.63916015625
0.61767578125
0.603271484375
0.589111328125
0.57470703125
0.560546875
0.5498046875
0.5390625
0.528564453125
0.517578125
0.50341796875
0.496337890625
0.48193359375
0.4677734375
0.453369140625
0.439208984375
0.4248046875
0.41064453125
0.396240234375
0.38916015625
0.385498046875
0.38916015625
0.396240234375
0.4140625
0.435546875
0.45703125
0.474853515625
0.489013671875
0.5
0.5
0.5
0.5
0.496337890625
0.489013671875
0.48193359375
0.474853515625
0.4677734375
0.46044921875
0.453369140625
0.449951171875
0.44287109375
0.435546875
0.4248046875
0.417724609375
0.41064453125
0.396240234375
0.38916015625
0.374755859375
0.360595703125
0.34619140625
0.339111328125
0.32470703125
0.3212890625
0.3212890625
0.32470703125
0.3427734375
0.364013671875
0.38916015625
0.4140625
0.439208984375
0.46044921875
0.474853515625
0.48193359375
0.485595703125
0.485595703125
0.48193359375
0.478515625
0.474853515625
0.471435546875
0.464111328125
0.46044921875
0.45703125
0.453369140625
0.449951171875
0.449951171875
0.44287109375
0.44287109375
0.435546875
0.431884765625
0.428466796875
0.42138671875
0.414306640625
0.406982421875
0.39990234375
0.39990234375
0.39990234375
0.41064453125
0.4248046875
0.449951171875
0.478515625
0.507080078125
0.542724609375
0.578369140625
0.603271484375
0.624755859375
0.63916015625
0.64990234375
0.6533203125
0.656982421875
0.656982421875
0.64990234375
0.64990234375
0.64990234375
0.64990234375
0.642822265625
0.642822265625
0.635498046875
0.635498046875
0.6318359375
0.62841796875
0.621337890625
0.6142578125
0.603271484375
0.59619140625
0.585693359375
0.57470703125
0.562255859375
0.551513671875
0.54443359375
0.551513671875
0.57470703125
0.60693359375
0.646240234375
0.678466796875
0.70703125
0.73193359375
0.74267578125
0.75
0.74267578125
0.73193359375
0.717529296875
0.69970703125
0.681884765625
0.6640625
0.646240234375
0.6318359375
0.61767578125
0.603271484375
0.58544921875
0.567626953125
0.553466796875
0.5390625
0.52490234375
0.507080078125
0.496337890625
0.48193359375
0.4677734375
0.453369140625
0.431884765625
0.417724609375
0.41064453125
0.406982421875
0.41064453125
0.42138671875
0.439208984375
0.464111328125
0.485595703125
0.50341796875
0.517578125
0.531982421875
0.5390625
0.542724609375
0.53564453125
0.531982421875
0.521240234375
0.51416015625
0.50341796875
0.5
0.49267578125
0.485595703125
0.474853515625
0.4677734375
0.46142578125
0.454833984375
0.4453125
0.438720703125
0.426025390625
0.4130859375
0.400146484375
0.387451171875
0.37451171875
0.361572265625
0.348876953125
0.34228515625
0.339111328125
0.345703125
0.355224609375
0.371337890625
0.393798828125
0.416259765625
0.435546875
0.454833984375
0.464599609375
0.47412109375
0.47412109375
0.47412109375
0.4677734375
0.46142578125
0.454833984375
0.448486328125
0.438720703125
0.435546875
0.42919921875
0.4228515625
0.41943359375
0.416259765625
0.409912109375
0.403564453125
0.400146484375
0.393798828125
0.38427734375
0.37451171875
0.3681640625
0.3583984375
0.348876953125
0.345703125
0.34228515625
0.345703125
0.361572265625
0.384033203125
0.393798828125
0.422607421875
0.45166015625
0.48046875
0.503173828125
0.525390625
0.54150390625
0.55126953125
0.5576171875
0.5576171875
0.5576171875
0.5576171875
0.5576171875
0.554443359375
0.55126953125
0.55126953125
0.55126953125
0.548095703125
0.544921875
0.544921875
0.54150390625
0.538330078125
0.531982421875
0.525634765625
0.51904296875
0.509521484375
0.503173828125
0.49658203125
0.490234375
0.487060546875
0.48388671875
0.490234375
0.5
0.515869140625
0.54150390625
0.57373046875
0.6025390625
0.634765625
0.6572265625
0.676513671875
0.689453125
0.692626953125
0.69921875
0.692626953125
0.689453125
0.68310546875
0.676513671875
0.6669921875
0.6572265625
0.64453125
0.631591796875
0.61865234375
0.60595703125
0.593017578125
0.576904296875
0.560791015625
0.544677734375
0.52880859375
0.515869140625
0.5
0.490234375
0.470947265625
0.46142578125
0.45166015625
0.448486328125
0.45166015625
0.464599609375
0.477294921875
0.49658203125
0.5126953125
0.531982421875
0.548095703125
0.5576171875
0.564208984375
0.564208984375
0.5576171875
0.553466796875
0.542724609375
0.531982421875
0.521240234375
0.510498046875
0.5
0.496337890625
0.489013671875
0.474853515625
0.4677734375
0.45703125
0.4462890625
0.431884765625
0.4248046875
0.41064453125
0.392578125
0.374755859375
0.360595703125
0.34619140625
0.33203125
0.317626953125
0.314208984375
0.314208984375
0.32470703125
0.339111328125
0.360595703125
0.3818359375
0.4033203125
0.417724609375
0.431884765625
0.435546875
0.435546875
0.435546875
0.428466796875
0.42138671875
0.414306640625
0.406982421875
0.39990234375
0.392822265625
0.385498046875
0.37841796875
0.371337890625
0.36767578125
0.360595703125
0.353271484375
0.349853515625
0.3427734375
0.339111328125
0.33203125
0.328369140625
0.3212890625
0.317626953125
0.3212890625
0.3212890625
0.3212890625
0.328369140625
0.3427734375
0.364013671875
0.392578125
0.42138671875
0.449951171875
0.478515625
0.489013671875
0.50341796875
0.517578125
0.52490234375
0.528564453125
0.528564453125
0.521240234375
0.517578125
0.51416015625
0.510498046875
0.507080078125
0.50341796875
0.5
0.5
0.5
0.496337890625
0.49267578125
0.485595703125
0.48193359375
0.474853515625
0.4677734375
0.46044921875
0.453369140625
0.4462890625
0.439208984375
0.435546875
0.435546875
0.4462890625
0.46044921875
0.485595703125
0.507080078125
0.542724609375
0.578369140625
0.60693359375
0.635498046875
0.656982421875
0.67138671875
0.678466796875
0.685546875
0.685546875
0.678466796875
0.678466796875
0.67138671875
0.67138671875
0.6640625
0.6640625
0.656982421875
0.6533203125
0.646240234375
0.63916015625
0.6318359375
0.621337890625
0.603271484375
0.589111328125
0.57470703125
0.560546875
0.546142578125
0.531982421875
0.52490234375
0.517578125
0.517578125
0.52490234375
0.5390625
0.564208984375
0.58544921875
0.614013671875
0.63916015625
0.656982421875
0.67138671875
0.678466796875
0.678466796875
0.667724609375
0.656982421875
0.63916015625
0.624755859375
0.610595703125
0.59619140625
0.58203125
0.567626953125
0.553466796875
0.546142578125
0.531982421875
0.52490234375
0.510498046875
0.5
0.489013671875
0.474853515625
0.46044921875
0.4462890625
0.428466796875
0.41064453125
0.396240234375
0.385498046875
0.37841796875
0.37841796875
0.38916015625
0.4033203125
0.42138671875
0.442626953125
0.464111328125
0.48193359375
0.496337890625
0.5
0.5
0.5
0.496337890625
0.489013671875
0.474853515625
0.4677734375
0.46044921875
0.453369140625
0.4462890625
0.439208984375
0.431884765625
0.4248046875
0.417724609375
0.41064453125
0.4033203125
0.396240234375
0.385498046875
0.374755859375
0.360595703125
0.353271484375
0.339111328125
0.2998046875
0.29150390625
0.29150390625
0.295654296875
0.3125
0.341552734375
0.374755859375
0.408203125
0.441650390625
0.470703125
0.4873046875
0.5
0.5
0.5
0.5
0.49560546875
0.491455078125
0.483154296875
0.474853515625
0.470703125
0.466552734375
0.46240234375
0.458251953125
0.4541015625
0.449951171875
0.44580078125
0.441650390625
0.433349609375
0.428955078125
0.420654296875
0.412353515625
0.404052734375
0.395751953125
0.3916015625
0.3916015625
0.3916015625
0.408203125
0.43310546875
0.466552734375
0.499755859375
0.537353515625
0.5791015625
0.616455078125
0.6416015625
0.662353515625
0.678955078125
0.68310546875
0.691650390625
0.691650390625
0.687255859375
0.68310546875
0.68310546875
0.68310546875
0.678955078125
0.6748046875
0.6748046875
0.6748046875
0.66650390625
0.662353515625
0.654052734375
0.645751953125
0.629150390625
0.59619140625
0.58203125
0.567626953125
0.553466796875
0.546142578125
0.542724609375
0.542724609375
0.553466796875
0.5712890625
0.5927734375
0.624755859375
0.656982421875
0.692626953125
0.717529296875
0.73193359375
0.74267578125
0.74267578125
0.739013671875
0.724853515625
0.71044921875
0.68896484375
0.671142578125
0.6533203125
0.63916015625
0.624755859375
0.610595703125
0.59619140625
0.58203125
0.567626953125
0.5498046875
0.531982421875
0.517578125
0.50341796875
0.496337890625
0.474853515625
0.46044921875
0.4462890625
0.431884765625
0.417724609375
0.41064453125
0.41064453125
0.417724609375
0.431884765625
0.453369140625
0.478515625
0.496337890625
0.50341796875
0.517578125
0.53564453125
0.542724609375
0.5498046875
0.546142578125
0.5390625
0.531982421875
0.521240234375
0.510498046875
0.50341796875
0.5
0.49267578125
0.485595703125
0.478515625
0.4677734375
0.464599609375
0.454833984375
0.4453125
0.432373046875
0.41943359375
0.40673828125
0.393798828125
0.380859375
0.3681640625
0.355224609375
0.34228515625
0.339111328125
0.339111328125
0.348876953125
0.36474609375
0.384033203125
0.40673828125
0.42919921875
0.448486328125
0.464599609375
0.470947265625
0.47412109375
0.47412109375
0.470947265625
0.464599609375
0.4580078125
0.45166015625
0.4453125
0.438720703125
0.435546875
0.42919921875
0.4228515625
0.41943359375
0.4130859375
0.40673828125
0.400146484375
0.393798828125
0.38427734375
0.37451171875
0.3681640625
0.3583984375
0.348876953125
0.34228515625
0.339111328125
0.3359375
0.348876953125
0.3681640625
0.39697265625
0.42578125
0.461181640625
0.490234375
0.5126953125
0.531982421875
0.548095703125
0.5576171875
0.560791015625
0.564208984375
0.5576171875
0.5576171875
0.5576171875
0.554443359375
0.55126953125
0.55126953125
0.55126953125
0.544921875
0.544921875
0.544921875
0.538330078125
0.53515625
0.52880859375
0.522216796875
0.515869140625
0.50634765625
0.5
0.493408203125
0.487060546875
0.480712890625
0.480712890625
0.490234375
0.503173828125
0.525390625
0.554443359375
0.583251953125
0.615478515625
0.64111328125
0.663818359375
0.68310546875
0.689453125
0.692626953125
0.692626953125
0.692626953125
0.68310546875
0.676513671875
0.670166015625
0.66064453125
0.654052734375
0.64453125
0.631591796875
0.61865234375
0.6025390625
0.586669921875
0.57373046875
0.554443359375
0.54150390625
0.52880859375
0.509521484375
0.5
0.490234375
0.477294921875
0.464599609375
0.454833984375
0.454833984375
0.46142578125
0.47412109375
0.493408203125
0.50634765625
0.52880859375
0.544921875
0.55126953125
0.564208984375
0.570556640625
0.570556640625
0.570556640625
0.564208984375
0.554443359375
0.544921875
0.53515625
0.522216796875
0.5126953125
0.503173828125
0.5
0.490234375
0.48388671875
0.470947265625
0.464599609375
0.45166015625
0.438720703125
0.426025390625
0.4130859375
0.400146484375
0.387451171875
0.3681640625
0.355224609375
0.34228515625
0.3359375
0.332763671875
0.3359375
0.348876953125
0.36474609375
0.384033203125
0.40673828125
0.422607421875
0.438720703125
0.4453125
0.448486328125
0.4453125
0.442138671875
0.432373046875
0.426025390625
0.41943359375
0.409912109375
0.403564453125
0.39697265625
0.390625
0.38427734375
0.380859375
0.37451171875
0.3681640625
0.361572265625
0.355224609375
0.348876953125
0.3359375
0.332763671875
0.326416015625
0.322998046875
0.31982421875
0.31982421875
0.31982421875
0.32958984375
0.345458984375
0.371337890625
0.39697265625
0.42578125
0.454833984375
0.48046875
0.49658203125
0.50341796875
0.510498046875
0.51416015625
0.51416015625
0.51416015625
0.510498046875
0.507080078125
0.5
0.5
0.5
0.496337890625
0.49267578125
0.49267578125
0.485595703125
0.485595703125
0.478515625
0.478515625
0.471435546875
0.4677734375
0.46044921875
0.453369140625
0.4462890625
0.435546875
0.428466796875
0.4248046875
0.42138671875
0.4248046875
0.439208984375
0.45703125
0.485595703125
0.51416015625
0.5498046875
0.58203125
0.614013671875
0.635498046875
0.6533203125
0.667724609375
0.67138671875
0.67138671875
0.67138671875
0.667724609375
0.6640625
0.660400390625
0.656982421875
0.64990234375
0.646240234375
0.642822265625
0.635498046875
0.6318359375
0.62841796875
0.61767578125
0.610595703125
0.599853515625
0.589111328125
0.57470703125
0.560546875
0.546142578125
0.531982421875
0.52490234375
0.521240234375
0.52490234375
0.531982421875
0.553466796875
0.578369140625
0.603271484375
0.62841796875
0.64990234375
0.667724609375
0.6748046875
0.678466796875
0.6748046875
0.667724609375
0.64990234375
0.6318359375
0.61767578125
0.603271484375
0.589111328125
0.57470703125
0.560546875
0.546142578125
0.531982421875
0.52490234375
0.510498046875
0.5
0.496337890625
0.478515625
0.46044921875
0.4462890625
0.431884765625
0.41064453125
0.396240234375
0.3818359375
0.374755859375
0.371337890625
0.37841796875
0.38916015625
0.406982421875
0.428466796875
0.453369140625
0.474853515625
0.489013671875
0.496337890625
0.5
0.496337890625
0.489013671875
0.48193359375
0.474853515625
0.46044921875
0.453369140625
0.4462890625
0.439208984375
0.428466796875
0.4248046875
0.417724609375
0.41064453125
0.39990234375
0.392822265625
0.3818359375
0.374755859375
0.360595703125
0.34619140625
0.339111328125
0.32470703125
0.310546875
0.270751953125
0.2666015625
0.270751953125
0.287353515625
0.30810546875
0.341552734375
0.37890625
0.41650390625
0.44580078125
0.470703125
0.4873046875
0.5
0.5
0.49560546875
0.491455078125
0.483154296875
0.474853515625
0.470703125
0.466552734375
0.458251953125
0.4541015625
0.449951171875
0.44580078125
0.441650390625
0.441650390625
0.433349609375
0.428955078125
0.4248046875
0.41650390625
0.408203125
0.395751953125
0.387451171875
0.379150390625
0.375
0.375
0.387451171875
0.404052734375
0.43310546875
0.466552734375
0.504150390625
0.54150390625
0.574951171875
0.608154296875
0.63330078125
0.64990234375
0.658203125
0.662353515625
0.66650390625
0.658203125
0.658203125
0.658203125
0.654052734375
0.64990234375
0.64990234375
0.64990234375
0.6416015625
0.6416015625
0.637451171875
0.63330078125
0.625
0.599853515625
0.589111328125
0.58203125
0.567626953125
0.55712890625
0.546142578125
0.5390625
0.53564453125
0.546142578125
0.560546875
0.578369140625
0.60693359375
0.63916015625
0.671142578125
0.69970703125
0.724853515625
0.739013671875
0.74267578125
0.739013671875
0.73193359375
0.717529296875
0.69970703125
0.681884765625
0.667724609375
0.646240234375
0.6318359375
0.61767578125
0.603271484375
0.589111328125
0.57470703125
0.560546875
0.546142578125
0.531982421875
0.510498046875
0.5
0.489013671875
0.4677734375
0.453369140625
0.439208984375
0.4248046875
0.414306640625
0.406982421875
0.406982421875
0.417724609375
0.435546875
0.45703125
0.478515625
0.496337890625
0.510498046875
0.52490234375
0.528564453125
0.528564453125
0.528564453125
0.521240234375
0.510498046875
0.5
0.496337890625
0.489013671875
0.478515625
0.471435546875
0.464111328125
0.45703125
0.4462890625
0.439208984375
0.431884765625
0.42138671875
0.41064453125
0.396240234375
0.3818359375
0.36767578125
0.353271484375
0.339111328125
0.32470703125
0.317626953125
0.314208984375
0.317626953125
0.328369140625
0.34619140625
0.371337890625
0.392578125
0.417724609375
0.439208984375
0.453369140625
0.46044921875
0.464111328125
0.46044921875
0.453369140625
0.4462890625
0.439208984375
0.431884765625
0.4248046875
0.42138671875
0.414306640625
0.406982421875
0.39990234375
0.396240234375
0.392822265625
0.385498046875
0.37841796875
0.371337890625
0.3642578125
0.353271484375
0.34619140625
0.335693359375
0.33203125
0.328369140625
0.328369140625
0.339111328125
0.353271484375
0.37841796875
0.406982421875
0.442626953125
0.48193359375
0.507080078125
0.53564453125
0.553466796875
0.567626953125
0.57470703125
0.578369140625
0.578369140625
0.578369140625
0.57470703125
0.5712890625
0.5712890625
0.564208984375
0.5576171875
0.5576171875
0.5576171875
0.554443359375
0.55126953125
0.548095703125
0.54150390625
0.53515625
0.52880859375
0.522216796875
0.515869140625
0.50634765625
0.5
0.5
0.493408203125
0.5
0.503173828125
0.525390625
0.55126953125
0.583251953125
0.615478515625
0.647705078125
0.67333984375
0.679931640625
0.69580078125
0.708740234375
0.7119140625
0.7119140625
0.7119140625
0.70556640625
0.69580078125
0.68310546875
0.670166015625
0.6572265625
0.64453125
0.631591796875
0.61865234375
0.60595703125
0.593017578125
0.580078125
0.560791015625
0.548095703125
0.531982421875
0.515869140625
0.503173828125
0.49658203125
0.48388671875
0.470947265625
0.46142578125
0.454833984375
0.4580078125
0.470947265625
0.48388671875
0.503173828125
0.51904296875
0.538330078125
0.554443359375
0.5673828125
0.57373046875
0.576904296875
0.570556640625
0.564208984375
0.554443359375
0.544921875
0.53515625
0.525634765625
0.515869140625
0.50634765625
0.5
0.49658203125
0.487060546875
0.477294921875
0.470947265625
0.4580078125
0.4453125
0.435546875
0.41943359375
0.40673828125
0.390625
0.37451171875
0.361572265625
0.348876953125
0.345703125
0.345703125
0.348876953125
0.36474609375
0.384033203125
0.4033203125
0.426025390625
0.438720703125
0.45166015625
0.4580078125
0.46142578125
0.4580078125
0.45166015625
0.4453125
0.438720703125
0.42919921875
0.4228515625
0.416259765625
0.40673828125
0.403564453125
0.39697265625
0.390625
0.38427734375
0.380859375
0.37451171875
0.3681640625
0.3583984375
0.348876953125
0.339111328125
0.32958984375
0.31982421875
0.3134765625
0.3134765625
0.316650390625
0.322998046875
0.34228515625
0.36474609375
0.393798828125
0.422607421875
0.454833984375
0.477294921875
0.496337890625
0.5
0.507080078125
0.507080078125
0.507080078125
0.50341796875
0.5
0.5
0.5
0.496337890625
0.49267578125
0.49267578125
0.489013671875
0.485595703125
0.485595703125
0.485595703125
0.478515625
0.474853515625
0.471435546875
0.464111328125
0.45703125
0.449951171875
0.439208984375
0.431884765625
0.428466796875
0.42138671875
0.428466796875
0.439208984375
0.464111328125
0.49267578125
0.517822265625
0.553466796875
0.58544921875
0.614013671875
0.63916015625
0.660400390625
0.667724609375
0.6748046875
0.678466796875
0.6748046875
0.67138671875
0.667724609375
0.6640625
0.656982421875
0.6533203125
0.64990234375
0.646240234375
0.642822265625
0.635498046875
0.62841796875
0.621337890625
0.610595703125
0.603271484375
0.589111328125
0.57470703125
0.560546875
0.546142578125
0.531982421875
0.52490234375
0.521240234375
0.52490234375
0.531982421875
0.553466796875
0.578369140625
0.599853515625
0.62841796875
0.646240234375
0.660400390625
0.67138671875
0.67138671875
0.67138671875
0.660400390625
0.6533203125
0.63916015625
0.61767578125
0.603271484375
0.589111328125
0.57470703125
0.560546875
0.546142578125
0.53564453125
0.52490234375
0.51416015625
0.50341796875
0.496337890625
0.48193359375
0.4677734375
0.453369140625
0.439208984375
0.417724609375
0.4033203125
0.38916015625
0.374755859375
0.3642578125
0.3642578125
0.371337890625
0.3818359375
0.4033203125
0.4248046875
0.4462890625
0.4677734375
0.478515625
0.485595703125
0.485595703125
0.485595703125
0.478515625
0.4677734375
0.46044921875
0.449951171875
0.439208984375
0.431884765625
0.4248046875
0.42138671875
0.414306640625
0.406982421875
0.39990234375
0.392822265625
0.385498046875
0.374755859375
0.36767578125
0.353271484375
0.34619140625
0.33203125
0.3212890625
0.279052734375
0.2666015625
0.2666015625
0.279052734375
0.295654296875
0.32080078125
0.349853515625
0.38330078125
0.41650390625
0.44580078125
0.470703125
0.483154296875
0.491455078125
0.491455078125
0.4873046875
0.47900390625
0.470703125
0.466552734375
0.458251953125
0.449951171875
0.44580078125
0.441650390625
0.433349609375
0.433349609375
0.433349609375
0.4248046875
0.4248046875
0.41650390625
0.408203125
0.404052734375
0.395751953125
0.38330078125
0.375
0.366455078125
0.366455078125
0.366455078125
0.379150390625
0.39990234375
0.43310546875
0.466552734375
0.504150390625
0.533203125
0.57080078125
0.599853515625
0.62060546875
0.637451171875
0.6416015625
0.64990234375
0.64990234375
0.64990234375
0.645751953125
0.6416015625
0.6416015625
0.637451171875
0.63330078125
0.63330078125
0.63330078125
0.629150390625
0.625
0.62060546875
0.6123046875
0.60400390625
0.595703125
0.583251953125
0.57080078125
0.55810546875
0.545654296875
0.54150390625
0.54150390625
0.545654296875
0.56640625
0.591552734375
0.624755859375
0.66650390625
0.699951171875
0.733154296875
0.754150390625
0.7666015625
0.770751953125
0.7666015625
0.754150390625
0.7373046875
0.720703125
0.7041015625
0.678955078125
0.662353515625
0.637451171875
0.62060546875
0.60400390625
0.58740234375
0.57080078125
0.553955078125
0.537353515625
0.520751953125
0.504150390625
0.49560546875
0.47900390625
0.46240234375
0.44580078125
0.428955078125
0.412353515625
0.404052734375
0.39990234375
0.404052734375
0.420654296875
0.441650390625
0.466552734375
0.491455078125
0.504150390625
0.520751953125
0.533203125
0.54150390625
0.54150390625
0.533203125
0.533203125
0.520751953125
0.512451171875
0.5
0.49560546875
0.4873046875
0.474853515625
0.466552734375
0.458251953125
0.449951171875
0.441650390625
0.433349609375
0.420654296875
0.412353515625
0.39990234375
0.387451171875
0.37060546875
0.35400390625
0.33740234375
0.32080078125
0.303955078125
0.295654296875
0.29150390625
0.303955078125
0.316650390625
0.341552734375
0.366455078125
0.395751953125
0.420654296875
0.441650390625
0.4541015625
0.458251953125
0.46240234375
0.458251953125
0.4541015625
0.44580078125
0.4375
0.428955078125
0.420654296875
0.41650390625
0.408203125
0.39990234375
0.39990234375
0.3916015625
0.38330078125
0.379150390625
0.37060546875
0.366455078125
0.358154296875
0.345703125
0.341552734375
0.333251953125
0.324951171875
0.324951171875
0.333251953125
0.345703125
0.366455078125
0.39990234375
0.43310546875
0.474853515625
0.50830078125
0.54150390625
0.56640625
0.58740234375
0.60400390625
0.608154296875
0.608154296875
0.616455078125
0.608154296875
0.608154296875
0.608154296875
0.60400390625
0.576904296875
0.576904296875
0.570556640625
0.570556640625
0.5673828125
0.564208984375
0.560791015625
0.5576171875
0.55126953125
0.544921875
0.53515625
0.52880859375
0.522216796875
0.5126953125
0.50634765625
0.50634765625
0.50634765625
0.515869140625
0.52880859375
0.55126953125
0.583251953125
0.6123046875
0.644287109375
0.67333984375
0.69580078125
0.715087890625
0.7216796875
0.72802734375
0.72802734375
0.724853515625
0.715087890625
0.702392578125
0.689453125
0.676513671875
0.663818359375
0.65087890625
0.637939453125
0.625244140625
0.6123046875
0.599365234375
0.580078125
0.5673828125
0.554443359375
0.538330078125
0.522216796875
0.50634765625
0.49658203125
0.48388671875
0.470947265625
0.46142578125
0.46142578125
0.4677734375
0.48046875
0.49658203125
0.515869140625
0.538330078125
0.560791015625
0.57373046875
0.58349609375
0.58984375
0.58984375
0.58349609375
0.576904296875
0.5673828125
0.560791015625
0.548095703125
0.54150390625
0.52880859375
0.522216796875
0.5126953125
0.503173828125
0.5
0.490234375
0.477294921875
0.470947265625
0.4580078125
0.4453125
0.426025390625
0.4130859375
0.400146484375
0.387451171875
0.37451171875
0.364990234375
0.3583984375
0.364990234375
0.37451171875
0.387451171875
0.409912109375
0.42919921875
0.4453125
0.4580078125
0.470947265625
0.47412109375
0.47412109375
0.4677734375
0.46142578125
0.45166015625
0.4453125
0.438720703125
0.42919921875
0.4228515625
0.41943359375
0.4130859375
0.409912109375
0.403564453125
0.39697265625
0.390625
0.38427734375
0.377685546875
0.3681640625
0.361572265625
0.348876953125
0.3359375
0.32958984375
0.316650390625
0.3134765625
0.316650390625
0.32958984375
0.348876953125
0.377685546875
0.4033203125
0.432373046875
0.4580078125
0.477294921875
0.489013671875
0.5
0.5
0.5
0.5
0.496337890625
0.49267578125
0.489013671875
0.485595703125
0.48193359375
0.478515625
0.478515625
0.474853515625
0.471435546875
0.471435546875
0.4677734375
0.464111328125
0.45703125
0.449951171875
0.44287109375
0.431884765625
0.4248046875
0.417724609375
0.414306640625
0.414306640625
0.417724609375
0.431884765625
0.45703125
0.485595703125
0.51416015625
0.54638671875
0.578369140625
0.60693359375
0.624755859375
0.63916015625
0.646240234375
0.64990234375
0.64990234375
0.64990234375
0.646240234375
0.642822265625
0.63916015625
0.635498046875
0.62841796875
0.624755859375
0.621337890625
0.6142578125
0.610595703125
0.603271484375
0.59619140625
0.585693359375
0.57470703125
0.560546875
0.546142578125
0.531982421875
0.517578125
0.50341796875
0.5
0.496337890625
0.49267578125
0.5
0.510498046875
0.531982421875
0.556884765625
0.58203125
0.603271484375
0.624755859375
0.6318359375
0.635498046875
0.635498046875
0.62841796875
0.61767578125
0.60693359375
0.59619140625
0.58203125
0.5712890625
0.560546875
0.553466796875
0.5390625
0.531982421875
0.517578125
0.507080078125
0.5
0.489013671875
0.474853515625
0.46044921875
0.4462890625
0.431884765625
0.417724609375
0.396240234375
0.3818359375
0.371337890625
0.3642578125
0.3642578125
0.371337890625
0.3818359375
0.4033203125
0.417724609375
0.439208984375
0.453369140625
0.46044921875
0.464111328125
0.464111328125
0.46044921875
0.453369140625
0.44287109375
0.431884765625
0.4248046875
0.414306640625
0.406982421875
0.39990234375
0.392822265625
0.385498046875
0.37841796875
0.371337890625
0.360595703125
0.353271484375
0.3427734375
0.33203125
0.3212890625
0.310546875
0.2998046875
0.292724609375
0.28564453125
0.25
0.25830078125
0.270751953125
0.295654296875
0.324951171875
0.358154296875
0.3916015625
0.420654296875
0.44580078125
0.46240234375
0.474853515625
0.474853515625
0.474853515625
0.470703125
0.466552734375
0.46240234375
0.4541015625
0.44580078125
0.4375
0.428955078125
0.4248046875
0.41650390625
0.41650390625
0.408203125
0.408203125
0.39990234375
0.39990234375
0.3916015625
0.38330078125
0.375
0.366455078125
0.358154296875
0.349853515625
0.349853515625
0.35400390625
0.3623046875
0.38330078125
0.41650390625
0.449951171875
0.483154296875
0.5166015625
0.545654296875
0.574951171875
0.595703125
0.608154296875
0.616455078125
0.616455078125
0.616455078125
0.616455078125
0.616455078125
0.616455078125
0.608154296875
0.608154296875
0.608154296875
0.599853515625
0.599853515625
0.595703125
0.591552734375
0.58740234375
0.583251953125
0.574951171875
0.566650390625
0.553955078125
0.545654296875
0.529052734375
0.520751953125
0.512451171875
0.50830078125
0.5166015625
0.529052734375
0.5498046875
0.583251953125
0.616455078125
0.64990234375
0.678955078125
0.7041015625
0.72900390625
0.7373046875
0.741455078125
0.7373046875
0.72900390625
0.71240234375
0.69580078125
0.670654296875
0.654052734375
0.637451171875
0.62060546875
0.608154296875
0.595703125
0.5791015625
0.562255859375
0.545654296875
0.529052734375
0.512451171875
0.5
0.4873046875
0.470703125
0.449951171875
0.428955078125
0.420654296875
0.404052734375
0.39990234375
0.404052734375
0.412353515625
0.428955078125
0.4541015625
0.47900390625
0.5
0.512451171875
0.52490234375
0.533203125
0.533203125
0.529052734375
0.520751953125
0.512451171875
0.5
0.49560546875
0.4873046875
0.474853515625
0.466552734375
0.4541015625
0.44580078125
0.4375
0.4248046875
0.41650390625
0.404052734375
0.395751953125
0.379150390625
0.37060546875
0.35400390625
0.33740234375
0.32080078125
0.308349609375
0.295654296875
0.29150390625
0.295654296875
0.303955078125
0.3291015625
0.358154296875
0.3916015625
0.41650390625
0.44580078125
0.46240234375
0.470703125
0.474853515625
0.474853515625
0.466552734375
0.458251953125
0.449951171875
0.441650390625
0.4375
0.428955078125
0.4248046875
0.41650390625
0.412353515625
0.408203125
0.404052734375
0.395751953125
0.3916015625
0.38330078125
0.375
0.3623046875
0.35400390625
0.341552734375
0.3291015625
0.324951171875
0.324951171875
0.333251953125
0.349853515625
0.374755859375
0.408203125
0.449951171875
0.4873046875
0.5166015625
0.54150390625
0.562255859375
0.5791015625
0.58740234375
0.591552734375
0.591552734375
0.591552734375
0.58740234375
0.583251953125
0.583251953125
0.583251953125
0.583251953125
0.564208984375
0.564208984375
0.564208984375
0.5576171875
0.5576171875
0.554443359375
0.548095703125
0.54150390625
0.53515625
0.52880859375
0.522216796875
0.515869140625
0.509521484375
0.50634765625
0.509521484375
0.522216796875
0.538330078125
0.56396484375
0.593017578125
0.621826171875
0.654052734375
0.6796875
0.698974609375
0.715087890625
0.718505859375
0.724853515625
0.7216796875
0.718505859375
0.708740234375
0.69580078125
0.68310546875
0.67333984375
0.663818359375
0.65087890625
0.637939453125
0.625244140625
0.6123046875
0.593017578125
0.580078125
0.5673828125
0.55126953125
0.53515625
0.51904296875
0.503173828125
0.49658203125
0.48388671875
0.470947265625
0.4677734375
0.470947265625
0.477294921875
0.49658203125
0.509521484375
0.531982421875
0.554443359375
0.57373046875
0.586669921875
0.586669921875
0.593017578125
0.59619140625
0.58984375
0.58349609375
0.576904296875
0.5673828125
0.560791015625
0.55126953125
0.54150390625
0.53515625
0.525634765625
0.515869140625
0.509521484375
0.5
0.49658203125
0.48388671875
0.470947265625
0.461181640625
0.4453125
0.432373046875
0.41943359375
0.40673828125
0.393798828125
0.380859375
0.371337890625
0.371337890625
0.37451171875
0.387451171875
0.4033203125
0.422607421875
0.44189453125
0.4580078125
0.470947265625
0.477294921875
0.480712890625
0.477294921875
0.470947265625
0.464599609375
0.454833984375
0.4453125
0.438720703125
0.432373046875
0.426025390625
0.41943359375
0.4130859375
0.409912109375
0.403564453125
0.39697265625
0.387451171875
0.380859375
0.371337890625
0.361572265625
0.35205078125
0.34228515625
0.32958984375
0.322998046875
0.316650390625
0.316650390625
0.322998046875
0.34228515625
0.36474609375
0.390625
0.416259765625
0.44189453125
0.4677734375
0.48388671875
0.493408203125
0.5
0.5
0.5
0.493408203125
0.493408203125
0.487060546875
0.48388671875
0.480712890625
0.480712890625
0.47412109375
0.47412109375
0.470947265625
0.4677734375
0.464599609375
0.46142578125
0.4580078125
0.45166015625
0.4453125
0.438720703125
0.432373046875
0.426025390625
0.4228515625
0.4228515625
0.426025390625
0.435546875
0.45166015625
0.47412109375
0.499755859375
0.525390625
0.55126953125
0.576904296875
0.599365234375
0.6123046875
0.6220703125
0.62841796875
0.62841796875
0.6220703125
0.6220703125
0.615478515625
0.615478515625
0.609130859375
0.609130859375
0.60595703125
0.602783203125
0.599365234375
0.593017578125
0.586669921875
0.580078125
0.57373046875
0.564208984375
0.5576171875
0.548095703125
0.538330078125
0.52880859375
0.515869140625
0.503173828125
0.5
0.5
0.5
0.509521484375
0.52880859375
0.548095703125
0.570556640625
0.58984375
0.60595703125
0.61865234375
0.625244140625
0.62841796875
0.6220703125
0.61865234375
0.60595703125
0.599365234375
0.586669921875
0.576904296875
0.5673828125
0.5576171875
0.548095703125
0.538330078125
0.52880859375
0.51904296875
0.509521484375
0.5
0.490234375
0.477294921875
0.464599609375
0.45166015625
0.435546875
0.41943359375
0.40673828125
0.39697265625
0.390625
0.38427734375
0.390625
0.400146484375
0.4130859375
0.432373046875
0.448486328125
0.464599609375
0.47412109375
0.480712890625
0.480712890625
0.477294921875
0.470947265625
0.464599609375
0.454833984375
0.4453125
0.438720703125
0.42919921875
0.4228515625
0.416259765625
0.409912109375
0.403564453125
0.400146484375
0.393798828125
0.387451171875
0.377685546875
0.371337890625
0.361572265625
0.35205078125
0.34228515625
0.32958984375
0.31982421875
0.3134765625
0.30712890625
0.25830078125
0.27490234375
0.2998046875
0.333251953125
0.366455078125
0.39990234375
0.428955078125
0.44580078125
0.46240234375
0.470703125
0.470703125
0.466552734375
0.458251953125
0.449951171875
0.441650390625
0.4375
0.428955078125
0.4248046875
0.41650390625
0.41650390625
0.412353515625
0.408203125
0.404052734375
0.39990234375
0.3916015625
0.387451171875
0.379150390625
0.37060546875
0.3623046875
0.35400390625
0.349853515625
0.349853515625
0.358154296875
0.374755859375
0.39990234375
0.43310546875
0.466552734375
0.504150390625
0.533203125
0.56640625
0.58740234375
0.608154296875
0.62060546875
0.625
0.625
0.625
0.625
0.62060546875
0.616455078125
0.616455078125
0.616455078125
0.6123046875
0.608154296875
0.608154296875
0.60400390625
0.599853515625
0.595703125
0.58740234375
0.5791015625
0.57080078125
0.562255859375
0.5498046875
0.537353515625
0.529052734375
0.520751953125
0.5166015625
0.5166015625
0.529052734375
0.5498046875
0.574951171875
0.608154296875
0.6416015625
0.6748046875
0.7041015625
0.72900390625
0.741455078125
0.75
0.741455078125
0.72900390625
0.720703125
0.7041015625
0.68310546875
0.662353515625
0.645751953125
0.629150390625
0.6123046875
0.595703125
0.583251953125
0.57080078125
0.553955078125
0.537353515625
0.520751953125
0.504150390625
0.49560546875
0.47900390625
0.46240234375
0.44580078125
0.433349609375
0.420654296875
0.41650390625
0.41650390625
0.420654296875
0.4375
0.46240234375
0.4873046875
0.504150390625
0.52490234375
0.54150390625
0.5498046875
0.553955078125
0.5498046875
0.545654296875
0.537353515625
0.529052734375
0.520751953125
0.50830078125
0.5
0.49560546875
0.4873046875
0.47900390625
0.470703125
0.46240234375
0.4541015625
0.441650390625
0.428955078125
0.41650390625
0.404052734375
0.387451171875
0.37060546875
0.35400390625
0.341552734375
0.3291015625
0.324951171875
0.324951171875
0.3291015625
0.345703125
0.37060546875
0.395751953125
0.420654296875
0.44580078125
0.46240234375
0.470703125
0.474853515625
0.474853515625
0.474853515625
0.470703125
0.46240234375
0.4541015625
0.441650390625
0.4375
0.428955078125
0.4248046875
0.41650390625
0.412353515625
0.408203125
0.404052734375
0.395751953125
0.3916015625
0.38330078125
0.37060546875
0.3623046875
0.35400390625
0.341552734375
0.333251953125
0.324951171875
0.3291015625
0.345703125
0.366455078125
0.379150390625
0.408203125
0.44580078125
0.483154296875
0.50830078125
0.54150390625
0.562255859375
0.583251953125
0.595703125
0.599853515625
0.599853515625
0.599853515625
0.599853515625
0.591552734375
0.591552734375
0.591552734375
0.58740234375
0.583251953125
0.5712890625
0.5712890625
0.567626953125
0.564208984375
0.560546875
0.55712890625
0.5498046875
0.542724609375
0.53564453125
0.52490234375
0.517578125
0.510498046875
0.507080078125
0.507080078125
0.517578125
0.53564453125
0.564208984375
0.5927734375
0.62841796875
0.66064453125
0.692626953125
0.714111328125
0.73193359375
0.74267578125
0.746337890625
0.746337890625
0.739013671875
0.724853515625
0.717529296875
0.703369140625
0.68896484375
0.6748046875
0.660400390625
0.646240234375
0.6318359375
0.61767578125
0.603271484375
0.589111328125
0.57470703125
0.560546875
0.5390625
0.52490234375
0.510498046875
0.5
0.489013671875
0.474853515625
0.471435546875
0.471435546875
0.48193359375
0.496337890625
0.51416015625
0.53564453125
0.560546875
0.58203125
0.59619140625
0.60693359375
0.60693359375
0.60693359375
0.603271484375
0.5927734375
0.58203125
0.567626953125
0.560546875
0.546142578125
0.5390625
0.528564453125
0.517578125
0.510498046875
0.5
0.496337890625
0.48193359375
0.471435546875
0.46044921875
0.4462890625
0.428466796875
0.41064453125
0.396240234375
0.3818359375
0.374755859375
0.3642578125
0.35693359375
0.3642578125
0.374755859375
0.392578125
0.4140625
0.435546875
0.453369140625
0.4677734375
0.478515625
0.478515625
0.478515625
0.471435546875
0.471435546875
0.464111328125
0.453369140625
0.4462890625
0.439208984375
0.431884765625
0.4248046875
0.417724609375
0.41064453125
0.4033203125
0.39990234375
0.392822265625
0.385498046875
0.374755859375
0.36767578125
0.353271484375
0.34619140625
0.33203125
0.317626953125
0.310546875
0.2998046875
0.303466796875
0.310546875
0.33203125
0.35693359375
0.385498046875
0.4140625
0.4462890625
0.47119140625
0.49267578125
0.5
0.50341796875
0.50634765625
0.5
0.5
0.5
0.493408203125
0.490234375
0.487060546875
0.480712890625
0.480712890625
0.480712890625
0.480712890625
0.47412109375
0.47412109375
0.470947265625
0.4677734375
0.46142578125
0.454833984375
0.45166015625
0.4453125
0.438720703125
0.432373046875
0.42919921875
0.432373046875
0.4453125
0.461181640625
0.48046875
0.50634765625
0.53515625
0.56396484375
0.58984375
0.6123046875
0.62841796875
0.637939453125
0.64453125
0.647705078125
0.647705078125
0.641357421875
0.641357421875
0.634765625
0.634765625
0.631591796875
0.62841796875
0.6220703125
0.61865234375
0.615478515625
0.609130859375
0.602783203125
0.593017578125
0.586669921875
0.57373046875
0.560791015625
0.554443359375
0.54150390625
0.52880859375
0.522216796875
0.51904296875
0.51904296875
0.52880859375
0.544677734375
0.56396484375
0.586669921875
0.609130859375
0.62841796875
0.64453125
0.65087890625
0.654052734375
0.65087890625
0.64453125
0.634765625
0.625244140625
0.615478515625
0.60595703125
0.593017578125
0.586669921875
0.57373046875
0.564208984375
0.554443359375
0.544921875
0.53515625
0.522216796875
0.509521484375
0.5
0.490234375
0.477294921875
0.4580078125
0.4453125
0.432373046875
0.41943359375
0.409912109375
0.403564453125
0.409912109375
0.41943359375
0.432373046875
0.448486328125
0.464599609375
0.480712890625
0.487060546875
0.49658203125
0.5
0.5
0.5
0.493408203125
0.48388671875
0.477294921875
0.464599609375
0.4580078125
0.448486328125
0.442138671875
0.432373046875
0.426025390625
0.41943359375
0.4130859375
0.40673828125
0.39697265625
0.390625
0.380859375
0.371337890625
0.361572265625
0.348876953125
0.3359375
0.326416015625
0.31982421875
0.292724609375
0.296142578125
0.303466796875
0.32470703125
0.349853515625
0.37841796875
0.406982421875
0.435546875
0.453369140625
0.4677734375
0.471435546875
0.471435546875
0.471435546875
0.464111328125
0.45703125
0.453369140625
0.4462890625
0.44287109375
0.435546875
0.431884765625
0.428466796875
0.428466796875
0.42138671875
0.42138671875
0.417724609375
0.414306640625
0.406982421875
0.4033203125
0.396240234375
0.38916015625
0.3818359375
0.374755859375
0.371337890625
0.374755859375
0.3818359375
0.4033203125
0.428466796875
0.45703125
0.49267578125
0.51416015625
0.542724609375
0.567626953125
0.58203125
0.59619140625
0.603271484375
0.60693359375
0.60693359375
0.60693359375
0.603271484375
0.599853515625
0.599853515625
0.599853515625
0.599853515625
0.59619140625
0.5927734375
0.5927734375
0.5927734375
0.585693359375
0.58203125
0.57470703125
0.564208984375
0.553466796875
0.546142578125
0.53564453125
0.528564453125
0.521240234375
0.52490234375
0.531982421875
0.5498046875
0.5712890625
0.599853515625
0.635498046875
0.6640625
0.692626953125
0.71044921875
0.724853515625
0.735595703125
0.735595703125
0.728515625
0.717529296875
0.703369140625
0.681884765625
0.667724609375
0.6533203125
0.635498046875
0.61767578125
0.603271484375
0.589111328125
0.57470703125
0.560546875
0.546142578125
0.531982421875
0.517578125
0.510498046875
0.5
0.48193359375
0.4677734375
0.453369140625
0.439208984375
0.431884765625
0.428466796875
0.435546875
0.4462890625
0.4677734375
0.489013671875
0.50341796875
0.510498046875
0.52490234375
0.5390625
0.5498046875
0.55712890625
0.5498046875
0.546142578125
0.5390625
0.528564453125
0.517578125
0.510498046875
0.50341796875
0.5
0.489013671875
0.48193359375
0.471435546875
0.464111328125
0.453369140625
0.4462890625
0.435546875
0.4248046875
0.41064453125
0.396240234375
0.3818359375
0.36767578125
0.353271484375
0.339111328125
0.335693359375
0.335693359375
0.339111328125
0.353271484375
0.374755859375
0.39990234375
0.42138671875
0.439208984375
0.46044921875
0.4677734375
0.471435546875
0.471435546875
0.4677734375
0.46044921875
0.453369140625
0.4462890625
0.439208984375
0.431884765625
0.4248046875
0.42138671875
0.414306640625
0.41064453125
0.406982421875
0.39990234375
0.396240234375
0.392822265625
0.385498046875
0.374755859375
0.36767578125
0.35693359375
0.34619140625
0.339111328125
0.33203125
0.33203125
0.34619140625
0.364013671875
0.392578125
0.4248046875
0.45703125
0.49267578125
0.510498046875
0.531982421875
0.546142578125
0.55712890625
0.564208984375
0.564208984375
0.564208984375
0.560546875
0.55712890625
0.55712890625
0.55712890625
0.5498046875
0.5498046875
0.5498046875
0.546142578125
0.542724609375
0.5390625
0.53564453125
0.531982421875
0.52490234375
0.521240234375
0.51416015625
0.50341796875
0.5
0.49267578125
0.489013671875
0.485595703125
0.496337890625
0.50341796875
0.5283203125
0.560546875
0.59619140625
0.632080078125
0.6640625
0.68896484375
0.71044921875
0.72119140625
0.728515625
0.728515625
0.72119140625
0.72119140625
0.714111328125
0.703369140625
0.68896484375
0.678466796875
0.6640625
0.646240234375
0.6318359375
0.624755859375
0.610595703125
0.59619140625
0.58203125
0.567626953125
0.553466796875
0.531982421875
0.517578125
0.50341796875
0.496337890625
0.48193359375
0.4677734375
0.464111328125
0.464111328125
0.474853515625
0.489013671875
0.50341796875
0.5283203125
0.556884765625
0.57470703125
0.59619140625
0.603271484375
0.60693359375
0.603271484375
0.59619140625
0.589111328125
0.57470703125
0.564208984375
0.553466796875
0.5390625
0.531982421875
0.521240234375
0.510498046875
0.50341796875
0.5
0.489013671875
0.48193359375
0.4677734375
0.453369140625
0.439208984375
0.4248046875
0.41064453125
0.38916015625
0.374755859375
0.3642578125
0.35693359375
0.349853515625
0.35693359375
0.36767578125
0.3818359375
0.4033203125
0.4248046875
0.4462890625
0.46044921875
0.4677734375
0.471435546875
0.471435546875
0.464111328125
0.46044921875
0.449951171875
0.439208984375
0.431884765625
0.4248046875
0.417724609375
0.41064453125
0.4033203125
0.396240234375
0.392822265625
0.385498046875
0.37841796875
0.371337890625
0.3642578125
0.353271484375
0.339111328125
0.33203125
0.317626953125
0.303466796875
0.2998046875
0.303466796875
0.310546875
0.32470703125
0.349853515625
0.37841796875
0.41064453125
0.442626953125
0.47119140625
0.489013671875
0.5
0.507080078125
0.50634765625
0.50634765625
0.5
0.5
0.5
0.493408203125
0.493408203125
0.487060546875
0.487060546875
0.480712890625
0.480712890625
0.480712890625
0.47412109375
0.47412109375
0.470947265625
0.4677734375
0.46142578125
0.454833984375
0.4453125
0.438720703125
0.432373046875
0.42919921875
0.432373046875
0.438720703125
0.454833984375
0.48046875
0.503173828125
0.528564453125
0.5576171875
0.583251953125
0.60595703125
0.625244140625
0.634765625
0.641357421875
0.641357421875
0.641357421875
0.641357421875
0.634765625
0.634765625
0.62841796875
0.625244140625
0.6220703125
0.615478515625
0.615478515625
0.609130859375
0.60595703125
0.602783203125
0.593017578125
0.586669921875
0.576904296875
0.5673828125
0.554443359375
0.54150390625
0.52880859375
0.51904296875
0.515869140625
0.515869140625
0.522216796875
0.538330078125
0.5576171875
0.583251953125
0.60595703125
0.625244140625
0.64453125
0.654052734375
0.6572265625
0.654052734375
0.65087890625
0.64453125
0.637939453125
0.625244140625
0.6123046875
0.602783203125
0.593017578125
0.58349609375
0.57373046875
0.564208984375
0.554443359375
0.54150390625
0.53515625
0.522216796875
0.509521484375
0.5
0.490234375
0.477294921875
0.4580078125
0.4453125
0.432373046875
0.41943359375
0.40673828125
0.403564453125
0.403564453125
0.4130859375
0.426025390625
0.4453125
0.461181640625
0.477294921875
0.490234375
0.5
0.5
0.5
0.49658203125
0.487060546875
0.477294921875
0.470947265625
0.46142578125
0.45166015625
0.4453125
0.438720703125
0.432373046875
0.426025390625
0.41943359375
0.4130859375
0.403564453125
0.39697265625
0.387451171875
0.380859375
0.3681640625
0.355224609375
0.34228515625
0.3359375
0.322998046875
0.31982421875
0.31982421875
0.326416015625
0.339111328125
0.3583984375
0.384033203125
0.409912109375
0.435546875
0.45166015625
0.46142578125
0.464599609375
0.4677734375
0.46142578125
0.4580078125
0.454833984375
0.448486328125
0.442138671875
0.435546875
0.432373046875
0.42919921875
0.426025390625
0.4228515625
0.41943359375
0.416259765625
0.416259765625
0.409912109375
0.409912109375
0.403564453125
0.39697265625
0.390625
0.38427734375
0.377685546875
0.377685546875
0.377685546875
0.387451171875
0.400146484375
0.422607421875
0.448486328125
0.48046875
0.503173828125
0.525390625
0.548095703125
0.5673828125
0.576904296875
0.58349609375
0.58349609375
0.58349609375
0.58349609375
0.58349609375
0.576904296875
0.576904296875
0.576904296875
0.576904296875
0.57373046875
0.570556640625
0.570556640625
0.5673828125
0.564208984375
0.5576171875
0.554443359375
0.548095703125
0.54150390625
0.531982421875
0.522216796875
0.515869140625
0.5126953125
0.509521484375
0.5126953125
0.525390625
0.544677734375
0.570556640625
0.59619140625
0.621826171875
0.647705078125
0.670166015625
0.68310546875
0.692626953125
0.692626953125
0.689453125
0.686279296875
0.679931640625
0.670166015625
0.660400390625
0.64453125
0.631591796875
0.61865234375
0.60595703125
0.593017578125
0.580078125
0.5673828125
0.554443359375
0.548095703125
0.53515625
0.522216796875
0.509521484375
0.5
0.48388671875
0.470947265625
0.4580078125
0.4453125
0.438720703125
0.435546875
0.438720703125
0.45166015625
0.464599609375
0.48388671875
0.503173828125
0.515869140625
0.52880859375
0.538330078125
0.544921875
0.54150390625
0.53515625
0.52880859375
0.515869140625
0.509521484375
0.5
0.49658203125
0.487060546875
0.477294921875
0.470947265625
0.464599609375
0.4580078125
0.448486328125
0.442138671875
0.432373046875
0.41064453125
0.4033203125
0.38916015625
0.374755859375
0.360595703125
0.34619140625
0.339111328125
0.328369140625
0.328369140625
0.33203125
0.3427734375
0.360595703125
0.385498046875
0.406982421875
0.4248046875
0.4462890625
0.453369140625
0.46044921875
0.464111328125
0.45703125
0.453369140625
0.4462890625
0.439208984375
0.431884765625
0.4248046875
0.417724609375
0.414306640625
0.406982421875
0.4033203125
0.39990234375
0.396240234375
0.392822265625
0.385498046875
0.37841796875
0.371337890625
0.360595703125
0.353271484375
0.339111328125
0.33203125
0.328369140625
0.33203125
0.34619140625
0.360595703125
0.385498046875
0.4140625
0.449951171875
0.48193359375
0.507080078125
0.52490234375
0.542724609375
0.553466796875
0.55712890625
0.55712890625
0.55712890625
0.55712890625
0.55712890625
0.5498046875
0.5498046875
0.5498046875
0.5498046875
0.5498046875
0.542724609375
0.542724609375
0.542724609375
0.5390625
0.53564453125
0.528564453125
0.52490234375
0.517578125
0.510498046875
0.50341796875
0.5
0.5
0.5
0.5
0.510498046875
0.53564453125
0.564208984375
0.599853515625
0.635498046875
0.6640625
0.68896484375
0.6962890625
0.71044921875
0.72119140625
0.728515625
0.728515625
0.728515625
0.72119140625
0.71044921875
0.6962890625
0.68896484375
0.6748046875
0.660400390625
0.646240234375
0.6318359375
0.61767578125
0.603271484375
0.589111328125
0.57470703125
0.560546875
0.546142578125
0.52490234375
0.510498046875
0.5
0.489013671875
0.478515625
0.471435546875
0.471435546875
0.478515625
0.49267578125
0.507080078125
0.53564453125
0.556884765625
0.58203125
0.59619140625
0.610595703125
0.6142578125
0.6142578125
0.60693359375
0.599853515625
0.589111328125
0.58203125
0.5712890625
0.560546875
0.5498046875
0.5390625
0.531982421875
0.521240234375
0.510498046875
0.50341796875
0.5
0.489013671875
0.474853515625
0.46044921875
0.4462890625
0.431884765625
0.417724609375
0.4033203125
0.38916015625
0.37841796875
0.374755859375
0.37841796875
0.38916015625
0.4033203125
0.42138671875
0.442626953125
0.46044921875
0.474853515625
0.489013671875
0.49267578125
0.49267578125
0.485595703125
0.485595703125
0.478515625
0.4677734375
0.46044921875
0.449951171875
0.44287109375
0.435546875
0.428466796875
0.42138671875
0.414306640625
0.406982421875
0.4033203125
0.396240234375
0.38916015625
0.3818359375
0.371337890625
0.360595703125
0.349853515625
0.339111328125
0.32470703125
0.317626953125
0.314208984375
0.317626953125
0.33203125
0.353271484375
0.37841796875
0.406982421875
0.42138671875
0.449951171875
0.478515625
0.496337890625
0.5
0.507080078125
0.507080078125
0.507080078125
0.5
0.5
0.5
0.49267578125
0.49267578125
0.49267578125
0.485595703125
0.485595703125
0.485595703125
0.48193359375
0.478515625
0.474853515625
0.471435546875
0.464111328125
0.45703125
0.449951171875
0.4462890625
0.435546875
0.431884765625
0.428466796875
0.431884765625
0.439208984375
0.46044921875
0.485595703125
0.51416015625
0.54638671875
0.578369140625
0.610595703125
0.635498046875
0.6533203125
0.6640625
0.67138671875
0.67138671875
0.67138671875
0.67138671875
0.6640625
0.6640625
0.656982421875
0.656982421875
0.64990234375
0.646240234375
0.642822265625
0.635498046875
0.6318359375
0.624755859375
0.6142578125
0.603271484375
0.59619140625
0.58203125
0.567626953125
0.553466796875
0.546142578125
0.53564453125
0.528564453125
0.531982421875
0.542724609375
0.560546875
0.58544921875
0.614013671875
0.63916015625
0.64453125
0.6572265625
0.6669921875
0.67333984375
0.6669921875
0.6572265625
0.64453125
0.631591796875
0.6123046875
0.599365234375
0.586669921875
0.5673828125
0.554443359375
0.544921875
0.53515625
0.52880859375
0.515869140625
0.509521484375
0.5
0.490234375
0.477294921875
0.4580078125
0.4453125
0.432373046875
0.41943359375
0.40673828125
0.39697265625
0.39697265625
0.39697265625
0.40673828125
0.422607421875
0.44189453125
0.4580078125
0.477294921875
0.490234375
0.49658203125
0.5
0.5
0.493408203125
0.487060546875
0.477294921875
0.470947265625
0.464599609375
0.454833984375
0.448486328125
0.438720703125
0.432373046875
0.426025390625
0.41943359375
0.4130859375
0.40673828125
0.400146484375
0.387451171875
0.380859375
0.3681640625
0.355224609375
0.34228515625
0.3359375
0.326416015625
0.31982421875
0.31982421875
0.326416015625
0.3359375
0.3583984375
0.384033203125
0.409912109375
0.432373046875
0.45166015625
0.46142578125
0.4677734375
0.4677734375
0.4677734375
0.46142578125
0.4580078125
0.45166015625
0.4453125
0.442138671875
0.435546875
0.432373046875
0.42919921875
0.426025390625
0.4228515625
0.4228515625
0.416259765625
0.4130859375
0.40673828125
0.400146484375
0.393798828125
0.38427734375
0.377685546875
0.371337890625
0.371337890625
0.371337890625
0.380859375
0.393798828125
0.416259765625
0.44189453125
0.470947265625
0.49658203125
0.51904296875
0.54150390625
0.560791015625
0.5673828125
0.576904296875
0.576904296875
0.576904296875
0.576904296875
0.576904296875
0.57373046875
0.570556640625
0.570556640625
0.570556640625
0.5673828125
0.564208984375
0.564208984375
0.5576171875
0.5576171875
0.55126953125
0.544921875
0.54150390625
0.531982421875
0.522216796875
0.515869140625
0.50634765625
0.5
0.5
0.50634765625
0.51904296875
0.538330078125
0.56396484375
0.59619140625
0.621826171875
0.647705078125
0.670166015625
0.68310546875
0.692626953125
0.692626953125
0.692626953125
0.686279296875
0.679931640625
0.670166015625
0.663818359375
0.65087890625
0.637939453125
0.625244140625
0.60595703125
0.593017578125
0.580078125
0.5673828125
0.554443359375
0.54150390625
0.52880859375
0.515869140625
0.503173828125
0.49658203125
0.48046875
0.464599609375
0.454833984375
0.4453125
0.442138671875
0.4453125
0.45166015625
0.470947265625
0.487060546875
0.503173828125
0.51904296875
0.53515625
0.54150390625
0.544921875
0.544921875
0.538330078125
0.531982421875
0.522216796875
0.515869140625
0.503173828125
0.5
0.49658203125
0.487060546875
0.477294921875
0.470947265625
0.464599609375
0.454833984375
0.4453125
0.438720703125
0.42919921875
0.41943359375
0.396240234375
0.3818359375
0.36767578125
0.353271484375
0.3427734375
0.33203125
0.328369140625
0.33203125
0.34619140625
0.360595703125
0.3818359375
0.406982421875
0.4248046875
0.439208984375
0.453369140625
0.45703125
0.464111328125
0.45703125
0.45703125
0.45703125
0.449951171875
0.44287109375
0.435546875
0.431884765625
0.4248046875
0.42138671875
0.414306640625
0.41064453125
0.406982421875
0.4033203125
0.396240234375
0.38916015625
0.3818359375
0.374755859375
0.36767578125
0.35693359375
0.34619140625
0.339111328125
0.33203125
0.335693359375
0.34619140625
0.360595703125
0.385498046875
0.4140625
0.4462890625
0.478515625
0.50341796875
0.52490234375
0.5390625
0.5498046875
0.55712890625
0.55712890625
0.553466796875
0.5498046875
0.5498046875
0.542724609375
0.542724609375
0.542724609375
0.542724609375
0.542724609375
0.542724609375
0.5390625
0.53564453125
0.53564453125
0.528564453125
0.521240234375
0.51416015625
0.507080078125
0.5
0.5
0.49267578125
0.489013671875
0.489013671875
0.496337890625
0.507080078125
0.5283203125
0.560546875
0.59619140625
0.632080078125
0.6640625
0.68896484375
0.71044921875
0.724853515625
0.728515625
0.735595703125
0.73193359375
0.728515625
0.72119140625
0.71044921875
0.699951171875
0.68896484375
0.6748046875
0.660400390625
0.646240234375
0.63916015625
0.624755859375
0.610595703125
0.5927734375
0.57470703125
0.560546875
0.542724609375
0.52490234375
0.510498046875
0.5
0.49267578125
0.485595703125
0.485595703125
0.489013671875
0.5
0.521240234375
0.542724609375
0.5712890625
0.5927734375
0.610595703125
0.624755859375
0.6318359375
0.6318359375
0.62841796875
0.621337890625
0.6142578125
0.603271484375
0.59619140625
0.58203125
0.57470703125
0.564208984375
0.553466796875
0.546142578125
0.53564453125
0.52490234375
0.51416015625
0.50341796875
0.496337890625
0.489013671875
0.474853515625
0.46044921875
0.439208984375
0.4248046875
0.41064453125
0.396240234375
0.38916015625
0.385498046875
0.38916015625
0.396240234375
0.417724609375
0.439208984375
0.46044921875
0.48193359375
0.496337890625
0.5
0.50341796875
0.50341796875
0.5
0.5
0.489013671875
0.48193359375
0.471435546875
0.464111328125
0.453369140625
0.4462890625
0.439208984375
0.431884765625
0.4248046875
0.417724609375
0.41064453125
0.4033203125
0.396240234375
0.3818359375
0.374755859375
0.360595703125
0.34619140625
0.339111328125
0.328369140625
0.3212890625
0.32470703125
0.33203125
0.349853515625
0.371337890625
0.39990234375
0.428466796875
0.449951171875
0.47119140625
0.485595703125
0.49267578125
0.5
0.5
0.49267578125
0.49267578125
0.485595703125
0.485595703125
0.478515625
0.478515625
0.474853515625
0.471435546875
0.471435546875
0.464111328125
0.464111328125
0.45703125
0.45703125
0.449951171875
0.44287109375
0.439208984375
0.431884765625
0.4248046875
0.417724609375
0.414306640625
0.414306640625
0.4248046875
0.439208984375
0.464111328125
0.49267578125
0.52490234375
0.556884765625
0.5927734375
0.61767578125
0.63916015625
0.6533203125
0.660400390625
0.6640625
0.6640625
0.6640625
0.656982421875
0.656982421875
0.64990234375
0.646240234375
0.642822265625
0.635498046875
0.6318359375
0.624755859375
0.61767578125
0.610595703125
0.603271484375
0.589111328125
0.58203125
0.567626953125
0.553466796875
0.5390625
0.52490234375
0.517578125
0.510498046875
0.510498046875
0.521240234375
0.5390625
0.560546875
0.58544921875
0.614013671875
0.635498046875
0.642822265625
0.6533203125
0.65087890625
0.654052734375
0.654052734375
0.64453125
0.637939453125
0.625244140625
0.6123046875
0.59619140625
0.580078125
0.57373046875
0.560791015625
0.55126953125
0.54150390625
0.52880859375
0.51904296875
0.509521484375
0.49658203125
0.48388671875
0.470947265625
0.4580078125
0.438720703125
0.426025390625
0.4130859375
0.400146484375
0.387451171875
0.38427734375
0.387451171875
0.393798828125
0.40673828125
0.426025390625
0.4453125
0.461181640625
0.47412109375
0.480712890625
0.480712890625
0.480712890625
0.477294921875
0.4677734375
0.4580078125
0.45166015625
0.442138671875
0.432373046875
0.426025390625
0.416259765625
0.409912109375
0.403564453125
0.39697265625
0.387451171875
0.380859375
0.37451171875
0.361572265625
0.35205078125
0.34228515625
0.32958984375
0.316650390625
0.30712890625
0.29736328125
0.294189453125
0.29736328125
0.306884765625
0.326171875
0.345458984375
0.371337890625
0.39697265625
0.422607421875
0.438720703125
0.45166015625
0.46142578125
0.46142578125
0.4580078125
0.45166015625
0.4453125
0.438720703125
0.42919921875
0.4228515625
0.41943359375
0.416259765625
0.409912109375
0.40673828125
0.403564453125
0.39697265625
0.393798828125
0.387451171875
0.380859375
0.37451171875
0.3681640625
0.361572265625
0.3583984375
0.3583984375
0.3583984375
0.361572265625
0.37451171875
0.390625
0.416259765625
0.44189453125
0.47412109375
0.49658203125
0.51904296875
0.538330078125
0.554443359375
0.560791015625
0.564208984375
0.5673828125
0.564208984375
0.564208984375
0.560791015625
0.5576171875
0.5576171875
0.5576171875
0.55126953125
0.55126953125
0.548095703125
0.544921875
0.544921875
0.538330078125
0.53515625
0.52880859375
0.522216796875
0.515869140625
0.50634765625
0.5
0.5
0.493408203125
0.493408203125
0.5
0.50341796875
0.5283203125
0.556884765625
0.58544921875
0.614013671875
0.642578125
0.667724609375
0.681884765625
0.692626953125
0.692626953125
0.692626953125
0.68896484375
0.681884765625
0.6748046875
0.667724609375
0.656982421875
0.646240234375
0.6318359375
0.61767578125
0.603271484375
0.5927734375
0.58203125
0.567626953125
0.553466796875
0.5390625
0.52490234375
0.510498046875
0.5
0.489013671875
0.474853515625
0.46044921875
0.449951171875
0.44287109375
0.44287109375
0.4462890625
0.453369140625
0.474853515625
0.49267578125
0.507080078125
0.52490234375
0.5390625
0.5498046875
0.5498046875
0.5498046875
0.542724609375
0.53564453125
0.52490234375
0.517578125
0.507080078125
0.5
0.496337890625
0.489013671875
0.48193359375
0.471435546875
0.464111328125
0.45703125
0.4462890625
0.439208984375
0.4248046875
0.414306640625
0.4033203125
0.38916015625
0.374755859375
0.360595703125
0.349853515625
0.3427734375
0.3427734375
0.34619140625
0.353271484375
0.374755859375
0.392578125
0.417724609375
0.439208984375
0.453369140625
0.464111328125
0.471435546875
0.4677734375
0.464111328125
0.45703125
0.449951171875
0.44287109375
0.435546875
0.428466796875
0.4248046875
0.417724609375
0.414306640625
0.406982421875
0.39990234375
0.396240234375
0.392822265625
0.385498046875
0.37841796875
0.371337890625
0.360595703125
0.353271484375
0.3427734375
0.335693359375
0.328369140625
0.33203125
0.339111328125
0.35693359375
0.3818359375
0.41064453125
0.442626953125
0.474853515625
0.5
0.517578125
0.531982421875
0.546142578125
0.5498046875
0.5498046875
0.5498046875
0.5498046875
0.5498046875
0.546142578125
0.542724609375
0.542724609375
0.5390625
0.53564453125
0.53564453125
0.53564453125
0.531982421875
0.528564453125
0.528564453125
0.521240234375
0.51416015625
0.510498046875
0.50341796875
0.5
0.496337890625
0.485595703125
0.485595703125
0.485595703125
0.496337890625
0.50341796875
0.5283203125
0.556884765625
0.5927734375
0.624755859375
0.656982421875
0.678466796875
0.6962890625
0.71044921875
0.72119140625
0.72119140625
0.717529296875
0.714111328125
0.71044921875
0.703369140625
0.6962890625
0.681884765625
0.67138671875
0.660400390625
0.646240234375
0.6318359375
0.61767578125
0.603271484375
0.589111328125
0.57470703125
0.560546875
0.5390625
0.52490234375
0.510498046875
0.5
0.496337890625
0.485595703125
0.485595703125
0.496337890625
0.50341796875
0.521240234375
0.546142578125
0.5712890625
0.5927734375
0.610595703125
0.621337890625
0.62841796875
0.62841796875
0.621337890625
0.610595703125
0.603271484375
0.5927734375
0.58203125
0.5712890625
0.560546875
0.553466796875
0.542724609375
0.531982421875
0.52490234375
0.51416015625
0.50341796875
0.496337890625
0.48193359375
0.4677734375
0.453369140625
0.439208984375
0.42138671875
0.4033203125
0.392822265625
0.3818359375
0.37841796875
0.3818359375
0.38916015625
0.4033203125
0.42138671875
0.442626953125
0.46044921875
0.474853515625
0.485595703125
0.485595703125
0.485595703125
0.48193359375
0.474853515625
0.4677734375
0.45703125
0.449951171875
0.44287109375
0.435546875
0.4248046875
0.417724609375
0.414306640625
0.406982421875
0.39990234375
0.392822265625
0.385498046875
0.374755859375
0.36767578125
0.353271484375
0.3427734375
0.33203125
0.317626953125
0.310546875
0.30712890625
0.30712890625
0.317626953125
0.339111328125
0.364013671875
0.392578125
0.42138671875
0.4462890625
0.45703125
0.474853515625
0.485595703125
0.49267578125
0.49267578125
0.49267578125
0.49267578125
0.485595703125
0.478515625
0.474853515625
0.471435546875
0.464111328125
0.464111328125
0.45703125
0.45703125
0.453369140625
0.449951171875
0.44287109375
0.439208984375
0.431884765625
0.428466796875
0.42138671875
0.41064453125
0.4033203125
0.39990234375
0.392822265625
0.392822265625
0.4033203125
0.417724609375
0.442626953125
0.47119140625
0.50341796875
0.5283203125
0.556884765625
0.58203125
0.603271484375
0.610595703125
0.61767578125
0.621337890625
0.621337890625
0.621337890625
0.6142578125
0.6142578125
0.6142578125
0.60693359375
0.60693359375
0.599853515625
0.599853515625
0.5927734375
0.585693359375
0.58203125
0.57470703125
0.564208984375
0.553466796875
0.546142578125
0.531982421875
0.52490234375
0.510498046875
0.50341796875
0.5
0.50341796875
0.510498046875
0.5283203125
0.5498046875
0.578369140625
0.603271484375
0.62841796875
0.646240234375
0.6533203125
0.656982421875
0.656982421875
0.6533203125
0.642822265625
0.6318359375
0.624755859375
0.610595703125
0.603271484375
0.5927734375
0.58203125
0.5712890625
0.560546875
0.5498046875
0.5390625
0.528564453125
0.517578125
0.50341796875
0.496337890625
0.48193359375
0.464111328125
0.4462890625
0.431884765625
0.417724609375
0.406982421875
0.406982421875
0.406982421875
0.414306640625
0.428466796875
0.4462890625
0.464111328125
0.48193359375
0.49267578125
0.5
0.5
0.5
0.49267578125
0.485595703125
0.474853515625
0.4677734375
0.45703125
0.4462890625
0.439208984375
0.431884765625
0.4248046875
0.417724609375
0.41064453125
0.4033203125
0.392822265625
0.3818359375
0.374755859375
0.3642578125
0.353271484375
0.339111328125
0.328369140625
0.317626953125
0.30712890625
0.2998046875
0.2998046875
0.303466796875
0.3212890625
0.3427734375
0.371337890625
0.396240234375
0.42138671875
0.439208984375
0.453369140625
0.46044921875
0.46044921875
0.45703125
0.449951171875
0.44287109375
0.435546875
0.431884765625
0.4248046875
0.42138671875
0.414306640625
0.414306640625
0.406982421875
0.4033203125
0.39990234375
0.396240234375
0.392822265625
0.385498046875
0.3818359375
0.374755859375
0.36767578125
0.360595703125
0.35693359375
0.353271484375
0.35693359375
0.36767578125
0.385498046875
0.406982421875
0.439208984375
0.47119140625
0.496337890625
0.521240234375
0.542724609375
0.560546875
0.567626953125
0.57470703125
0.578369140625
0.578369140625
0.578369140625
0.5712890625
0.5712890625
0.5712890625
0.564208984375
0.564208984375
0.564208984375
0.564208984375
0.560546875
0.55712890625
0.55712890625
0.5498046875
0.546142578125
0.5390625
0.531982421875
0.52490234375
0.517578125
0.507080078125
0.5
0.5
0.5
0.5
0.51416015625
0.53564453125
0.564208984375
0.5927734375
0.624755859375
0.64990234375
0.6748046875
0.68896484375
0.6962890625
0.699951171875
0.6962890625
0.692626953125
0.685546875
0.678466796875
0.67138671875
0.660400390625
0.646240234375
0.635498046875
0.624755859375
0.610595703125
0.59619140625
0.58203125
0.567626953125
0.553466796875
0.5390625
0.52490234375
0.51416015625
0.50341796875
0.496337890625
0.48193359375
0.4677734375
0.46044921875
0.45703125
0.46044921875
0.474853515625
0.489013671875
0.50341796875
0.521240234375
0.5390625
0.542724609375
0.546142578125
0.55712890625
0.564208984375
0.564208984375
0.560546875
0.553466796875
0.546142578125
0.53564453125
0.52490234375
0.517578125
0.510498046875
0.5
0.5
0.49267578125
0.48193359375
0.474853515625
0.4677734375
0.45703125
0.4462890625
0.439208984375
0.4248046875
0.41064453125
0.396240234375
0.3818359375
0.36767578125
0.360595703125
0.353271484375
0.353271484375
0.360595703125
0.374755859375
0.392578125
0.4140625
0.431884765625
0.453369140625
0.4677734375
0.474853515625
0.478515625
0.478515625
0.471435546875
0.4677734375
0.46044921875
0.453369140625
0.4462890625
0.439208984375
0.435546875
0.428466796875
0.4248046875
0.42138671875
0.414306640625
0.406982421875
0.4033203125
0.396240234375
0.38916015625
0.3818359375
0.374755859375
0.360595703125
0.353271484375
0.3427734375
0.335693359375
0.335693359375
0.339111328125
0.353271484375
0.37841796875
0.41064453125
0.442626953125
0.47119140625
0.49267578125
0.50341796875
0.517578125
0.52490234375
0.528564453125
0.528564453125
0.528564453125
0.528564453125
0.528564453125
0.521240234375
0.521240234375
0.521240234375
0.51416015625
0.51416015625
0.51416015625
0.507080078125
0.507080078125
0.50341796875
0.5
0.5
0.496337890625
0.489013671875
0.478515625
0.471435546875
0.464111328125
0.464111328125
0.464111328125
0.474853515625
0.489013671875
0.507080078125
0.5390625
0.5712890625
0.599853515625
0.62841796875
0.6533203125
0.667724609375
0.681884765625
0.685546875
0.685546875
0.685546875
0.681884765625
0.678466796875
0.67138671875
0.667724609375
0.6640625
0.656982421875
0.6533203125
0.646240234375
0.63916015625
0.624755859375
0.610595703125
0.59619140625
0.58203125
0.567626953125
0.546142578125
0.531982421875
0.521240234375
0.510498046875
0.5
0.5
0.5
0.50341796875
0.517578125
0.5390625
0.564208984375
0.58544921875
0.603271484375
0.621337890625
0.62841796875
0.635498046875
0.62841796875
0.624755859375
0.6142578125
0.603271484375
0.5927734375
0.58203125
0.57470703125
0.564208984375
0.566650390625
0.553955078125
0.545654296875
0.533203125
0.520751953125
0.512451171875
0.5
0.4873046875
0.470703125
0.4541015625
0.4375
0.420654296875
0.404052734375
0.387451171875
0.375
0.375
0.375
0.387451171875
0.404052734375
0.428955078125
0.449951171875
0.470703125
0.4873046875
0.49560546875
0.5
0.49560546875
0.4873046875
0.47900390625
0.470703125
0.458251953125
0.449951171875
0.441650390625
0.433349609375
0.4248046875
0.41650390625
0.408203125
0.39990234375
0.3916015625
0.38330078125
0.375
0.3623046875
0.35400390625
0.345703125
0.3291015625
0.32080078125
0.308349609375
0.295654296875
0.29150390625
0.295654296875
0.3125
0.33740234375
0.366455078125
0.39990234375
0.43310546875
0.46240234375
0.4873046875
0.5
0.5
0.5
0.5
0.5
0.491455078125
0.4873046875
0.483154296875
0.474853515625
0.470703125
0.466552734375
0.46240234375
0.458251953125
0.4541015625
0.449951171875
0.441650390625
0.441650390625
0.433349609375
0.4248046875
0.41650390625
0.408203125
0.39990234375
0.3916015625
0.387451171875
0.387451171875
0.395751953125
0.41650390625
0.441650390625
0.47900390625
0.50830078125
0.5498046875
0.5791015625
0.60400390625
0.62060546875
0.637451171875
0.6416015625
0.64990234375
0.6416015625
0.6416015625
0.6416015625
0.63330078125
0.63330078125
0.629150390625
0.625
0.625
0.616455078125
0.616455078125
0.608154296875
0.60400390625
0.595703125
0.58740234375
0.574951171875
0.562255859375
0.5498046875
0.537353515625
0.520751953125
0.512451171875
0.50830078125
0.512451171875
0.529052734375
0.5498046875
0.574951171875
0.608154296875
0.6416015625
0.66650390625
0.687255859375
0.7041015625
0.708251953125
0.678466796875
0.67138671875
0.660400390625
0.646240234375
0.6318359375
0.61767578125
0.603271484375
0.589111328125
0.57470703125
0.564208984375
0.553466796875
0.542724609375
0.531982421875
0.52490234375
0.510498046875
0.5
0.489013671875
0.474853515625
0.46044921875
0.4462890625
0.431884765625
0.4248046875
0.414306640625
0.414306640625
0.414306640625
0.4248046875
0.439208984375
0.46044921875
0.48193359375
0.496337890625
0.5068359375
0.517578125
0.521240234375
0.51220703125
0.505126953125
0.498046875
0.4853515625
0.4765625
0.464111328125
0.45703125
0.449951171875
0.4462890625
0.439208984375
0.431884765625
0.42138671875
0.414306640625
0.4033203125
0.396240234375
0.3818359375
0.371337890625
0.360595703125
0.34619140625
0.339111328125
0.328369140625
0.328369140625
0.33203125
0.34619140625
0.364013671875
0.38916015625
0.41064453125
0.431884765625
0.4462890625
0.46044921875
0.4677734375
0.471435546875
0.464111328125
0.464111328125
0.464111328125
0.45703125
0.449951171875
0.4462890625
0.439208984375
0.435546875
0.428466796875
0.428466796875
0.42138671875
0.42138671875
0.414306640625
0.414306640625
0.406982421875
0.39990234375
0.396240234375
0.385498046875
0.37841796875
0.371337890625
0.3642578125
0.360595703125
0.3642578125
0.36767578125
0.385498046875
0.406982421875
0.435546875
0.464111328125
0.49267578125
0.51416015625
0.53564453125
0.553466796875
0.560546875
0.567626953125
0.5712890625
0.5712890625
0.567626953125
0.564208984375
0.564208984375
0.564208984375
0.564208984375
0.55712890625
0.55712890625
0.55712890625
0.553466796875
0.5498046875
0.5498046875
0.542724609375
0.53564453125
0.531982421875
0.521240234375
0.510498046875
0.50341796875
0.5
0.5
0.5
0.5
0.51416015625
0.53564453125
0.564208984375
0.5927734375
0.62841796875
0.6533203125
0.6748046875
0.68896484375
0.699951171875
0.699951171875
0.699951171875
0.692626953125
0.685546875
0.678466796875
0.67138671875
0.660400390625
0.646240234375
0.635498046875
0.624755859375
0.610595703125
0.59619140625
0.58203125
0.567626953125
0.553466796875
0.5390625
0.52490234375
0.510498046875
0.5
0.489013671875
0.478515625
0.4677734375
0.46044921875
0.45703125
0.4677734375
0.478515625
0.496337890625
0.510498046875
0.531982421875
0.553466796875
0.567626953125
0.57470703125
0.578369140625
0.578369140625
0.5712890625
0.564208984375
0.553466796875
0.542724609375
0.531982421875
0.52490234375
0.517578125
0.510498046875
0.50341796875
0.5
0.49267578125
0.485595703125
0.474853515625
0.4677734375
0.453369140625
0.439208984375
0.4248046875
0.41064453125
0.396240234375
0.3818359375
0.371337890625
0.3642578125
0.3642578125
0.3642578125
0.374755859375
0.396240234375
0.4140625
0.435546875
0.453369140625
0.46044921875
0.474853515625
0.48193359375
0.485595703125
0.485595703125
0.478515625
0.471435546875
0.464111328125
0.45703125
0.449951171875
0.44287109375
0.435546875
0.428466796875
0.42138671875
0.42138671875
0.414306640625
0.41064453125
0.406982421875
0.396240234375
0.38916015625
0.3818359375
0.371337890625
0.360595703125
0.349853515625
0.339111328125
0.335693359375
0.335693359375
0.339111328125
0.349853515625
0.371337890625
0.39990234375
0.43212890625
0.46044921875
0.485595703125
0.5
0.510498046875
0.51416015625
0.521240234375
0.517578125
0.51416015625
0.510498046875
0.507080078125
0.50341796875
0.5
0.5
0.5
0.5
0.5
0.5
0.496337890625
0.49267578125
0.485595703125
0.48193359375
0.474853515625
0.4677734375
0.46044921875
0.449951171875
0.44287109375
0.44287109375
0.44287109375
0.453369140625
0.4677734375
0.49267578125
0.51416015625
0.54638671875
0.578369140625
0.60693359375
0.6318359375
0.646240234375
0.656982421875
0.6640625
0.6640625
0.656982421875
0.6533203125
0.64990234375
0.642822265625
0.63916015625
0.635498046875
0.62841796875
0.621337890625
0.61767578125
0.610595703125
0.603271484375
0.59619140625
0.589111328125
0.57470703125
0.560546875
0.546142578125
0.531982421875
0.517578125
0.507080078125
0.5
0.5
0.5
0.50341796875
0.517578125
0.5390625
0.564208984375
0.58544921875
0.60693359375
0.621337890625
0.62841796875
0.62841796875
0.62841796875
0.621337890625
0.610595703125
0.603271484375
0.589111328125
0.58203125
0.567626953125
0.560546875
0.5498046875
0.5390625
0.531982421875
0.52490234375
0.512451171875
0.504150390625
0.49560546875
0.47900390625
0.46240234375
0.44580078125
0.428955078125
0.412353515625
0.395751953125
0.38330078125
0.37060546875
0.366455078125
0.375
0.387451171875
0.404052734375
0.4248046875
0.44580078125
0.458251953125
0.470703125
0.4873046875
0.49560546875
0.5
0.491455078125
0.4873046875
0.474853515625
0.466552734375
0.4541015625
0.44580078125
0.433349609375
0.4248046875
0.41650390625
0.408203125
0.39990234375
0.395751953125
0.387451171875
0.379150390625
0.37060546875
0.3623046875
0.345703125
0.33740234375
0.32080078125
0.308349609375
0.295654296875
0.287353515625
0.29150390625
0.2998046875
0.32080078125
0.341552734375
0.374755859375
0.408203125
0.441650390625
0.466552734375
0.4873046875
0.5
0.5
0.5
0.5
0.49560546875
0.491455078125
0.483154296875
0.47900390625
0.474853515625
0.466552734375
0.466552734375
0.46240234375
0.458251953125
0.458251953125
0.4541015625
0.449951171875
0.441650390625
0.433349609375
0.4248046875
0.41650390625
0.408203125
0.39990234375
0.3916015625
0.3916015625
0.3916015625
0.404052734375
0.420654296875
0.449951171875
0.483154296875
0.5166015625
0.5498046875
0.583251953125
0.60400390625
0.62060546875
0.63330078125
0.6416015625
0.6416015625
0.637451171875
0.63330078125
0.63330078125
0.625
0.625
0.62060546875
0.616455078125
0.616455078125
0.608154296875
0.60400390625
0.595703125
0.58740234375
0.5791015625
0.57080078125
0.55810546875
0.545654296875
0.533203125
0.520751953125
0.50830078125
0.5
0.5
0.50830078125
0.520751953125
0.5498046875
0.583251953125
0.616455078125
0.6416015625
0.670654296875
0.687255859375
0.699951171875
0.708251953125
0.7041015625
0.699951171875
0.687255859375
0.670654296875
0.654052734375
0.637451171875
0.62060546875
0.60400390625
0.595703125
0.5791015625
0.562255859375
0.553955078125
0.537353515625
0.52490234375
0.512451171875
0.5
0.4873046875
0.470703125
0.4541015625
0.4375
0.428955078125
0.412353515625
0.408203125
0.408203125
0.412353515625
0.428955078125
0.449951171875
0.470703125
0.49560546875
0.504150390625
0.512451171875
0.520751953125
0.529052734375
0.533203125
0.52490234375
0.520751953125
0.512451171875
0.504150390625
0.5
0.4873046875
0.47900390625
0.470703125
0.46240234375
0.4541015625
0.44580078125
0.4375
0.428955078125
0.420654296875
0.412353515625
0.39990234375
0.387451171875
0.37060546875
0.3623046875
0.345703125
0.3291015625
0.32080078125
0.316650390625
0.316650390625
0.32080078125
0.3291015625
0.35400390625
0.374755859375
0.404052734375
0.428955078125
0.46044921875
0.471435546875
0.478515625
0.485595703125
0.48193359375
0.478515625
0.471435546875
0.4677734375
0.46044921875
0.45703125
0.449951171875
0.4462890625
0.44287109375
0.435546875
0.431884765625
0.428466796875
0.4248046875
0.417724609375
0.414306640625
0.406982421875
0.39990234375
0.38916015625
0.3818359375
0.371337890625
0.3642578125
0.3642578125
0.36767578125
0.374755859375
0.396240234375
0.42138671875
0.449951171875
0.478515625
0.50341796875
0.52490234375
0.546142578125
0.55712890625
0.564208984375
0.564208984375
0.564208984375
0.564208984375
0.564208984375
0.55712890625
0.55712890625
0.55712890625
0.5498046875
0.5498046875
0.5498046875
0.542724609375
0.542724609375
0.5390625
0.53564453125
0.528564453125
0.521240234375
0.51416015625
0.50341796875
0.5
0.49267578125
0.485595703125
0.485595703125
0.489013671875
0.5
0.51416015625
0.542724609375
0.5712890625
0.599853515625
0.62841796875
0.6533203125
0.6748046875
0.681884765625
0.692626953125
0.692626953125
0.68896484375
0.681884765625
0.6748046875
0.667724609375
0.660400390625
0.6533203125
0.646240234375
0.6318359375
0.624755859375
0.610595703125
0.59619140625
0.58203125
0.567626953125
0.553466796875
0.5390625
0.52490234375
0.510498046875
0.5
0.489013671875
0.474853515625
0.4677734375
0.464111328125
0.464111328125
0.474853515625
0.49267578125
0.507080078125
0.5283203125
0.5498046875
0.567626953125
0.578369140625
0.585693359375
0.585693359375
0.58203125
0.57470703125
0.567626953125
0.55712890625
0.546142578125
0.53564453125
0.52490234375
0.517578125
0.510498046875
0.50341796875
0.5
0.49267578125
0.48193359375
0.474853515625
0.46044921875
0.453369140625
0.439208984375
0.4248046875
0.41064453125
0.396240234375
0.3818359375
0.371337890625
0.36767578125
0.371337890625
0.3818359375
0.396240234375
0.4140625
0.435546875
0.45703125
0.474853515625
0.485595703125
0.49267578125
0.49267578125
0.489013671875
0.485595703125
0.478515625
0.471435546875
0.464111328125
0.45703125
0.449951171875
0.44287109375
0.435546875
0.428466796875
0.4248046875
0.42138671875
0.414306640625
0.41064453125
0.4033203125
0.396240234375
0.385498046875
0.374755859375
0.3642578125
0.353271484375
0.34619140625
0.3427734375
0.3427734375
0.349853515625
0.364013671875
0.385498046875
0.4140625
0.442626953125
0.464111328125
0.489013671875
0.5
0.510498046875
0.51416015625
0.521240234375
0.51416015625
0.51416015625
0.510498046875
0.507080078125
0.507080078125
0.50341796875
0.5
0.5
0.5
0.5
0.5
0.49267578125
0.49267578125
0.485595703125
0.478515625
0.471435546875
0.464111328125
0.45703125
0.449951171875
0.44287109375
0.44287109375
0.4462890625
0.46044921875
0.478515625
0.50341796875
0.5283203125
0.564208984375
0.5927734375
0.621337890625
0.642578125
0.656982421875
0.6640625
0.6640625
0.6640625
0.6640625
0.660400390625
0.656982421875
0.6533203125
0.64990234375
0.642822265625
0.642822265625
0.635498046875
0.62841796875
0.624755859375
0.61767578125
0.610595703125
0.59619140625
0.589111328125
0.57470703125
0.564208984375
0.553466796875
0.5390625
0.52490234375
0.51416015625
0.507080078125
0.507080078125
0.510498046875
0.52490234375
0.546142578125
0.5712890625
0.59619140625
0.61767578125
0.63916015625
0.64990234375
0.656982421875
0.656982421875
0.64990234375
0.642822265625
0.6318359375
0.621337890625
0.610595703125
0.599853515625
0.5927734375
0.58203125
0.57470703125
0.564208984375
0.553466796875
0.546142578125
0.537353515625
0.529052734375
0.512451171875
0.5
0.4873046875
0.470703125
0.449951171875
0.428955078125
0.41650390625
0.404052734375
0.39990234375
0.39990234375
0.412353515625
0.428955078125
0.4541015625
0.474853515625
0.49560546875
0.50830078125
0.520751953125
0.52490234375
0.52490234375
0.520751953125
0.512451171875
0.504150390625
0.5
0.4873046875
0.47900390625
0.470703125
0.46240234375
0.4541015625
0.44580078125
0.4375
0.428955078125
0.420654296875
0.408203125
0.39990234375
0.387451171875
0.375
0.3623046875
0.345703125
0.3291015625
0.32080078125
0.3125
0.3125
0.32080078125
0.33740234375
0.358154296875
0.387451171875
0.41650390625
0.441650390625
0.46240234375
0.466552734375
0.47900390625
0.4873046875
0.49560546875
0.5
0.49560546875
0.491455078125
0.483154296875
0.47900390625
0.470703125
0.466552734375
0.46240234375
0.458251953125
0.4541015625
0.449951171875
0.449951171875
0.44580078125
0.441650390625
0.4375
0.428955078125
0.420654296875
0.408203125
0.39990234375
0.3916015625
0.38330078125
0.375
0.38330078125
0.395751953125
0.412353515625
0.441650390625
0.474853515625
0.50830078125
0.54150390625
0.574951171875
0.60400390625
0.62060546875
0.637451171875
0.6416015625
0.6416015625
0.6416015625
0.63330078125
0.63330078125
0.625
0.625
0.62060546875
0.616455078125
0.6123046875
0.608154296875
0.599853515625
0.595703125
0.58740234375
0.5791015625
0.57080078125
0.55810546875
0.545654296875
0.529052734375
0.520751953125
0.504150390625
0.5
0.5
0.504150390625
0.520751953125
0.54150390625
0.574951171875
0.608154296875
0.6416015625
0.66650390625
0.687255859375
0.699951171875
0.708251953125
0.708251953125
0.699951171875
0.687255859375
0.678955078125
0.662353515625
0.645751953125
0.629150390625
0.6123046875
0.595703125
0.58740234375
0.57080078125
0.553955078125
0.545654296875
0.529052734375
0.5166015625
0.504150390625
0.49560546875
0.474853515625
0.4541015625
0.4375
0.420654296875
0.408203125
0.39990234375
0.39990234375
0.404052734375
0.420654296875
0.441650390625
0.466552734375
0.491455078125
0.504150390625
0.520751953125
0.533203125
0.533203125
0.533203125
0.529052734375
0.520751953125
0.50830078125
0.5
0.49560546875
0.4873046875
0.47900390625
0.470703125
0.458251953125
0.449951171875
0.441650390625
0.433349609375
0.420654296875
0.412353515625
0.395751953125
0.387451171875
0.37060546875
0.35400390625
0.33740234375
0.324951171875
0.3125
0.308349609375
0.308349609375
0.32080078125
0.33740234375
0.358154296875
0.387451171875
0.412353515625
0.4375
0.46044921875
0.471435546875
0.478515625
0.478515625
0.471435546875
0.4677734375
0.46044921875
0.453369140625
0.449951171875
0.44287109375
0.439208984375
0.435546875
0.428466796875
0.4248046875
0.42138671875
0.417724609375
0.414306640625
0.406982421875
0.39990234375
0.392822265625
0.385498046875
0.374755859375
0.36767578125
0.35693359375
0.349853515625
0.349853515625
0.35693359375
0.371337890625
0.39990234375
0.428466796875
0.460693359375
0.49267578125
0.507080078125
0.531982421875
0.546142578125
0.553466796875
0.55712890625
0.55712890625
0.55712890625
0.55712890625
0.5498046875
0.5498046875
0.546142578125
0.542724609375
0.542724609375
0.53564453125
0.53564453125
0.531982421875
0.528564453125
0.52490234375
0.517578125
0.510498046875
0.50341796875
0.5
0.489013671875
0.48193359375
0.471435546875
0.4677734375
0.471435546875
0.474853515625
0.49267578125
0.507080078125
0.53564453125
0.5712890625
0.599853515625
0.62841796875
0.646240234375
0.660400390625
0.67138671875
0.67138671875
0.67138671875
0.667724609375
0.660400390625
0.6533203125
0.646240234375
0.63916015625
0.6318359375
0.624755859375
0.61767578125
0.610595703125
0.599853515625
0.5927734375
0.58203125
0.567626953125
0.560546875
0.542724609375
0.52490234375
0.510498046875
0.5
0.489013671875
0.474853515625
0.471435546875
0.4677734375
0.474853515625
0.489013671875
0.50341796875
0.521240234375
0.546142578125
0.564208984375
0.578369140625
0.585693359375
0.585693359375
0.585693359375
0.57470703125
0.567626953125
0.55712890625
0.546142578125
0.5390625
0.528564453125
0.517578125
0.510498046875
0.50341796875
0.5
0.49267578125
0.48193359375
0.474853515625
0.46044921875
0.4462890625
0.439208984375
0.42138671875
0.4033203125
0.38916015625
0.374755859375
0.36767578125
0.35693359375
0.35693359375
0.360595703125
0.374755859375
0.392578125
0.4140625
0.435546875
0.449951171875
0.46044921875
0.4677734375
0.478515625
0.478515625
0.478515625
0.471435546875
0.464111328125
0.45703125
0.449951171875
0.44287109375
0.435546875
0.428466796875
0.42138671875
0.417724609375
0.41064453125
0.406982421875
0.39990234375
0.392822265625
0.385498046875
0.37841796875
0.36767578125
0.35693359375
0.34619140625
0.335693359375
0.32470703125
0.3212890625
0.3212890625
0.33203125
0.349853515625
0.371337890625
0.39990234375
0.43212890625
0.464111328125
0.485595703125
0.5
0.507080078125
0.51416015625
0.51416015625
0.510498046875
0.507080078125
0.50341796875
0.5
0.5
0.5
0.5
0.49267578125
0.49267578125
0.489013671875
0.485595703125
0.48193359375
0.478515625
0.471435546875
0.464111328125
0.45703125
0.4462890625
0.439208984375
0.428466796875
0.42138671875
0.42138671875
0.42138671875
0.431884765625
0.449951171875
0.478515625
0.50341796875
0.5283203125
0.564208984375
0.58544921875
0.610595703125
0.624755859375
0.6318359375
0.635498046875
0.635498046875
0.6318359375
0.62841796875
0.624755859375
0.621337890625
0.6142578125
0.610595703125
0.60693359375
0.599853515625
0.59619140625
0.589111328125
0.585693359375
0.57470703125
0.567626953125
0.553466796875
0.542724609375
0.531982421875
0.517578125
0.50341796875
0.5
0.49267578125
0.485595703125
0.49267578125
0.5
0.51416015625
0.53564453125
0.564208984375
0.589111328125
0.610595703125
0.624755859375
0.62841796875
0.635498046875
0.62841796875
0.62841796875
0.621337890625
0.610595703125
0.603271484375
0.5927734375
0.58203125
0.57470703125
0.564208984375
0.553466796875
0.546142578125
0.5390625
0.528564453125
0.520751953125
0.512451171875
0.5
0.4873046875
0.470703125
0.4541015625
0.4375
0.420654296875
0.404052734375
0.3916015625
0.38330078125
0.38330078125
0.387451171875
0.404052734375
0.428955078125
0.449951171875
0.470703125
0.4873046875
0.5
0.5
0.5
0.5
0.5
0.491455078125
0.47900390625
0.470703125
0.46240234375
0.4541015625
0.44580078125
0.4375
0.428955078125
0.420654296875
0.41650390625
0.408203125
0.395751953125
0.387451171875
0.375
0.3623046875
0.349853515625
0.33740234375
0.32080078125
0.308349609375
0.2998046875
0.2998046875
0.303955078125
0.32080078125
0.349853515625
0.374755859375
0.408203125
0.441650390625
0.466552734375
0.483154296875
0.491455078125
0.5
0.5
0.491455078125
0.4873046875
0.47900390625
0.474853515625
0.466552734375
0.46240234375
0.458251953125
0.449951171875
0.449951171875
0.44580078125
0.441650390625
0.4375
0.433349609375
0.4248046875
0.41650390625
0.408203125
0.39990234375
0.3916015625
0.38330078125
0.375
0.375
0.379150390625
0.387451171875
0.412353515625
0.441650390625
0.47900390625
0.50830078125
0.54150390625
0.57080078125
0.595703125
0.608154296875
0.616455078125
0.62060546875
0.616455078125
0.616455078125
0.616455078125
0.608154296875
0.608154296875
0.60400390625
0.599853515625
0.599853515625
0.591552734375
0.591552734375
0.583251953125
0.5791015625
0.574951171875
0.566650390625
0.553955078125
0.545654296875
0.529052734375
0.520751953125
0.504150390625
0.5
0.5
0.5
0.504150390625
0.520751953125
0.5498046875
0.583251953125
0.616455078125
0.645751953125
0.670654296875
0.687255859375
0.699951171875
0.699951171875
0.699951171875
0.69580078125
0.691650390625
0.678955078125
0.662353515625
0.645751953125
0.63330078125
0.62060546875
0.60400390625
0.58740234375
0.5791015625
0.562255859375
0.5498046875
0.537353515625
0.52490234375
0.512451171875
0.5
0.4873046875
0.470703125
0.4541015625
0.4375
0.420654296875
0.408203125
0.404052734375
0.408203125
0.420654296875
0.4375
0.458251953125
0.483154296875
0.5
0.512451171875
0.529052734375
0.533203125
0.533203125
0.529052734375
0.520751953125
0.512451171875
0.5
0.49560546875
0.4873046875
0.47900390625
0.466552734375
0.458251953125
0.449951171875
0.441650390625
0.433349609375
0.4248046875
0.412353515625
0.404052734375
0.387451171875
0.379150390625
0.3623046875
0.345703125
0.3291015625
0.32080078125
0.308349609375
0.308349609375
0.3125
0.324951171875
0.345703125
0.37060546875
0.395751953125
0.420654296875
0.44580078125
0.458251953125
0.466552734375
0.466552734375
0.466552734375
0.458251953125
0.4541015625
0.441650390625
0.433349609375
0.428955078125
0.420654296875
0.41650390625
0.408203125
0.404052734375
0.39990234375
0.3916015625
0.387451171875
0.38330078125
0.375
0.366455078125
0.35400390625
0.345703125
0.333251953125
0.3291015625
0.324951171875
0.3291015625
0.33740234375
0.358154296875
0.38330078125
0.41650390625
0.458251953125
0.491455078125
0.520751953125
0.545654296875
0.566650390625
0.5791015625
0.583251953125
0.583251953125
0.583251953125
0.583251953125
0.574951171875
0.57080078125
0.566650390625
0.562255859375
0.55810546875
0.553955078125
0.5498046875
0.545654296875
0.54150390625
0.537353515625
0.529052734375
0.520751953125
0.512451171875
0.5
0.49560546875
0.4873046875
0.474853515625
0.466552734375
0.466552734375
0.470703125
0.4873046875
0.504150390625
0.533203125
0.574951171875
0.608154296875
0.621337890625
0.646240234375
0.660400390625
0.67138671875
0.678466796875
0.678466796875
0.67138671875
0.667724609375
0.660400390625
0.6533203125
0.646240234375
0.635498046875
0.6318359375
0.624755859375
0.6142578125
0.60693359375
0.599853515625
0.589111328125
0.578369140625
0.567626953125
0.553466796875
0.5390625
0.52490234375
0.50341796875
0.496337890625
0.485595703125
0.478515625
0.471435546875
0.478515625
0.489013671875
0.50341796875
0.521240234375
0.546142578125
0.567626953125
0.58203125
0.5927734375
0.599853515625
0.59619140625
0.5927734375
0.58203125
0.57470703125
0.564208984375
0.553466796875
0.542724609375
0.53564453125
0.52490234375
0.517578125
0.510498046875
0.50341796875
0.5
0.489013671875
0.48193359375
0.4677734375
0.453369140625
0.439208984375
0.4248046875
0.41064453125
0.396240234375
0.38916015625
0.37841796875
0.371337890625
0.374755859375
0.3623046875
0.38330078125
0.408203125
0.43310546875
0.4541015625
0.470703125
0.483154296875
0.491455078125
0.491455078125
0.4873046875
0.47900390625
0.470703125
0.458251953125
0.449951171875
0.441650390625
0.433349609375
0.433349609375
0.4248046875
0.41650390625
0.412353515625
0.408203125
0.39990234375
0.3916015625
0.38330078125
0.375
0.3623046875
0.35400390625
0.341552734375
0.3291015625
0.316650390625
0.308349609375
0.308349609375
0.3125
0.3291015625
0.358154296875
0.38330078125
0.4248046875
0.458251953125
0.483154296875
0.5
0.512451171875
0.52490234375
0.52490234375
0.52490234375
0.52490234375
0.520751953125
0.5166015625
0.50830078125
0.504150390625
0.5
0.5
0.5
0.5
0.49560546875
0.491455078125
0.4873046875
0.483154296875
0.474853515625
0.46240234375
0.4541015625
0.441650390625
0.428955078125
0.431884765625
0.428466796875
0.428466796875
0.435546875
0.453369140625
0.478515625
0.50341796875
0.5283203125
0.564208984375
0.5927734375
0.614013671875
0.6318359375
0.63916015625
0.642822265625
0.642822265625
0.642822265625
0.642822265625
0.635498046875
0.635498046875
0.62841796875
0.624755859375
0.621337890625
0.6142578125
0.610595703125
0.60693359375
0.599853515625
0.5927734375
0.585693359375
0.578369140625
0.567626953125
0.553466796875
0.5390625
0.52490234375
0.517578125
0.50341796875
0.5
0.5
0.5
0.50341796875
0.52490234375
0.546142578125
0.5712890625
0.59619140625
0.61767578125
0.635498046875
0.646240234375
0.64990234375
0.646240234375
0.63916015625
0.62841796875
0.61767578125
0.60693359375
0.59619140625
0.589111328125
0.578369140625
0.5712890625
0.564208984375
0.553466796875
0.546142578125
0.53564453125
0.52490234375
0.517578125
0.50341796875
0.496337890625
0.48193359375
0.4677734375
0.449951171875
0.435546875
0.4248046875
0.414306640625
0.414306640625
0.42138671875
0.431884765625
0.449951171875
0.4677734375
0.489013671875
0.50341796875
0.51416015625
0.521240234375
0.521240234375
0.521240234375
0.51416015625
0.507080078125
0.5
0.496337890625
0.485595703125
0.478515625
0.471435546875
0.464111328125
0.45703125
0.453369140625
0.4462890625
0.439208984375
0.431884765625
0.42138671875
0.41064453125
0.4033203125
0.38916015625
0.37841796875
0.36767578125
0.353271484375
0.3427734375
0.335693359375
0.3427734375
0.353271484375
0.36767578125
0.392578125
0.4140625
0.439208984375
0.46044921875
0.474853515625
0.489013671875
0.49267578125
0.49267578125
0.49267578125
0.489013671875
0.485595703125
0.478515625
0.471435546875
0.464111328125
0.46044921875
0.45703125
0.453369140625
0.449951171875
0.441650390625
0.433349609375
0.433349609375
0.4248046875
0.41650390625
0.408203125
0.39990234375
0.3916015625
0.379150390625
0.37060546875
0.366455078125
0.366455078125
0.379150390625
0.39990234375
0.43310546875
0.466552734375
0.49560546875
0.533203125
0.562255859375
0.58740234375
0.60400390625
0.616455078125
0.625
0.625
0.62060546875
0.616455078125
0.608154296875
0.608154296875
0.599853515625
0.599853515625
0.595703125
0.591552734375
0.58740234375
0.583251953125
0.5791015625
0.57080078125
0.562255859375
0.553955078125
0.54150390625
0.529052734375
0.5166015625
0.504150390625
0.5
0.49560546875
0.49560546875
0.5
0.5166015625
0.54150390625
0.574951171875
0.608154296875
0.6416015625
0.670654296875
0.69140625
0.7041015625
0.71240234375
0.71240234375
0.708251953125
0.69580078125
0.687255859375
0.670654296875
0.654052734375
0.637451171875
0.625
0.6123046875
0.595703125
0.58740234375
0.57080078125
0.562255859375
0.545654296875
0.533203125
0.520751953125
0.504150390625
0.49560546875
0.47900390625
0.46240234375
0.44580078125
0.428955078125
0.41650390625
0.412353515625
0.41650390625
0.428955078125
0.44580078125
0.466552734375
0.49560546875
0.512451171875
0.537353515625
0.5498046875
0.55810546875
0.55810546875
0.55810546875
0.545654296875
0.537353515625
0.529052734375
0.5166015625
0.504150390625
0.5
0.49560546875
0.4873046875
0.47900390625
0.470703125
0.46240234375
0.4541015625
0.44580078125
0.428955078125
0.420654296875
0.404052734375
0.387451171875
0.37060546875
0.35400390625
0.345703125
0.333251953125
0.324951171875
0.333251953125
0.345703125
0.3623046875
0.387451171875
0.41650390625
0.441650390625
0.46240234375
0.47900390625
0.491455078125
0.491455078125
0.491455078125
0.491455078125
0.483154296875
0.47900390625
0.466552734375
0.458251953125
0.449951171875
0.441650390625
0.433349609375
0.428955078125
0.420654296875
0.41650390625
0.408203125
0.404052734375
0.395751953125
0.387451171875
0.379150390625
0.37060546875
0.35400390625
0.345703125
0.333251953125
0.324951171875
0.324951171875
0.3291015625
0.345703125
0.37060546875
0.408203125
0.441650390625
0.483154296875
0.504150390625
0.529052734375
0.545654296875
0.562255859375
0.566650390625
0.57080078125
0.566650390625
0.566650390625
0.55810546875
0.553955078125
0.5498046875
0.545654296875
0.54150390625
0.54150390625
0.537353515625
0.533203125
0.533203125
0.52490234375
0.520751953125
0.512451171875
0.504150390625
0.5
0.4873046875
0.47900390625
0.466552734375
0.458251953125
0.458251953125
0.46240234375
0.47900390625
0.49560546875
0.52490234375
0.562255859375
0.599853515625
0.63330078125
0.662353515625
0.670654296875
0.687255859375
0.69580078125
0.699951171875
0.699951171875
0.69580078125
0.687255859375
0.678955078125
0.670654296875
0.662353515625
0.654052734375
0.645751953125
0.63330078125
0.62060546875
0.608154296875
0.595703125
0.5791015625
0.562255859375
0.545654296875
0.529052734375
0.512451171875
0.5
0.4873046875
0.474853515625
0.46240234375
0.4541015625
0.4541015625
0.46240234375
0.47900390625
0.504150390625
0.52490234375
0.553955078125
0.5791015625
0.599853515625
0.6123046875
0.616455078125
0.616455078125
0.608154296875
0.599853515625
0.58740234375
0.5791015625
0.566650390625
0.553955078125
0.545654296875
0.537353515625
0.52490234375
0.5166015625
0.50830078125
0.5
0.49560546875
0.47900390625
0.470703125
0.4541015625
0.4375
0.420654296875
0.404052734375
0.387451171875
0.37060546875
0.3623046875
0.358154296875
0.3623046875
0.379150390625
0.41064453125
0.431884765625
0.453369140625
0.474853515625
0.489013671875
0.5
0.5
0.5
0.496337890625
0.489013671875
0.48193359375
0.471435546875
0.464111328125
0.45703125
0.449951171875
0.44287109375
0.439208984375
0.431884765625
0.428466796875
0.42138671875
0.414306640625
0.406982421875
0.396240234375
0.38916015625
0.37841796875
0.36767578125
0.353271484375
0.34619140625
0.335693359375
0.335693359375
0.335693359375
0.34619140625
0.364013671875
0.385498046875
0.4140625
0.442626953125
0.464111328125
0.48193359375
0.496337890625
0.5
0.5
0.5
0.5
0.5
0.496337890625
0.49267578125
0.485595703125
0.485595703125
0.478515625
0.478515625
0.478515625
0.471435546875
0.471435546875
0.4677734375
0.46044921875
0.45703125
0.449951171875
0.439208984375
0.431884765625
0.4248046875
0.414306640625
0.41064453125
0.41064453125
0.417724609375
0.435546875
0.464111328125
0.49267578125
0.521240234375
0.553466796875
0.58203125
0.603271484375
0.624755859375
0.6318359375
0.635498046875
0.642822265625
0.635498046875
0.635498046875
0.62841796875
0.62841796875
0.621337890625
0.61767578125
0.6142578125
0.60693359375
0.60693359375
0.599853515625
0.5927734375
0.585693359375
0.578369140625
0.567626953125
0.55712890625
0.546142578125
0.531982421875
0.517578125
0.50341796875
0.5
0.5
0.5
0.50341796875
0.52490234375
0.5498046875
0.578369140625
0.599853515625
0.624755859375
0.646240234375
0.656982421875
0.6640625
0.660400390625
0.6533203125
0.646240234375
0.635498046875
0.624755859375
0.6142578125
0.603271484375
0.59619140625
0.585693359375
0.578369140625
0.5712890625
0.560546875
0.553466796875
0.5390625
0.528564453125
0.517578125
0.50341796875
0.489013671875
0.474853515625
0.46044921875
0.4462890625
0.431884765625
0.4248046875
0.42138671875
0.428466796875
0.439208984375
0.45703125
0.478515625
0.496337890625
0.510498046875
0.52490234375
0.53564453125
0.53564453125
0.53564453125
0.531982421875
0.52490234375
0.51416015625
0.50341796875
0.5
0.49267578125
0.48193359375
0.474853515625
0.471435546875
0.464111328125
0.45703125
0.449951171875
0.44287109375
0.431884765625
0.42138671875
0.41064453125
0.396240234375
0.3818359375
0.36767578125
0.35693359375
0.34619140625
0.3427734375
0.3427734375
0.353271484375
0.36767578125
0.38916015625
0.4140625
0.439208984375
0.46044921875
0.474853515625
0.489013671875
0.496337890625
0.5
0.496337890625
0.49267578125
0.485595703125
0.478515625
0.471435546875
0.464111328125
0.46044921875
0.45703125
0.449951171875
0.449951171875
0.44287109375
0.439208984375
0.435546875
0.428466796875
0.4248046875
0.414306640625
0.406982421875
0.396240234375
0.38916015625
0.37841796875
0.37841796875
0.37841796875
0.38916015625
0.4033203125
0.428466796875
0.45703125
0.49267578125
0.51416015625
0.542724609375
0.567626953125
0.58203125
0.5927734375
0.599853515625
0.599853515625
0.59619140625
0.5927734375
0.585693359375
0.58203125
0.578369140625
0.578369140625
0.5712890625
0.5712890625
0.564208984375
0.564208984375
0.560546875
0.55712890625
0.5498046875
0.546142578125
0.53564453125
0.52490234375
0.51416015625
0.50341796875
0.496337890625
0.489013671875
0.485595703125
0.485595703125
0.496337890625
0.507080078125
0.5283203125
0.556884765625
0.5927734375
0.621337890625
0.642578125
0.660400390625
0.6748046875
0.678466796875
0.678466796875
0.6748046875
0.667724609375
0.660400390625
0.64990234375
0.63916015625
0.6318359375
0.621337890625
0.610595703125
0.603271484375
0.59619140625
0.585693359375
0.57470703125
0.567626953125
0.553466796875
0.5390625
0.52490234375
0.510498046875
0.5
0.48193359375
0.4677734375
0.46044921875
0.449951171875
0.453369140625
0.46044921875
0.474853515625
0.496337890625
0.51416015625
0.53564453125
0.553466796875
0.567626953125
0.5712890625
0.5712890625
0.567626953125
0.560546875
0.553466796875
0.5390625
0.531982421875
0.521240234375
0.510498046875
0.50341796875
0.5
0.496337890625
0.489013671875
0.48193359375
0.474853515625
0.464111328125
0.453369140625
0.439208984375
0.4248046875
0.417724609375
0.39990234375
0.3818359375
0.374755859375
0.360595703125
0.35693359375
0.360595703125
0.36767578125
0.385498046875
0.406982421875
0.431884765625
0.453369140625
0.474853515625
0.485595703125
0.49267578125
0.49267578125
0.49267578125
0.489013671875
0.48193359375
0.471435546875
0.464111328125
0.449951171875
0.441650390625
0.433349609375
0.428955078125
0.420654296875
0.41650390625
0.408203125
0.404052734375
0.395751953125
0.387451171875
0.379150390625
0.366455078125
0.35400390625
0.345703125
0.3291015625
0.324951171875
0.316650390625
0.32080078125
0.33740234375
0.358154296875
0.374755859375
0.408203125
0.441650390625
0.483154296875
0.50830078125
0.529052734375
0.553955078125
0.562255859375
0.57080078125
0.574951171875
0.566650390625
0.562255859375
0.55810546875
0.5498046875
0.5498046875
0.54150390625
0.54150390625
0.537353515625
0.533203125
0.533203125
0.52490234375
0.520751953125
0.5166015625
0.50830078125
0.5
0.49560546875
0.483154296875
0.470703125
0.46240234375
0.4541015625
0.449951171875
0.458251953125
0.470703125
0.49560546875
0.52490234375
0.562255859375
0.599853515625
0.63330078125
0.662353515625
0.687255859375
0.699951171875
0.708251953125
0.708251953125
0.7041015625
0.69580078125
0.687255859375
0.678955078125
0.670654296875
0.662353515625
0.654052734375
0.645751953125
0.629150390625
0.62060546875
0.60400390625
0.591552734375
0.5791015625
0.562255859375
0.545654296875
0.529052734375
0.512451171875
0.5
0.4873046875
0.470703125
0.46240234375
0.458251953125
0.470703125
0.4873046875
0.504150390625
0.533203125
0.562255859375
0.591552734375
0.6123046875
0.629150390625
0.63330078125
0.63330078125
0.629150390625
0.62060546875
0.60400390625
0.595703125
0.5791015625
0.57080078125
0.55810546875
0.5498046875
0.54150390625
0.533203125
0.520751953125
0.512451171875
0.5
0.49560546875
0.47900390625
0.46240234375
0.44580078125
0.428955078125
0.412353515625
0.395751953125
0.379150390625
0.379150390625
0.37060546875
0.366455078125
0.37060546875
0.387451171875
0.408203125
0.43310546875
0.46240234375
0.489013671875
0.5
0.510498046875
0.51416015625
0.51416015625
0.507080078125
0.5
0.496337890625
0.489013671875
0.478515625
0.471435546875
0.464111328125
0.45703125
0.449951171875
0.44287109375
0.435546875
0.431884765625
0.4248046875
0.417724609375
0.406982421875
0.396240234375
0.38916015625
0.374755859375
0.360595703125
0.349853515625
0.3427734375
0.335693359375
0.339111328125
0.34619140625
0.36767578125
0.392578125
0.42138671875
0.442626953125
0.47119140625
0.489013671875
0.5
0.5
0.507080078125
0.50341796875
0.5
0.5
0.496337890625
0.489013671875
0.485595703125
0.478515625
0.478515625
0.474853515625
0.471435546875
0.471435546875
0.4677734375
0.464111328125
0.45703125
0.453369140625
0.4462890625
0.435546875
0.4248046875
0.417724609375
0.41064453125
0.406982421875
0.406982421875
0.417724609375
0.431884765625
0.45703125
0.4892578125
0.517822265625
0.5498046875
0.578369140625
0.599853515625
0.60693359375
0.624755859375
0.6318359375
0.635498046875
0.635498046875
0.635498046875
0.62841796875
0.621337890625
0.621337890625
0.6142578125
0.610595703125
0.60693359375
0.599853515625
0.59619140625
0.5927734375
0.585693359375
0.578369140625
0.567626953125
0.560546875
0.546142578125
0.531982421875
0.517578125
0.50341796875
0.5
0.49267578125
0.49267578125
0.496337890625
0.50341796875
0.52490234375
0.5498046875
0.578369140625
0.60693359375
0.62841796875
0.646240234375
0.656982421875
0.656982421875
0.656982421875
0.6533203125
0.642822265625
0.6318359375
0.624755859375
0.6142578125
0.603271484375
0.59619140625
0.585693359375
0.578369140625
0.567626953125
0.560546875
0.546142578125
0.5390625
0.52490234375
0.510498046875
0.5
0.489013671875
0.47119140625
0.453369140625
0.439208984375
0.4248046875
0.42138671875
0.42138671875
0.4248046875
0.439208984375
0.46044921875
0.48193359375
0.5
0.517578125
0.528564453125
0.53564453125
0.53564453125
0.53564453125
0.528564453125
0.521240234375
0.510498046875
0.50341796875
0.496337890625
0.489013671875
0.48193359375
0.474853515625
0.4677734375
0.46044921875
0.453369140625
0.4462890625
0.439208984375
0.428466796875
0.417724609375
0.4033203125
0.392822265625
0.3818359375
0.36767578125
0.353271484375
0.3427734375
0.3427734375
0.3427734375
0.353271484375
0.371337890625
0.392578125
0.42138671875
0.442626953125
0.464111328125
0.48193359375
0.49267578125
0.5
0.5
0.49267578125
0.489013671875
0.48193359375
0.474853515625
0.4677734375
0.46044921875
0.45703125
0.449951171875
0.4462890625
0.44287109375
0.435546875
0.435546875
0.428466796875
0.42138671875
0.414306640625
0.4033203125
0.396240234375
0.385498046875
0.374755859375
0.371337890625
0.3642578125
0.371337890625
0.3818359375
0.39990234375
0.428466796875
0.45703125
0.49267578125
0.51416015625
0.542724609375
0.560546875
0.57470703125
0.585693359375
0.5927734375
0.589111328125
0.585693359375
0.58203125
0.578369140625
0.578369140625
0.5712890625
0.5712890625
0.567626953125
0.564208984375
0.564208984375
0.55712890625
0.553466796875
0.546142578125
0.5390625
0.531982421875
0.521240234375
0.510498046875
0.50341796875
0.496337890625
0.489013671875
0.485595703125
0.485595703125
0.496337890625
0.507080078125
0.53564453125
0.564208984375
0.59619140625
0.62841796875
0.64990234375
0.667724609375
0.681884765625
0.685546875
0.685546875
0.681884765625
0.6748046875
0.667724609375
0.656982421875
0.646240234375
0.63916015625
0.6318359375
0.624755859375
0.610595703125
0.59619140625
0.58203125
0.5712890625
0.560546875
0.546142578125
0.531982421875
0.517578125
0.50341796875
0.496337890625
0.48193359375
0.4677734375
0.45703125
0.449951171875
0.453369140625
0.464111328125
0.48193359375
0.5
0.521240234375
0.542724609375
0.560546875
0.57470703125
0.585693359375
0.585693359375
0.58203125
0.57470703125
0.567626953125
0.553466796875
0.542724609375
0.531982421875
0.521240234375
0.51416015625
0.507080078125
0.5
0.496337890625
0.489013671875
0.48193359375
0.471435546875
0.46044921875
0.45703125
0.4462890625
0.431884765625
0.417724609375
0.39990234375
0.3818359375
0.374755859375
0.3642578125
0.3642578125
0.3642578125
0.374755859375
0.396240234375
0.417724609375
0.439208984375
0.46044921875
0.48193359375
0.49267578125
0.5
0.5
0.5
0.49267578125
0.485595703125
0.478515625
0.4677734375
0.4541015625
0.44580078125
0.4375
0.428955078125
0.420654296875
0.41650390625
0.408203125
0.404052734375
0.395751953125
0.387451171875
0.375
0.3623046875
0.349853515625
0.33740234375
0.324951171875
0.316650390625
0.308349609375
0.316650390625
0.3291015625
0.358154296875
0.3916015625
0.43310546875
0.466552734375
0.49560546875
0.520751953125
0.537353515625
0.553955078125
0.55810546875
0.55810546875
0.55810546875
0.553955078125
0.5498046875
0.54150390625
0.537353515625
0.533203125
0.52490234375
0.52490234375
0.520751953125
0.5166015625
0.5166015625
0.50830078125
0.504150390625
0.5
0.49560546875
0.47900390625
0.470703125
0.4541015625
0.44580078125
0.4375
0.433349609375
0.441650390625
0.458251953125
0.483154296875
0.512451171875
0.5498046875
0.591552734375
0.624755859375
0.654052734375
0.670654296875
0.687255859375
0.691650390625
0.691650390625
0.691650390625
0.68310546875
0.6748046875
0.66650390625
0.658203125
0.654052734375
0.645751953125
0.637451171875
0.629150390625
0.62060546875
0.6123046875
0.60400390625
0.58740234375
0.574951171875
0.562255859375
0.545654296875
0.52490234375
0.504150390625
0.49560546875
0.4873046875
0.474853515625
0.474853515625
0.483154296875
0.49560546875
0.5166015625
0.5498046875
0.574951171875
0.60400390625
0.629150390625
0.637451171875
0.6416015625
0.6416015625
0.637451171875
0.629150390625
0.616455078125
0.60400390625
0.591552734375
0.5791015625
0.57080078125
0.55810546875
0.545654296875
0.537353515625
0.533203125
0.520751953125
0.512451171875
0.5
0.49560546875
0.47900390625
0.46240234375
0.44580078125
0.428955078125
0.412353515625
0.395751953125
0.379150390625
0.366455078125
0.366455078125
0.37060546875
0.38330078125
0.404052734375
0.43310546875
0.458251953125
0.47900390625
0.496337890625
0.5
0.5
0.5
0.5
0.496337890625
0.489013671875
0.478515625
0.4677734375
0.46044921875
0.453369140625
0.4462890625
0.439208984375
0.431884765625
0.4248046875
0.417724609375
0.41064453125
0.39990234375
0.392822265625
0.3818359375
0.371337890625
0.360595703125
0.34619140625
0.335693359375
0.328369140625
0.3212890625
0.328369140625
0.339111328125
0.353271484375
0.37841796875
0.406982421875
0.431884765625
0.453369140625
0.474853515625
0.489013671875
0.49267578125
0.5
0.496337890625
0.49267578125
0.485595703125
0.48193359375
0.478515625
0.471435546875
0.4677734375
0.464111328125
0.45703125
0.45703125
0.449951171875
0.449951171875
0.44287109375
0.439208984375
0.431884765625
0.4248046875
0.417724609375
0.406982421875
0.396240234375
0.38916015625
0.385498046875
0.38916015625
0.396240234375
0.417724609375
0.442626953125
0.474853515625
0.50341796875
0.53564453125
0.564208984375
0.58544921875
0.603271484375
0.610595703125
0.6142578125
0.6142578125
0.6142578125
0.6142578125
0.60693359375
0.60693359375
0.599853515625
0.599853515625
0.5927734375
0.5927734375
0.585693359375
0.58203125
0.578369140625
0.5712890625
0.564208984375
0.553466796875
0.546142578125
0.531982421875
0.517578125
0.507080078125
0.5
0.489013671875
0.48193359375
0.48193359375
0.489013671875
0.5
0.521240234375
0.5498046875
0.578369140625
0.60693359375
0.62841796875
0.646240234375
0.6533203125
0.656982421875
0.6533203125
0.646240234375
0.63916015625
0.6318359375
0.621337890625
0.610595703125
0.603271484375
0.5927734375
0.585693359375
0.57470703125
0.567626953125
0.553466796875
0.546142578125
0.531982421875
0.521240234375
0.510498046875
0.5
0.489013671875
0.4677734375
0.453369140625
0.439208984375
0.428466796875
0.42138671875
0.42138671875
0.428466796875
0.442626953125
0.464111328125
0.485595703125
0.50341796875
0.517578125
0.531982421875
0.5390625
0.542724609375
0.5390625
0.531982421875
0.52490234375
0.510498046875
0.50341796875
0.496337890625
0.489013671875
0.48193359375
0.471435546875
0.464111328125
0.45703125
0.449951171875
0.44287109375
0.435546875
0.4248046875
0.414306640625
0.4033203125
0.38916015625
0.374755859375
0.360595703125
0.353271484375
0.3427734375
0.3427734375
0.3427734375
0.353271484375
0.371337890625
0.392578125
0.417724609375
0.442626953125
0.46044921875
0.478515625
0.489013671875
0.49267578125
0.49267578125
0.489013671875
0.48193359375
0.474853515625
0.4677734375
0.46044921875
0.453369140625
0.449951171875
0.44287109375
0.439208984375
0.435546875
0.431884765625
0.428466796875
0.42138671875
0.414306640625
0.406982421875
0.39990234375
0.38916015625
0.3818359375
0.374755859375
0.3642578125
0.3642578125
0.36767578125
0.374755859375
0.396240234375
0.42138671875
0.45703125
0.485595703125
0.5
0.51416015625
0.542724609375
0.560546875
0.57470703125
0.578369140625
0.585693359375
0.585693359375
0.578369140625
0.578369140625
0.5712890625
0.567626953125
0.564208984375
0.560546875
0.55712890625
0.553466796875
0.5498046875
0.542724609375
0.5390625
0.531982421875
0.52490234375
0.517578125
0.507080078125
0.5
0.49267578125
0.48193359375
0.478515625
0.474853515625
0.48193359375
0.496337890625
0.507080078125
0.53564453125
0.567626953125
0.599853515625
0.62841796875
0.6533203125
0.6748046875
0.681884765625
0.685546875
0.685546875
0.681884765625
0.6748046875
0.6640625
0.6533203125
0.646240234375
0.635498046875
0.62841796875
0.621337890625
0.6142578125
0.60693359375
0.59619140625
0.585693359375
0.57470703125
0.560546875
0.546142578125
0.531982421875
0.517578125
0.50341796875
0.489013671875
0.478515625
0.4677734375
0.464111328125
0.471435546875
0.48193359375
0.5
0.517578125
0.542724609375
0.564208984375
0.58203125
0.59619140625
0.599853515625
0.599853515625
0.59619140625
0.589111328125
0.57470703125
0.564208984375
0.553466796875
0.5390625
0.531982421875
0.521240234375
0.51416015625
0.507080078125
0.5
0.496337890625
0.489013671875
0.474853515625
0.4677734375
0.453369140625
0.439208984375
0.4248046875
0.41064453125
0.396240234375
0.3818359375
0.371337890625
0.371337890625
0.374755859375
0.3818359375
0.4033203125
0.4248046875
0.449951171875
0.4677734375
0.489013671875
0.5
0.5
0.5
0.5
0.496337890625
0.489013671875
0.48193359375
0.474853515625
0.464111328125
0.45703125
0.449951171875
0.44287109375
0.439208984375
0.431884765625
0.428466796875
0.42138671875
0.414306640625
0.406982421875
0.396240234375
0.38916015625
0.374755859375
0.3642578125
0.353271484375
0.34619140625
0.3427734375
0.34619140625
0.360595703125
0.37841796875
0.39990234375
0.428466796875
0.45703125
0.485595703125
0.50341796875
0.517578125
0.528564453125
0.53564453125
0.53564453125
0.531982421875
0.528564453125
0.521240234375
0.517578125
0.51416015625
0.510498046875
0.507080078125
0.507080078125
0.5
0.5
0.5
0.5
0.49267578125
0.485595703125
0.474853515625
0.4677734375
0.45703125
0.4462890625
0.435546875
0.428466796875
0.428466796875
0.439208984375
0.453369140625
0.478515625
0.50341796875
0.531982421875
0.564208984375
0.5927734375
0.603271484375
0.624755859375
0.63916015625
0.6533203125
0.656982421875
0.656982421875
0.6533203125
0.646240234375
0.642822265625
0.635498046875
0.62841796875
0.624755859375
0.61767578125
0.6142578125
0.60693359375
0.599853515625
0.589111328125
0.58203125
0.567626953125
0.560546875
0.546142578125
0.531982421875
0.51416015625
0.5
0.489013671875
0.48193359375
0.474853515625
0.478515625
0.489013671875
0.5
0.521240234375
0.546142578125
0.5712890625
0.59619140625
0.610595703125
0.621337890625
0.621337890625
0.621337890625
0.6142578125
0.603271484375
0.59619140625
0.58203125
0.5712890625
0.560546875
0.553466796875
0.542724609375
0.53564453125
0.52490234375
0.517578125
0.507080078125
0.5
0.489013671875
0.474853515625
0.46044921875
0.4462890625
0.431884765625
0.417724609375
0.4033203125
0.38916015625
0.37841796875
0.37841796875
0.3818359375
0.396240234375
0.4140625
0.435546875
0.45703125
0.474853515625
0.489013671875
0.5
0.5
0.5
0.49267578125
0.48193359375
0.474853515625
0.464111328125
0.453369140625
0.4462890625
0.439208984375
0.428466796875
0.42138671875
0.414306640625
0.406982421875
0.39990234375
0.392822265625
0.385498046875
0.374755859375
0.36767578125
0.353271484375
0.3427734375
0.33203125
0.317626953125
0.310546875
0.30712890625
0.310546875
0.32470703125
0.349853515625
0.37841796875
0.406982421875
0.435546875
0.46044921875
0.474853515625
0.489013671875
0.496337890625
0.5
0.5
0.496337890625
0.49267578125
0.485595703125
0.478515625
0.471435546875
0.464111328125
0.464111328125
0.45703125
0.453369140625
0.449951171875
0.4462890625
0.44287109375
0.435546875
0.431884765625
0.4248046875
0.417724609375
0.41064453125
0.39990234375
0.38916015625
0.3818359375
0.37841796875
0.3818359375
0.396240234375
0.4140625
0.442626953125
0.47119140625
0.499755859375
0.5283203125
0.5498046875
0.57470703125
0.585693359375
0.5927734375
0.5927734375
0.5927734375
0.5927734375
0.589111328125
0.585693359375
0.578369140625
0.57470703125
0.5712890625
0.567626953125
0.564208984375
0.560546875
0.55712890625
0.5498046875
0.542724609375
0.53564453125
0.52490234375
0.517578125
0.50341796875
0.5
0.489013671875
0.478515625
0.474853515625
0.474853515625
0.48193359375
0.496337890625
0.51416015625
0.542724609375
0.5712890625
0.599853515625
0.621337890625
0.63916015625
0.646240234375
0.64990234375
0.646240234375
0.63916015625
0.6318359375
0.621337890625
0.610595703125
0.599853515625
0.5927734375
0.58203125
0.57470703125
0.567626953125
0.55712890625
0.546142578125
0.5390625
0.52490234375
0.51416015625
0.50341796875
0.496337890625
0.48193359375
0.464111328125
0.4462890625
0.435546875
0.4248046875
0.42138671875
0.42138671875
0.431884765625
0.4462890625
0.4677734375
0.489013671875
0.50341796875
0.517578125
0.531982421875
0.5390625
0.542724609375
0.53564453125
0.528564453125
0.521240234375
0.510498046875
0.50341796875
0.5
0.489013671875
0.48193359375
0.474853515625
0.4677734375
0.46044921875
0.453369140625
0.449951171875
0.439208984375
0.431884765625
0.42138671875
0.41064453125
0.396240234375
0.3818359375
0.36767578125
0.35693359375
0.349853515625
0.3427734375
0.349853515625
0.360595703125
0.37841796875
0.39990234375
0.4248046875
0.449951171875
0.4677734375
0.48193359375
0.489013671875
0.49267578125
0.49267578125
0.485595703125
0.48193359375
0.474853515625
0.4677734375
0.46044921875
0.453369140625
0.449951171875
0.44287109375
0.439208984375
0.435546875
0.435546875
0.431884765625
0.428466796875
0.42138671875
0.414306640625
0.406982421875
0.396240234375
0.38916015625
0.37841796875
0.371337890625
0.3642578125
0.3642578125
0.36767578125
0.3818359375
0.406982421875
0.435546875
0.464111328125
0.49267578125
0.517578125
0.542724609375
0.560546875
0.5712890625
0.578369140625
0.578369140625
0.578369140625
0.57470703125
0.5712890625
0.567626953125
0.564208984375
0.560546875
0.55712890625
0.55712890625
0.553466796875
0.5498046875
0.546142578125
0.542724609375
0.53564453125
0.528564453125
0.521240234375
0.510498046875
0.50341796875
0.5
0.489013671875
0.48193359375
0.478515625
0.489013671875
0.496337890625
0.51416015625
0.54638671875
0.578369140625
0.614013671875
0.642578125
0.667724609375
0.681884765625
0.692626953125
0.699951171875
0.6962890625
0.692626953125
0.685546875
0.6748046875
0.667724609375
0.660400390625
0.6533203125
0.63916015625
0.624755859375
0.6142578125
0.603271484375
0.589111328125
0.57470703125
0.560546875
0.546142578125
0.531982421875
0.517578125
0.50341796875
0.496337890625
0.48193359375
0.4677734375
0.46044921875
0.46044921875
0.4677734375
0.48193359375
0.5
0.521240234375
0.542724609375
0.567626953125
0.58203125
0.59619140625
0.599853515625
0.599853515625
0.5927734375
0.585693359375
0.57470703125
0.567626953125
0.553466796875
0.546142578125
0.53564453125
0.52490234375
0.517578125
0.510498046875
0.5
0.5
0.489013671875
0.48193359375
0.4677734375
0.453369140625
0.439208984375
0.4248046875
0.41064453125
0.396240234375
0.3818359375
0.371337890625
0.371337890625
0.374755859375
0.38916015625
0.41064453125
0.435546875
0.45703125
0.478515625
0.496337890625
0.5
0.50341796875
0.50341796875
0.5
0.5
0.49267578125
0.48193359375
0.474853515625
0.464111328125
0.45703125
0.449951171875
0.44287109375
0.439208984375
0.431884765625
0.428466796875
0.42138671875
0.414306640625
0.406982421875
0.396240234375
0.385498046875
0.374755859375
0.360595703125
0.353271484375
0.3427734375
0.3427734375
0.3427734375
0.349853515625
0.360595703125
0.385498046875
0.406982421875
0.442626953125
0.47119140625
0.49267578125
0.50341796875
0.517578125
0.528564453125
0.528564453125
0.528564453125
0.528564453125
0.521240234375
0.517578125
0.51416015625
0.507080078125
0.507080078125
0.50341796875
0.5
0.5
0.5
0.496337890625
0.49267578125
0.485595703125
0.478515625
0.471435546875
0.46044921875
0.453369140625
0.44287109375
0.435546875
0.428466796875
0.431884765625
0.439208984375
0.46044921875
0.485595703125
0.51416015625
0.54638671875
0.578369140625
0.60693359375
0.6318359375
0.646240234375
0.660400390625
0.6640625
0.6640625
0.656982421875
0.6533203125
0.646240234375
0.63916015625
0.635498046875
0.62841796875
0.621337890625
0.61767578125
0.610595703125
0.603271484375
0.59619140625
0.589111328125
0.578369140625
0.567626953125
0.553466796875
0.5390625
0.52490234375
0.50341796875
0.5
0.49267578125
0.485595703125
0.49267578125
0.5
0.517578125
0.542724609375
0.5712890625
0.5927734375
0.61767578125
0.6318359375
0.642822265625
0.642822265625
0.642822265625
0.6318359375
0.624755859375
0.610595703125
0.603271484375
0.589111328125
0.58203125
0.5712890625
0.560546875
0.553466796875
0.542724609375
0.531982421875
0.52490234375
0.510498046875
0.50341796875
0.496337890625
0.48193359375
0.464111328125
0.4462890625
0.431884765625
0.417724609375
0.4033203125
0.396240234375
0.396240234375
0.4033203125
0.417724609375
0.439208984375
0.464111328125
0.485595703125
0.5
0.510498046875
0.521240234375
0.521240234375
0.517578125
0.510498046875
0.50341796875
0.5
0.4873046875
0.483154296875
0.474853515625
0.466552734375
0.4541015625
0.44580078125
0.441650390625
0.433349609375
0.4248046875
0.41650390625
0.408203125
0.395751953125
0.387451171875
0.37060546875
0.35400390625
0.341552734375
0.3291015625
0.3125
0.303955078125
0.303955078125
0.3125
0.324951171875
0.349853515625
0.38330078125
0.41650390625
0.449951171875
0.470703125
0.491455078125
0.5
0.5
0.5
0.5
0.49560546875
0.4873046875
0.47900390625
0.470703125
0.466552734375
0.458251953125
0.458251953125
0.449951171875
0.449951171875
0.44580078125
0.441650390625
0.4375
0.428955078125
0.420654296875
0.412353515625
0.39990234375
0.387451171875
0.379150390625
0.375
0.375
0.379150390625
0.395751953125
0.41650390625
0.449951171875
0.491455078125
0.52490234375
0.55810546875
0.591552734375
0.616455078125
0.629150390625
0.6416015625
0.6416015625
0.6416015625
0.637451171875
0.629150390625
0.625
0.616455078125
0.6123046875
0.608154296875
0.60400390625
0.599853515625
0.595703125
0.591552734375
0.583251953125
0.574951171875
0.566650390625
0.553955078125
0.5498046875
0.537353515625
0.520751953125
0.50830078125
0.5
0.491455078125
0.491455078125
0.49560546875
0.504150390625
0.52490234375
0.55810546875
0.591552734375
0.624755859375
0.658203125
0.687255859375
0.7041015625
0.71240234375
0.716552734375
0.708251953125
0.699951171875
0.687255859375
0.670654296875
0.654052734375
0.637451171875
0.62060546875
0.60400390625
0.595703125
0.5791015625
0.562255859375
0.5498046875
0.537353515625
0.520751953125
0.504150390625
0.49560546875
0.47900390625
0.46240234375
0.44580078125
0.428955078125
0.412353515625
0.404052734375
0.39990234375
0.408203125
0.420654296875
0.44580078125
0.478515625
0.496337890625
0.517578125
0.531982421875
0.546142578125
0.5498046875
0.5498046875
0.546142578125
0.5390625
0.528564453125
0.517578125
0.510498046875
0.5
0.496337890625
0.489013671875
0.48193359375
0.478515625
0.471435546875
0.464111328125
0.453369140625
0.4462890625
0.431884765625
0.4248046875
0.41064453125
0.396240234375
0.3818359375
0.36767578125
0.35693359375
0.349853515625
0.349853515625
0.35693359375
0.371337890625
0.392578125
0.417724609375
0.442626953125
0.4677734375
0.48193359375
0.496337890625
0.5
0.5
0.5
0.49267578125
0.485595703125
0.478515625
0.471435546875
0.464111328125
0.45703125
0.449951171875
0.4462890625
0.44287109375
0.435546875
0.431884765625
0.428466796875
0.42138671875
0.414306640625
0.4033203125
0.396240234375
0.385498046875
0.374755859375
0.36767578125
0.360595703125
0.35693359375
0.36767578125
0.3818359375
0.406982421875
0.435546875
0.4677734375
0.496337890625
0.521240234375
0.546142578125
0.564208984375
0.57470703125
0.578369140625
0.578369140625
0.578369140625
0.5712890625
0.5712890625
0.564208984375
0.564208984375
0.55712890625
0.55712890625
0.5498046875
0.5498046875
0.542724609375
0.542724609375
0.53564453125
0.528564453125
0.521240234375
0.510498046875
0.50341796875
0.496337890625
0.489013671875
0.478515625
0.471435546875
0.471435546875
0.474853515625
0.496337890625
0.51416015625
0.54638671875
0.578369140625
0.614013671875
0.642578125
0.6533203125
0.667724609375
0.685546875
0.692626953125
0.692626953125
0.68896484375
0.681884765625
0.6748046875
0.6640625
0.656982421875
0.64990234375
0.642822265625
0.6318359375
0.61767578125
0.603271484375
0.59619140625
0.58203125
0.567626953125
0.553466796875
0.5390625
0.52490234375
0.510498046875
0.496337890625
0.48193359375
0.4677734375
0.45703125
0.453369140625
0.45703125
0.4677734375
0.485595703125
0.507080078125
0.5283203125
0.556884765625
0.578369140625
0.59619140625
0.603271484375
0.60693359375
0.599853515625
0.5927734375
0.58203125
0.567626953125
0.560546875
0.5498046875
0.5390625
0.531982421875
0.521240234375
0.51416015625
0.50341796875
0.5
0.496337890625
0.48193359375
0.474853515625
0.46044921875
0.4462890625
0.431884765625
0.417724609375
0.39990234375
0.385498046875
0.374755859375
0.36767578125
0.371337890625
0.374755859375
0.396240234375
0.4140625
0.442626953125
0.464111328125
0.485595703125
0.5
0.5
0.5
0.5
0.5
0.489013671875
0.478515625
0.4677734375
0.46044921875
0.453369140625
0.44287109375
0.435546875
0.428466796875
0.4248046875
0.417724609375
0.414306640625
0.4033203125
0.396240234375
0.38916015625
0.374755859375
0.36767578125
0.353271484375
0.339111328125
0.33203125
0.32470703125
0.32470703125
0.33203125
0.34619140625
0.371337890625
0.403564453125
0.435546875
0.464111328125
0.489013671875
0.5
0.510498046875
0.51416015625
0.51416015625
0.51416015625
0.510498046875
0.50341796875
0.5
0.5
0.496337890625
0.49267578125
0.49267578125
0.485595703125
0.485595703125
0.48193359375
0.478515625
0.471435546875
0.464111328125
0.45703125
0.449951171875
0.439208984375
0.431884765625
0.42138671875
0.414306640625
0.406982421875
0.414306640625
0.428466796875
0.449951171875
0.48193359375
0.510498046875
0.54638671875
0.578369140625
0.60693359375
0.6318359375
0.642822265625
0.64990234375
0.64990234375
0.64990234375
0.646240234375
0.642822265625
0.635498046875
0.62841796875
0.621337890625
0.61767578125
0.6142578125
0.60693359375
0.603271484375
0.59619140625
0.589111328125
0.58203125
0.567626953125
0.553466796875
0.5390625
0.52490234375
0.510498046875
0.5
0.49267578125
0.485595703125
0.485595703125
0.49267578125
0.50341796875
0.5283203125
0.556884765625
0.58544921875
0.5927734375
0.614013671875
0.6318359375
0.646240234375
0.64990234375
0.64990234375
0.646240234375
0.63916015625
0.624755859375
0.61767578125
0.603271484375
0.5927734375
0.58203125
0.57470703125
0.564208984375
0.553466796875
0.546142578125
0.53564453125
0.52490234375
0.51416015625
0.50341796875
0.496337890625
0.48193359375
0.46044921875
0.4462890625
0.431884765625
0.417724609375
0.4033203125
0.39990234375
0.4033203125
0.417724609375
0.435546875
0.45703125
0.485595703125
0.50341796875
0.517578125
0.528564453125
0.53564453125
0.53564453125
0.528564453125
0.517578125
0.507080078125
0.5
0.491455078125
0.47900390625
0.470703125
0.46240234375
0.4541015625
0.44580078125
0.4375
0.428955078125
0.420654296875
0.408203125
0.395751953125
0.38330078125
0.37060546875
0.35400390625
0.33740234375
0.32080078125
0.3125
0.303955078125
0.303955078125
0.3125
0.333251953125
0.358154296875
0.3916015625
0.4248046875
0.4541015625
0.47900390625
0.49560546875
0.5
0.5
0.5
0.5
0.491455078125
0.483154296875
0.474853515625
0.470703125
0.46240234375
0.458251953125
0.449951171875
0.449951171875
0.44580078125
0.441650390625
0.433349609375
0.428955078125
0.420654296875
0.408203125
0.39990234375
0.387451171875
0.379150390625
0.366455078125
0.3623046875
0.3623046875
0.37060546875
0.3916015625
0.4248046875
0.46240234375
0.499755859375
0.533203125
0.574951171875
0.595703125
0.60400390625
0.625
0.61767578125
0.621337890625
0.621337890625
0.61767578125
0.6142578125
0.60693359375
0.603271484375
0.599853515625
0.5927734375
0.5927734375
0.585693359375
0.58203125
0.578369140625
0.5712890625
0.564208984375
0.55712890625
0.546142578125
0.5390625
0.52490234375
0.510498046875
0.5
0.496337890625
0.489013671875
0.489013671875
0.496337890625
0.507080078125
0.53564453125
0.564208984375
0.59619140625
0.62841796875
0.6533203125
0.6748046875
0.685546875
0.68896484375
0.685546875
0.681884765625
0.6748046875
0.660400390625
0.6533203125
0.642822265625
0.6318359375
0.61767578125
0.603271484375
0.589111328125
0.57470703125
0.567626953125
0.553466796875
0.546142578125
0.531982421875
0.517578125
0.50341796875
0.496337890625
0.474853515625
0.46044921875
0.4462890625
0.431884765625
0.428466796875
0.428466796875
0.431884765625
0.439208984375
0.46044921875
0.485595703125
0.50341796875
0.5283203125
0.546142578125
0.560546875
0.5712890625
0.5712890625
0.567626953125
0.560546875
0.5498046875
0.5390625
0.52490234375
0.517578125
0.507080078125
0.5
0.496337890625
0.489013671875
0.48193359375
0.471435546875
0.464111328125
0.453369140625
0.44287109375
0.431884765625
0.417724609375
0.4033203125
0.38916015625
0.374755859375
0.360595703125
0.349853515625
0.3427734375
0.349853515625
0.360595703125
0.37841796875
0.4033203125
0.428466796875
0.45703125
0.474853515625
0.489013671875
0.5
0.5
0.5
0.49267578125
0.48193359375
0.474853515625
0.464111328125
0.45703125
0.4462890625
0.439208984375
0.435546875
0.428466796875
0.4248046875
0.42138671875
0.414306640625
0.406982421875
0.39990234375
0.38916015625
0.3818359375
0.36767578125
0.360595703125
0.34619140625
0.3427734375
0.335693359375
0.3427734375
0.353271484375
0.371337890625
0.39990234375
0.43212890625
0.464111328125
0.49267578125
0.51416015625
0.531982421875
0.546142578125
0.553466796875
0.55712890625
0.5498046875
0.5498046875
0.542724609375
0.5390625
0.53564453125
0.528564453125
0.528564453125
0.521240234375
0.521240234375
0.517578125
0.51416015625
0.510498046875
0.507080078125
0.5
0.5
0.489013671875
0.474853515625
0.4677734375
0.453369140625
0.4462890625
0.44287109375
0.4462890625
0.464111328125
0.485595703125
0.510498046875
0.54638671875
0.578369140625
0.614013671875
0.63916015625
0.660400390625
0.667724609375
0.67138671875
0.67138671875
0.667724609375
0.660400390625
0.6533203125
0.646240234375
0.63916015625
0.62841796875
0.621337890625
0.6142578125
0.60693359375
0.59619140625
0.589111328125
0.578369140625
0.567626953125
0.553466796875
0.5390625
0.52490234375
0.507080078125
0.496337890625
0.48193359375
0.4677734375
0.46044921875
0.46044921875
0.4677734375
0.48193359375
0.5
0.521240234375
0.5498046875
0.57470703125
0.59619140625
0.60693359375
0.6142578125
0.610595703125
0.603271484375
0.59619140625
0.58203125
0.5712890625
0.560546875
0.5498046875
0.5390625
0.531982421875
0.521240234375
0.510498046875
0.50341796875
0.5
0.489013671875
0.478515625
0.4677734375
0.453369140625
0.435546875
0.417724609375
0.4033203125
0.38916015625
0.374755859375
0.3642578125
0.3642578125
0.36767578125
0.37841796875
0.39990234375
0.42138671875
0.4462890625
0.4677734375
0.489013671875
0.5
0.5
0.5
0.5
0.49267578125
0.48193359375
0.474853515625
0.464111328125
0.453369140625
0.4462890625
0.439208984375
0.431884765625
0.4248046875
0.417724609375
0.41064453125
0.406982421875
0.396240234375
0.38916015625
0.37841796875
0.36767578125
0.353271484375
0.339111328125
0.33203125
0.3212890625
0.314208984375
0.3212890625
0.33203125
0.353271484375
0.382080078125
0.4140625
0.449951171875
0.474853515625
0.496337890625
0.50341796875
0.51416015625
0.51416015625
0.51416015625
0.510498046875
0.50341796875
0.5
0.5
0.49267578125
0.489013671875
0.485595703125
0.48193359375
0.478515625
0.474853515625
0.471435546875
0.4677734375
0.464111328125
0.45703125
0.4462890625
0.439208984375
0.428466796875
0.417724609375
0.406982421875
0.39990234375
0.39990234375
0.41064453125
0.428466796875
0.45703125
0.4892578125
0.517822265625
0.553466796875
0.58544921875
0.60693359375
0.614013671875
0.6318359375
0.63916015625
0.642822265625
0.642822265625
0.642822265625
0.635498046875
0.62841796875
0.624755859375
0.61767578125
0.6142578125
0.60693359375
0.603271484375
0.599853515625
0.5927734375
0.585693359375
0.57470703125
0.567626953125
0.553466796875
0.542724609375
0.531982421875
0.51416015625
0.5
0.496337890625
0.485595703125
0.478515625
0.489013671875
0.5
0.51416015625
0.542724609375
0.5712890625
0.599853515625
0.624755859375
0.646240234375
0.6533203125
0.656982421875
0.656982421875
0.646240234375
0.63916015625
0.624755859375
0.61767578125
0.603271484375
0.5927734375
0.58203125
0.57470703125
0.567626953125
0.560546875
0.5498046875
0.5390625
0.528564453125
0.517578125
0.50341796875
0.496337890625
0.474853515625
0.46044921875
0.4462890625
0.431884765625
0.417724609375
0.41064453125
0.41064453125
0.417724609375
0.431884765625
0.453369140625
0.478515625
0.496337890625
0.517578125
0.531982421875
0.5390625
0.542724609375
0.5390625
0.531982421875
0.52490234375
0.510498046875
0.50341796875
0.5
0.489013671875
0.47900390625
0.470703125
0.46240234375
0.4541015625
0.44580078125
0.4375
0.4248046875
0.412353515625
0.404052734375
0.387451171875
0.37060546875
0.35400390625
0.33740234375
0.32080078125
0.308349609375
0.308349609375
0.308349609375
0.32080078125
0.345703125
0.374755859375
0.408203125
0.4375
0.4541015625
0.474853515625
0.49560546875
0.5
0.5
0.5
0.5
0.5
0.491455078125
0.483154296875
0.474853515625
0.466552734375
0.46240234375
0.4541015625
0.449951171875
0.441650390625
0.4375
0.433349609375
0.4248046875
0.41650390625
0.412353515625
0.404052734375
0.395751953125
0.38330078125
0.37060546875
0.3623046875
0.349853515625
0.349853515625
0.35400390625
0.374755859375
0.39990234375
0.441650390625
0.47900390625
0.512451171875
0.5498046875
0.583251953125
0.60400390625
0.62060546875
0.625
0.625
0.625
0.62060546875
0.616455078125
0.6123046875
0.608154296875
0.599853515625
0.595703125
0.591552734375
0.58740234375
0.583251953125
0.574951171875
0.57080078125
0.562255859375
0.5498046875
0.537353515625
0.529052734375
0.512451171875
0.5
0.49560546875
0.483154296875
0.483154296875
0.4873046875
0.5
0.52490234375
0.55810546875
0.599853515625
0.63330078125
0.66650390625
0.69580078125
0.71240234375
0.724853515625
0.724853515625
0.724853515625
0.716552734375
0.7041015625
0.687255859375
0.66650390625
0.645751953125
0.63330078125
0.62060546875
0.60400390625
0.58740234375
0.574951171875
0.562255859375
0.545654296875
0.529052734375
0.512451171875
0.5
0.4873046875
0.470703125
0.449951171875
0.428955078125
0.420654296875
0.408203125
0.408203125
0.41650390625
0.43310546875
0.458251953125
0.4873046875
0.50830078125
0.537353515625
0.553955078125
0.57080078125
0.574951171875
0.574951171875
0.566650390625
0.55810546875
0.545654296875
0.533203125
0.520751953125
0.50830078125
0.5
0.49560546875
0.4873046875
0.47900390625
0.470703125
0.46240234375
0.449951171875
0.4375
0.420654296875
0.404052734375
0.395751953125
0.37060546875
0.35400390625
0.341552734375
0.3291015625
0.316650390625
0.316650390625
0.324951171875
0.341552734375
0.366455078125
0.39990234375
0.4248046875
0.4541015625
0.474853515625
0.4873046875
0.49560546875
0.5
0.491455078125
0.4873046875
0.474853515625
0.466552734375
0.4541015625
0.44580078125
0.4375
0.428955078125
0.420654296875
0.412353515625
0.408203125
0.39990234375
0.3916015625
0.38330078125
0.375
0.3623046875
0.35400390625
0.33740234375
0.324951171875
0.3125
0.303955078125
0.308349609375
0.32080078125
0.341552734375
0.383056640625
0.438232421875
0.48681640625
0.5205078125
0.54150390625
0.555908203125
0.564208984375
0.564208984375
0.5576171875
0.554443359375
0.55126953125
0.544921875
0.538330078125
0.53515625
0.531982421875
0.52880859375
0.525634765625
0.51904296875
0.51904296875
0.5126953125
0.50634765625
0.5
0.49658203125
0.490234375
0.477294921875
0.470947265625
0.46142578125
0.454833984375
0.454833984375
0.464599609375
0.48046875
0.503173828125
0.525390625
0.5576171875
0.58984375
0.615478515625
0.634765625
0.65087890625
0.66064453125
0.66064453125
0.66064453125
0.654052734375
0.647705078125
0.641357421875
0.634765625
0.62841796875
0.6220703125
0.615478515625
0.609130859375
0.602783203125
0.593017578125
0.586669921875
0.57373046875
0.5673828125
0.554443359375
0.54150390625
0.525390625
0.509521484375
0.5
0.490234375
0.480712890625
0.47412109375
0.477294921875
0.48388671875
0.5
0.51904296875
0.544677734375
0.5673828125
0.586669921875
0.602783203125
0.60595703125
0.6123046875
0.615478515625
0.609130859375
0.602783203125
0.593017578125
0.580078125
0.57373046875
0.560791015625
0.55126953125
0.54150390625
0.53515625
0.525634765625
0.51904296875
0.509521484375
0.503173828125
0.49658203125
0.487060546875
0.47412109375
0.4580078125
0.4453125
0.42919921875
0.4130859375
0.400146484375
0.390625
0.38427734375
0.387451171875
0.393798828125
0.4130859375
0.432373046875
0.454833984375
0.47412109375
0.490234375
0.5
0.50634765625
0.50634765625
0.50634765625
0.5
0.5
0.490234375
0.480712890625
0.470947265625
0.464599609375
0.4580078125
0.45166015625
0.4453125
0.442138671875
0.435546875
0.42919921875
0.41943359375
0.4130859375
0.403564453125
0.393798828125
0.380859375
0.353271484375
0.3427734375
0.33203125
0.32470703125
0.328369140625
0.33203125
0.34619140625
0.371337890625
0.39990234375
0.428466796875
0.45703125
0.478515625
0.496337890625
0.50341796875
0.507080078125
0.507080078125
0.507080078125
0.5
0.5
0.496337890625
0.489013671875
0.485595703125
0.48193359375
0.478515625
0.478515625
0.474853515625
0.471435546875
0.4677734375
0.464111328125
0.45703125
0.449951171875
0.439208984375
0.431884765625
0.42138671875
0.41064453125
0.4033203125
0.39990234375
0.406982421875
0.42138671875
0.442626953125
0.474853515625
0.507080078125
0.5390625
0.5712890625
0.599853515625
0.624755859375
0.63916015625
0.646240234375
0.64990234375
0.646240234375
0.642822265625
0.635498046875
0.62841796875
0.621337890625
0.61767578125
0.6142578125
0.60693359375
0.603271484375
0.599853515625
0.5927734375
0.585693359375
0.578369140625
0.567626953125
0.560546875
0.546142578125
0.531982421875
0.517578125
0.50341796875
0.496337890625
0.49267578125
0.49267578125
0.5
0.51416015625
0.542724609375
0.5712890625
0.599853515625
0.62841796875
0.64990234375
0.6640625
0.67138671875
0.67138671875
0.667724609375
0.660400390625
0.6533203125
0.63916015625
0.6318359375
0.621337890625
0.610595703125
0.599853515625
0.589111328125
0.58203125
0.57470703125
0.567626953125
0.560546875
0.546142578125
0.53564453125
0.52490234375
0.510498046875
0.496337890625
0.48193359375
0.464111328125
0.4462890625
0.431884765625
0.4248046875
0.42138671875
0.4248046875
0.439208984375
0.45703125
0.48193359375
0.50341796875
0.521240234375
0.5390625
0.5498046875
0.55712890625
0.553466796875
0.5498046875
0.5390625
0.531982421875
0.517578125
0.510498046875
0.5
0.496337890625
0.489013671875
0.48193359375
0.470703125
0.46240234375
0.4541015625
0.44580078125
0.433349609375
0.420654296875
0.404052734375
0.387451171875
0.37060546875
0.35400390625
0.33740234375
0.3291015625
0.316650390625
0.316650390625
0.3291015625
0.345703125
0.37060546875
0.39990234375
0.43310546875
0.46240234375
0.4873046875
0.5
0.504150390625
0.50830078125
0.504150390625
0.5
0.49560546875
0.4873046875
0.47900390625
0.470703125
0.46240234375
0.4541015625
0.449951171875
0.44580078125
0.441650390625
0.433349609375
0.428955078125
0.420654296875
0.412353515625
0.404052734375
0.3916015625
0.379150390625
0.366455078125
0.358154296875
0.349853515625
0.349853515625
0.3623046875
0.379150390625
0.408203125
0.44580078125
0.483154296875
0.5166015625
0.5498046875
0.5791015625
0.60400390625
0.616455078125
0.616455078125
0.62060546875
0.616455078125
0.6123046875
0.608154296875
0.599853515625
0.595703125
0.591552734375
0.58740234375
0.583251953125
0.583251953125
0.574951171875
0.57080078125
0.562255859375
0.553955078125
0.54150390625
0.529052734375
0.512451171875
0.504150390625
0.49560546875
0.47900390625
0.474853515625
0.474853515625
0.47900390625
0.5
0.52490234375
0.562255859375
0.60400390625
0.6416015625
0.670654296875
0.678955078125
0.7041015625
0.716552734375
0.724853515625
0.724853515625
0.716552734375
0.708251953125
0.69580078125
0.670654296875
0.654052734375
0.645751953125
0.629150390625
0.6123046875
0.595703125
0.583251953125
0.57080078125
0.553955078125
0.537353515625
0.520751953125
0.504150390625
0.49560546875
0.47900390625
0.4541015625
0.4375
0.420654296875
0.404052734375
0.39990234375
0.404052734375
0.41650390625
0.441650390625
0.466552734375
0.49560546875
0.520751953125
0.545654296875
0.562255859375
0.574951171875
0.574951171875
0.574951171875
0.55712890625
0.546142578125
0.5390625
0.52490234375
0.517578125
0.507080078125
0.5
0.496337890625
0.489013671875
0.478515625
0.471435546875
0.46044921875
0.453369140625
0.439208984375
0.431884765625
0.417724609375
0.396240234375
0.3818359375
0.36767578125
0.353271484375
0.3427734375
0.3427734375
0.3427734375
0.353271484375
0.371337890625
0.396240234375
0.42138671875
0.4462890625
0.4677734375
0.48193359375
0.489013671875
0.49267578125
0.49267578125
0.485595703125
0.478515625
0.4677734375
0.46044921875
0.449951171875
0.44287109375
0.435546875
0.428466796875
0.42138671875
0.414306640625
0.406982421875
0.4033203125
0.396240234375
0.38916015625
0.37841796875
0.36767578125
0.35693359375
0.34619140625
0.33203125
0.32470703125
0.3212890625
0.3212890625
0.33544921875
0.35693359375
0.38916015625
0.42138671875
0.45703125
0.49267578125
0.507080078125
0.52490234375
0.53564453125
0.542724609375
0.542724609375
0.542724609375
0.53564453125
0.531982421875
0.52490234375
0.521240234375
0.51416015625
0.51416015625
0.507080078125
0.507080078125
0.507080078125
0.5
0.5
0.5
0.489013671875
0.48193359375
0.474853515625
0.46044921875
0.449951171875
0.439208984375
0.431884765625
0.428466796875
0.431884765625
0.4462890625
0.47119140625
0.496337890625
0.52490234375
0.560546875
0.5927734375
0.61767578125
0.621337890625
0.62841796875
0.646240234375
0.656982421875
0.656982421875
0.656982421875
0.6533203125
0.646240234375
0.63916015625
0.6318359375
0.624755859375
0.621337890625
0.6142578125
0.60693359375
0.599853515625
0.5927734375
0.58203125
0.57470703125
0.560546875
0.553466796875
0.5390625
0.52490234375
0.507080078125
0.496337890625
0.48193359375
0.471435546875
0.464111328125
0.4677734375
0.474853515625
0.496337890625
0.51416015625
0.542724609375
0.5712890625
0.5927734375
0.610595703125
0.624755859375
0.62841796875
0.62841796875
0.61767578125
0.610595703125
0.599853515625
0.589111328125
0.57470703125
0.567626953125
0.55712890625
0.546142578125
0.5390625
0.531982421875
0.521240234375
0.510498046875
0.50341796875
0.496337890625
0.48193359375
0.4677734375
0.453369140625
0.435546875
0.417724609375
0.4033203125
0.38916015625
0.3818359375
0.3818359375
0.38916015625
0.4033203125
0.42138671875
0.4462890625
0.47119140625
0.489013671875
0.50341796875
0.510498046875
0.51416015625
0.51416015625
0.510498046875
0.50341796875
0.5
0.489013671875
0.478515625
0.4677734375
0.46044921875
0.453369140625
0.44287109375
0.439208984375
0.431884765625
0.4248046875
0.417724609375
0.41064453125
0.39990234375
0.38916015625
0.374755859375
0.360595703125
0.349853515625
0.339111328125
0.328369140625
0.3212890625
0.328369140625
0.339111328125
0.360595703125
0.385498046875
0.4140625
0.442626953125
0.4677734375
0.489013671875
0.5
0.5
0.5
0.5
0.5
0.496337890625
0.489013671875
0.485595703125
0.478515625
0.474853515625
0.471435546875
0.464111328125
0.464111328125
0.45703125
0.45703125
0.449951171875
0.4462890625
0.439208984375
0.428466796875
0.42138671875
0.41064453125
0.39990234375
0.392822265625
0.385498046875
0.392822265625
0.4033203125
0.4248046875
0.453369140625
0.485595703125
0.51416015625
0.5498046875
0.578369140625
0.603271484375
0.61767578125
0.62841796875
0.6318359375
0.62841796875
0.62841796875
0.621337890625
0.6142578125
0.60693359375
0.603271484375
0.599853515625
0.5927734375
0.5927734375
0.585693359375
0.58203125
0.57470703125
0.567626953125
0.560546875
0.5498046875
0.5390625
0.52490234375
0.510498046875
0.5
0.49267578125
0.485595703125
0.485595703125
0.489013671875
0.50341796875
0.5283203125
0.556884765625
0.58544921875
0.614013671875
0.63916015625
0.6533203125
0.667724609375
0.67138671875
0.667724609375
0.660400390625
0.64990234375
0.63916015625
0.62841796875
0.61767578125
0.610595703125
0.599853515625
0.589111328125
0.58203125
0.57470703125
0.564208984375
0.553466796875
0.5390625
0.52490234375
0.510498046875
0.5
0.489013671875
0.47119140625
0.453369140625
0.439208984375
0.4248046875
0.42138671875
0.42138671875
0.431884765625
0.4462890625
0.47119140625
0.496337890625
0.51416015625
0.531982421875
0.546142578125
0.553466796875
0.55712890625
0.5498046875
0.542724609375
0.531982421875
0.52490234375
0.51416015625
0.50341796875
0.5
0.49267578125
0.48193359375
0.474853515625
0.4677734375
0.46044921875
0.449951171875
0.44287109375
0.431884765625
0.417724609375
0.41064453125
0.396240234375
0.3818359375
0.36767578125
0.353271484375
0.3427734375
0.335693359375
0.3427734375
0.353271484375
0.374755859375
0.39990234375
0.4248046875
0.449951171875
0.47119140625
0.489013671875
0.496337890625
0.5
0.5
0.49267578125
0.489013671875
0.478515625
0.471435546875
0.464111328125
0.45703125
0.449951171875
0.44287109375
0.439208984375
0.435546875
0.431884765625
0.428466796875
0.42138671875
0.414306640625
0.4033203125
0.396240234375
0.385498046875
0.374755859375
0.3642578125
0.35693359375
0.353271484375
0.35693359375
0.36767578125
0.392578125
0.42138671875
0.45703125
0.49267578125
0.51416015625
0.5390625
0.546142578125
0.567626953125
0.578369140625
0.585693359375
0.585693359375
0.585693359375
0.578369140625
0.57470703125
0.5712890625
0.564208984375
0.560546875
0.55712890625
0.5498046875
0.5498046875
0.542724609375
0.5390625
0.53564453125
0.528564453125
0.517578125
0.510498046875
0.5
0.49267578125
0.48193359375
0.471435546875
0.464111328125
0.464111328125
0.4677734375
0.485595703125
0.50341796875
0.53564453125
0.567626953125
0.599853515625
0.635498046875
0.656982421875
0.6748046875
0.681884765625
0.685546875
0.685546875
0.678466796875
0.667724609375
0.660400390625
0.64990234375
0.642822265625
0.6318359375
0.624755859375
0.61767578125
0.610595703125
0.599853515625
0.589111328125
0.58203125
0.567626953125
0.553466796875
0.5390625
0.517578125
0.50341796875
0.496337890625
0.474853515625
0.4677734375
0.45703125
0.45703125
0.4677734375
0.48193359375
0.5
0.521240234375
0.5498046875
0.5712890625
0.589111328125
0.599853515625
0.599853515625
0.599853515625
0.59619140625
0.585693359375
0.57470703125
0.560546875
0.553466796875
0.5390625
0.531982421875
0.521240234375
0.510498046875
0.50341796875
0.5
0.49267578125
0.48193359375
0.474853515625
0.46044921875
0.4462890625
0.431884765625
0.4140625
0.396240234375
0.3818359375
0.371337890625
0.3642578125
0.3642578125
0.36767578125
0.385498046875
0.406982421875
0.435546875
0.45703125
0.48193359375
0.496337890625
0.50341796875
0.507080078125
0.507080078125
0.5
0.5
0.489013671875
0.48193359375
0.471435546875
0.464111328125
0.453369140625
0.4462890625
0.439208984375
0.435546875
0.428466796875
0.42138671875
0.414306640625
0.4033203125
0.396240234375
0.385498046875
0.374755859375
0.360595703125
0.353271484375
0.339111328125
0.335693359375
0.33203125
0.339111328125
0.353271484375
0.37841796875
0.403564453125
0.435546875
0.464111328125
0.489013671875
0.496337890625
0.510498046875
0.52490234375
0.531982421875
0.53564453125
0.53564453125
0.528564453125
0.52490234375
0.517578125
0.51416015625
0.507080078125
0.507080078125
0.5
0.5
0.5
0.5
0.49267578125
0.489013671875
0.48193359375
0.474853515625
0.4677734375
0.45703125
0.4462890625
0.435546875
0.428466796875
0.42138671875
0.428466796875
0.442626953125
0.464111328125
0.49267578125
0.521240234375
0.560546875
0.5927734375
0.621337890625
0.646240234375
0.660400390625
0.667724609375
0.67138671875
0.67138671875
0.6640625
0.656982421875
0.6533203125
0.646240234375
0.63916015625
0.635498046875
0.62841796875
0.621337890625
0.6142578125
0.60693359375
0.59619140625
0.589111328125
0.57470703125
0.560546875
0.546142578125
0.5283203125
0.510498046875
0.5
0.489013671875
0.48193359375
0.48193359375
0.489013671875
0.50341796875
0.521240234375
0.5498046875
0.578369140625
0.60693359375
0.62841796875
0.642822265625
0.64990234375
0.64990234375
0.646240234375
0.63916015625
0.62841796875
0.61767578125
0.603271484375
0.5927734375
0.58203125
0.57470703125
0.564208984375
0.553466796875
0.546142578125
0.531982421875
0.52490234375
0.510498046875
0.5
0.489013671875
0.474853515625
0.453369140625
0.439208984375
0.4248046875
0.41064453125
0.39990234375
0.392822265625
0.396240234375
0.41064453125
0.4248046875
0.449951171875
0.47119140625
0.496337890625
0.510498046875
0.51416015625
0.52490234375
0.528564453125
0.528564453125
0.528564453125
0.52490234375
0.51416015625
0.50341796875
0.5
0.489013671875
0.48193359375
0.474853515625
0.464111328125
0.45703125
0.449951171875
0.44287109375
0.435546875
0.4248046875
0.417724609375
0.406982421875
0.396240234375
0.3818359375
0.36767578125
0.353271484375
0.3427734375
0.33203125
0.328369140625
0.328369140625
0.339111328125
0.360595703125
0.385498046875
0.4140625
0.442626953125
0.4677734375
0.489013671875
0.5
0.5
0.507080078125
0.5
0.5
0.496337890625
0.489013671875
0.485595703125
0.478515625
0.471435546875
0.4677734375
0.464111328125
0.46044921875
0.45703125
0.449951171875
0.4462890625
0.439208984375
0.431884765625
0.4248046875
0.414306640625
0.4033203125
0.396240234375
0.385498046875
0.385498046875
0.385498046875
0.396240234375
0.4140625
0.442626953125
0.478515625
0.510498046875
0.542724609375
0.57470703125
0.599853515625
0.61767578125
0.624755859375
0.62841796875
0.62841796875
0.624755859375
0.621337890625
0.6142578125
0.610595703125
0.60693359375
0.599853515625
0.59619140625
0.5927734375
0.585693359375
0.578369140625
0.57470703125
0.564208984375
0.553466796875
0.546142578125
0.531982421875
0.517578125
0.50341796875
0.496337890625
0.485595703125
0.478515625
0.478515625
0.489013671875
0.5
0.521240234375
0.553466796875
0.58544921875
0.614013671875
0.642578125
0.660400390625
0.6748046875
0.678466796875
0.678466796875
0.67138671875
0.660400390625
0.646240234375
0.63916015625
0.624755859375
0.6142578125
0.603271484375
0.59619140625
0.589111328125
0.578369140625
0.567626953125
0.560546875
0.546142578125
0.531982421875
0.517578125
0.5
0.489013671875
0.47119140625
0.453369140625
0.439208984375
0.428466796875
0.42138671875
0.4248046875
0.439208984375
0.45703125
0.478515625
0.50341796875
0.521240234375
0.542724609375
0.55712890625
0.564208984375
0.564208984375
0.564208984375
0.553466796875
0.546142578125
0.531982421875
0.52490234375
0.510498046875
0.50341796875
0.5
0.49267578125
0.485595703125
0.474853515625
0.4677734375
0.46044921875
0.4462890625
0.439208984375
0.4248046875
0.41064453125
0.396240234375
0.3818359375
0.36767578125
0.353271484375
0.3427734375
0.335693359375
0.3427734375
0.353271484375
0.374755859375
0.39990234375
0.428466796875
0.453369140625
0.474853515625
0.489013671875
0.5
0.5
0.5
0.496337890625
0.489013671875
0.478515625
0.471435546875
0.464111328125
0.45703125
0.449951171875
0.44287109375
0.435546875
0.431884765625
0.428466796875
0.42138671875
0.414306640625
0.406982421875
0.396240234375
0.38916015625
0.374755859375
0.3642578125
0.353271484375
0.3427734375
0.3427734375
0.34619140625
0.360595703125
0.37841796875
0.41064453125
0.442626953125
0.478515625
0.50341796875
0.5283203125
0.5498046875
0.560546875
0.5712890625
0.5712890625
0.5712890625
0.567626953125
0.560546875
0.55712890625
0.5498046875
0.5498046875
0.542724609375
0.542724609375
0.53564453125
0.53564453125
0.528564453125
0.52490234375
0.517578125
0.510498046875
0.5
0.496337890625
0.48193359375
0.471435546875
0.46044921875
0.453369140625
0.449951171875
0.46044921875
0.47119140625
0.496337890625
0.521240234375
0.556884765625
0.589111328125
0.621337890625
0.64990234375
0.667724609375
0.678466796875
0.685546875
0.685546875
0.678466796875
0.67138671875
0.660400390625
0.6533203125
0.642822265625
0.635498046875
0.624755859375
0.61767578125
0.610595703125
0.599853515625
0.589111328125
0.578369140625
0.567626953125
0.553466796875
0.531982421875
0.517578125
0.50341796875
0.489013671875
0.474853515625
0.46044921875
0.45703125
0.453369140625
0.46044921875
0.478515625
0.496337890625
0.521240234375
0.5498046875
0.5712890625
0.589111328125
0.603271484375
0.60693359375
0.60693359375
0.603271484375
0.59619140625
0.58203125
0.5712890625
0.560546875
0.5498046875
0.5390625
0.528564453125
0.521240234375
0.510498046875
0.50341796875
0.5
0.489013671875
0.474853515625
0.46044921875
0.4462890625
0.431884765625
0.417724609375
0.39990234375
0.3818359375
0.371337890625
0.3642578125
0.3642578125
0.36767578125
0.3818359375
0.406982421875
0.428466796875
0.45703125
0.464111328125
0.48193359375
0.5
0.50341796875
0.510498046875
0.507080078125
0.50341796875
0.5
0.49267578125
0.48193359375
0.471435546875
0.464111328125
0.45703125
0.449951171875
0.44287109375
0.435546875
0.428466796875
0.42138671875
0.414306640625
0.4033203125
0.396240234375
0.3818359375
0.371337890625
0.360595703125
0.34619140625
0.33203125
0.32470703125
0.3212890625
0.328369140625
0.3427734375
0.364013671875
0.396240234375
0.428466796875
0.45703125
0.485595703125
0.50341796875
0.51416015625
0.521240234375
0.521240234375
0.521240234375
0.517578125
0.510498046875
0.50341796875
0.5
0.5
0.5
0.49267578125
0.49267578125
0.485595703125
0.485595703125
0.478515625
0.474853515625
0.4677734375
0.46044921875
0.449951171875
0.439208984375
0.428466796875
0.417724609375
0.41064453125
0.406982421875
0.41064453125
0.4248046875
0.4462890625
0.478515625
0.507080078125
0.542724609375
0.578369140625
0.60693359375
0.635498046875
0.6533203125
0.660400390625
0.6640625
0.6640625
0.656982421875
0.64990234375
0.642822265625
0.635498046875
0.6318359375
0.62841796875
0.621337890625
0.61767578125
0.610595703125
0.603271484375
0.59619140625
0.58203125
0.57470703125
0.560546875
0.546142578125
0.5283203125
0.510498046875
0.5
0.489013671875
0.48193359375
0.478515625
0.489013671875
0.49267578125
0.49267578125
0.507080078125
0.5283203125
0.564208984375
0.5927734375
0.61767578125
0.63916015625
0.6533203125
0.660400390625
0.6640625
0.656982421875
0.64990234375
0.63916015625
0.624755859375
0.61767578125
0.603271484375
0.59619140625
0.585693359375
0.57470703125
0.567626953125
0.560546875
0.546142578125
0.5390625
0.52490234375
0.510498046875
0.5
0.48193359375
0.4677734375
0.4462890625
0.431884765625
0.417724609375
0.406982421875
0.406982421875
0.41064453125
0.4248046875
0.442626953125
0.47119140625
0.496337890625
0.510498046875
0.531982421875
0.542724609375
0.546142578125
0.546142578125
0.5390625
0.531982421875
0.52490234375
0.510498046875
0.50341796875
0.5
0.489013671875
0.48193359375
0.474853515625
0.4677734375
0.46044921875
0.453369140625
0.44287109375
0.431884765625
0.4248046875
0.41064453125
0.396240234375
0.3818359375
0.36767578125
0.353271484375
0.3427734375
0.335693359375
0.339111328125
0.34619140625
0.36767578125
0.392578125
0.42138671875
0.449951171875
0.474853515625
0.496337890625
0.50341796875
0.51416015625
0.51416015625
0.51416015625
0.507080078125
0.5
0.5
0.49267578125
0.485595703125
0.48193359375
0.474853515625
0.471435546875
0.4677734375
0.464111328125
0.45703125
0.453369140625
0.4462890625
0.439208984375
0.428466796875
0.417724609375
0.41064453125
0.39990234375
0.38916015625
0.385498046875
0.385498046875
0.396240234375
0.4140625
0.442626953125
0.474853515625
0.507080078125
0.5390625
0.5712890625
0.59619140625
0.61767578125
0.62841796875
0.635498046875
0.635498046875
0.62841796875
0.624755859375
0.621337890625
0.6142578125
0.610595703125
0.60693359375
0.599853515625
0.59619140625
0.5927734375
0.585693359375
0.578369140625
0.5712890625
0.560546875
0.553466796875
0.5390625
0.52490234375
0.510498046875
0.5
0.496337890625
0.485595703125
0.485595703125
0.49267578125
0.50341796875
0.5283203125
0.564208984375
0.59619140625
0.62841796875
0.656982421875
0.681884765625
0.6962890625
0.699951171875
0.699951171875
0.6962890625
0.681884765625
0.6748046875
0.660400390625
0.646240234375
0.6318359375
0.61767578125
0.603271484375
0.589111328125
0.57470703125
0.560546875
0.546142578125
0.53564453125
0.52490234375
0.510498046875
0.496337890625
0.48193359375
0.464111328125
0.4462890625
0.431884765625
0.42138671875
0.414306640625
0.417724609375
0.4248046875
0.4462890625
0.47119140625
0.496337890625
0.517578125
0.5390625
0.553466796875
0.567626953125
0.5712890625
0.567626953125
0.560546875
0.553466796875
0.542724609375
0.531982421875
0.521240234375
0.510498046875
0.50341796875
0.5
0.49267578125
0.485595703125
0.474853515625
0.4677734375
0.453369140625
0.4462890625
0.431884765625
0.417724609375
0.4033203125
0.38916015625
0.374755859375
0.360595703125
0.34619140625
0.3427734375
0.34619140625
0.360595703125
0.37841796875
0.4033203125
0.428466796875
0.45703125
0.48193359375
0.5
0.50341796875
0.507080078125
0.507080078125
0.5
0.5
0.489013671875
0.48193359375
0.471435546875
0.464111328125
0.45703125
0.449951171875
0.4462890625
0.439208984375
0.435546875
0.428466796875
0.417724609375
0.41064453125
0.39990234375
0.38916015625
0.374755859375
0.36767578125
0.353271484375
0.3427734375
0.335693359375
0.339111328125
0.353271484375
0.371337890625
0.39990234375
0.435546875
0.47119140625
0.499755859375
0.52490234375
0.53564453125
0.5390625
0.553466796875
0.567626953125
0.5712890625
0.5712890625
0.567626953125
0.564208984375
0.55712890625
0.553466796875
0.5498046875
0.542724609375
0.5390625
0.53564453125
0.531982421875
0.528564453125
0.521240234375
0.517578125
0.510498046875
0.5
0.496337890625
0.489013671875
0.474853515625
0.46044921875
0.453369140625
0.44287109375
0.44287109375
0.449951171875
0.4677734375
0.49267578125
0.521240234375
0.560546875
0.59619140625
0.62841796875
0.656982421875
0.6748046875
0.68896484375
0.692626953125
0.692626953125
0.685546875
0.678466796875
0.667724609375
0.660400390625
0.6533203125
0.642822265625
0.635498046875
0.62841796875
0.621337890625
0.610595703125
0.59619140625
0.589111328125
0.57470703125
0.560546875
0.5390625
0.52490234375
0.507080078125
0.496337890625
0.48193359375
0.4677734375
0.46044921875
0.46044921875
0.47119140625
0.489013671875
0.507080078125
0.53564453125
0.564208984375
0.589111328125
0.610595703125
0.621337890625
0.624755859375
0.621337890625
0.61767578125
0.60693359375
0.59619140625
0.58203125
0.5712890625
0.560546875
0.5498046875
0.5390625
0.531982421875
0.52490234375
0.510498046875
0.50341796875
0.496337890625
0.48193359375
0.4677734375
0.453369140625
0.439208984375
0.417724609375
0.4033203125
0.38916015625
0.374755859375
0.36767578125
0.36767578125
0.374755859375
0.392578125
0.4140625
0.442626953125
0.47119140625
0.49267578125
0.50341796875
0.517578125
0.521240234375
0.521240234375
0.51416015625
0.50341796875
0.5
0.489013671875
0.48193359375
0.474853515625
0.464111328125
0.45703125
0.449951171875
0.44287109375
0.435546875
0.428466796875
0.417724609375
0.41064453125
0.396240234375
0.38916015625
0.374755859375
0.360595703125
0.34619140625
0.33203125
0.32470703125
0.3212890625
0.32470703125
0.3427734375
0.364013671875
0.392578125
0.428466796875
0.45703125
0.485595703125
0.50341796875
0.517578125
0.52490234375
0.528564453125
0.52490234375
0.521240234375
0.51416015625
0.507080078125
0.50341796875
0.5
0.5
0.496337890625
0.49267578125
0.489013671875
0.485595703125
0.48193359375
0.474853515625
0.4677734375
0.46044921875
0.453369140625
0.439208984375
0.431884765625
0.42138671875
0.41064453125
0.406982421875
0.41064453125
0.4248046875
0.4462890625
0.474853515625
0.507080078125
0.54638671875
0.58203125
0.614013671875
0.63916015625
0.660400390625
0.667724609375
0.67138671875
0.67138671875
0.6640625
0.656982421875
0.64990234375
0.646240234375
0.642822265625
0.635498046875
0.62841796875
0.624755859375
0.61767578125
0.610595703125
0.603271484375
0.589111328125
0.578369140625
0.567626953125
0.546142578125
0.531982421875
0.517578125
0.50341796875
0.496337890625
0.485595703125
0.485595703125
0.489013671875
0.50341796875
0.5283203125
0.556884765625
0.589111328125
0.621337890625
0.646240234375
0.660400390625
0.6748046875
0.678466796875
0.6748046875
0.667724609375
0.656982421875
0.646240234375
0.6318359375
0.61767578125
0.603271484375
0.589111328125
0.57470703125
0.564208984375
0.553466796875
0.542724609375
0.531982421875
0.517578125
0.50341796875
0.496337890625
0.478515625
0.46044921875
0.442626953125
0.4248046875
0.41064453125
0.39990234375
0.392822265625
0.396240234375
0.41064453125
0.428466796875
0.453369140625
0.478515625
0.50341796875
0.52490234375
0.5390625
0.5498046875
0.5498046875
0.5498046875
0.542724609375
0.531982421875
0.521240234375
0.510498046875
0.5
0.496337890625
0.489013671875
0.478515625
0.471435546875
0.464111328125
0.453369140625
0.4462890625
0.435546875
0.4248046875
0.41064453125
0.396240234375
0.3818359375
0.36767578125
0.353271484375
0.339111328125
0.328369140625
0.328369140625
0.33203125
0.349853515625
0.371337890625
0.39990234375
0.43212890625
0.464111328125
0.485595703125
0.5
0.509521484375
0.5126953125
0.5126953125
0.509521484375
0.5
0.5
0.493408203125
0.487060546875
0.480712890625
0.47412109375
0.470947265625
0.4677734375
0.46142578125
0.4580078125
0.454833984375
0.4453125
0.438720703125
0.432373046875
0.41943359375
0.409912109375
0.400146484375
0.387451171875
0.38427734375
0.380859375
0.387451171875
0.4033203125
0.422607421875
0.454833984375
0.490234375
0.51904296875
0.55126953125
0.576904296875
0.59619140625
0.609130859375
0.615478515625
0.615478515625
0.615478515625
0.609130859375
0.60595703125
0.599365234375
0.59619140625
0.58984375
0.586669921875
0.58349609375
0.576904296875
0.576904296875
0.570556640625
0.564208984375
0.554443359375
0.548095703125
0.53515625
0.52880859375
0.515869140625
0.503173828125
0.49658203125
0.48388671875
0.480712890625
0.477294921875
0.48388671875
0.49658203125
0.51904296875
0.553466796875
0.589111328125
0.624755859375
0.656982421875
0.681884765625
0.6962890625
0.70703125
0.70703125
0.70703125
0.6962890625
0.68896484375
0.6748046875
0.660400390625
0.646240234375
0.6318359375
0.61767578125
0.603271484375
0.589111328125
0.57470703125
0.560546875
0.546142578125
0.531982421875
0.51416015625
0.5
0.485595703125
0.4677734375
0.4462890625
0.431884765625
0.417724609375
0.414306640625
0.414306640625
0.4248046875
0.442626953125
0.47119140625
0.496337890625
0.521240234375
0.546142578125
0.567626953125
0.58203125
0.585693359375
0.585693359375
0.578369140625
0.567626953125
0.553466796875
0.546142578125
0.531982421875
0.52490234375
0.51416015625
0.510498046875
0.50341796875
0.5
0.49267578125
0.48193359375
0.471435546875
0.46044921875
0.4462890625
0.431884765625
0.417724609375
0.396240234375
0.3818359375
0.36767578125
0.353271484375
0.355224609375
0.35205078125
0.355224609375
0.3681640625
0.384033203125
0.409912109375
0.435546875
0.461181640625
0.48388671875
0.5
0.50634765625
0.5126953125
0.509521484375
0.503173828125
0.5
0.490234375
0.48388671875
0.470947265625
0.464599609375
0.4580078125
0.45166015625
0.448486328125
0.442138671875
0.435546875
0.42919921875
0.41943359375
0.4130859375
0.400146484375
0.393798828125
0.380859375
0.3681640625
0.355224609375
0.348876953125
0.34228515625
0.345703125
0.355224609375
0.37451171875
0.4033203125
0.432373046875
0.4677734375
0.49658203125
0.51904296875
0.538330078125
0.554443359375
0.560791015625
0.564208984375
0.564208984375
0.5576171875
0.55126953125
0.544921875
0.54150390625
0.538330078125
0.531982421875
0.531982421875
0.52880859375
0.525634765625
0.51904296875
0.5126953125
0.50634765625
0.5
0.49658203125
0.48388671875
0.474853515625
0.46044921875
0.4462890625
0.439208984375
0.435546875
0.44287109375
0.45703125
0.48193359375
0.510498046875
0.54638671875
0.589111328125
0.624755859375
0.656982421875
0.681884765625
0.6962890625
0.70703125
0.70703125
0.703369140625
0.6962890625
0.68896484375
0.681884765625
0.67138671875
0.6640625
0.656982421875
0.646240234375
0.63916015625
0.624755859375
0.610595703125
0.59619140625
0.57470703125
0.556884765625
0.5390625
0.52490234375
0.50341796875
0.496337890625
0.474853515625
0.46044921875
0.453369140625
0.453369140625
0.46044921875
0.48193359375
0.50341796875
0.53564453125
0.564208984375
0.59619140625
0.621337890625
0.63916015625
0.646240234375
0.646240234375
0.642822265625
0.63916015625
0.62841796875
0.61767578125
0.603271484375
0.589111328125
0.578369140625
0.567626953125
0.55712890625
0.546142578125
0.5390625
0.528564453125
0.517578125
0.50341796875
0.496337890625
0.48193359375
0.4677734375
0.4462890625
0.431884765625
0.41064453125
0.396240234375
0.3818359375
0.371337890625
0.371337890625
0.374755859375
0.38916015625
0.4140625
0.442626953125
0.47119140625
0.496337890625
0.510498046875
0.52490234375
0.531982421875
0.531982421875
0.52490234375
0.517578125
0.50341796875
0.5
0.489013671875
0.478515625
0.471435546875
0.46044921875
0.453369140625
0.4462890625
0.439208984375
0.431884765625
0.42138671875
0.41064453125
0.4033203125
0.38916015625
0.374755859375
0.360595703125
0.34619140625
0.33203125
0.317626953125
0.314208984375
0.317626953125
0.33203125
0.35693359375
0.385498046875
0.417724609375
0.453369140625
0.485595703125
0.50341796875
0.517578125
0.528564453125
0.53564453125
0.528564453125
0.52490234375
0.517578125
0.510498046875
0.50341796875
0.5
0.5
0.5
0.49267578125
0.49267578125
0.485595703125
0.48193359375
0.474853515625
0.4677734375
0.46044921875
0.449951171875
0.439208984375
0.4248046875
0.414306640625
0.4033203125
0.39990234375
0.39990234375
0.41064453125
0.428466796875
0.464111328125
0.499755859375
0.531982421875
0.574951171875
0.60693359375
0.635498046875
0.656982421875
0.667724609375
0.67138671875
0.67138671875
0.667724609375
0.660400390625
0.6533203125
0.646240234375
0.642822265625
0.635498046875
0.62841796875
0.624755859375
0.61767578125
0.610595703125
0.603271484375
0.589111328125
0.58203125
0.567626953125
0.546142578125
0.531982421875
0.517578125
0.5
0.489013671875
0.48193359375
0.478515625
0.489013671875
0.5
0.521240234375
0.556884765625
0.5927734375
0.624755859375
0.656982421875
0.6748046875
0.68896484375
0.692626953125
0.692626953125
0.681884765625
0.6748046875
0.660400390625
0.63916015625
0.624755859375
0.610595703125
0.59619140625
0.58203125
0.567626953125
0.553466796875
0.5390625
0.52490234375
0.510498046875
0.5
0.489013671875
0.4677734375
0.453369140625
0.431884765625
0.4140625
0.396240234375
0.3818359375
0.37841796875
0.37841796875
0.38916015625
0.406982421875
0.435546875
0.464111328125
0.496337890625
0.51416015625
0.531982421875
0.542724609375
0.5498046875
0.542724609375
0.5390625
0.52490234375
0.517578125
0.50341796875
0.5
0.489013671875
0.48193359375
0.471435546875
0.464111328125
0.45703125
0.4462890625
0.439208984375
0.4248046875
0.41064453125
0.396240234375
0.3818359375
0.36767578125
0.353271484375
0.33203125
0.328369140625
0.317626953125
0.310546875
0.30712890625
0.317626953125
0.33203125
0.35693359375
0.38916015625
0.42138671875
0.453369140625
0.478515625
0.496337890625
0.50341796875
0.507080078125
0.507080078125
0.5
0.496337890625
0.489013671875
0.48193359375
0.471435546875
0.464111328125
0.45703125
0.453369140625
0.449951171875
0.44287109375
0.435546875
0.428466796875
0.42138671875
0.41064453125
0.4033203125
0.38916015625
0.374755859375
0.3642578125
0.353271484375
0.3427734375
0.3427734375
0.34619140625
0.360595703125
0.385498046875
0.417724609375
0.45703125
0.49267578125
0.52490234375
0.556884765625
0.57470703125
0.589111328125
0.599853515625
0.599853515625
0.5927734375
0.589111328125
0.58203125
0.57470703125
0.567626953125
0.564208984375
0.55712890625
0.553466796875
0.5498046875
0.542724609375
0.53564453125
0.528564453125
0.517578125
0.510498046875
0.5
0.489013671875
0.474853515625
0.46044921875
0.449951171875
0.439208984375
0.435546875
0.4462890625
0.46044921875
0.485595703125
0.51416015625
0.553466796875
0.5927734375
0.62841796875
0.64111328125
0.6572265625
0.6669921875
0.67333984375
0.670166015625
0.663818359375
0.654052734375
0.64453125
0.631591796875
0.625244140625
0.615478515625
0.60595703125
0.599365234375
0.58984375
0.580078125
0.570556640625
0.560791015625
0.544677734375
0.52880859375
0.515869140625
0.5
0.48388671875
0.4677734375
0.45166015625
0.438720703125
0.42919921875
0.42919921875
0.438720703125
0.45166015625
0.47412109375
0.499755859375
0.525390625
0.55126953125
0.570556640625
0.58349609375
0.58984375
0.58984375
0.58349609375
0.57373046875
0.560791015625
0.548095703125
0.54150390625
0.52880859375
0.51904296875
0.509521484375
0.503173828125
0.5
0.493408203125
0.48388671875
0.470947265625
0.464599609375
0.45166015625
0.4453125
0.432373046875
0.416259765625
0.400146484375
0.384033203125
0.3681640625
0.3583984375
0.35205078125
0.335693359375
0.34619140625
0.36767578125
0.392578125
0.4248046875
0.45703125
0.48193359375
0.5
0.507080078125
0.51416015625
0.51416015625
0.507080078125
0.5
0.496337890625
0.485595703125
0.474853515625
0.464111328125
0.45703125
0.449951171875
0.44287109375
0.435546875
0.428466796875
0.42138671875
0.41064453125
0.4033203125
0.38916015625
0.374755859375
0.360595703125
0.34619140625
0.335693359375
0.32470703125
0.314208984375
0.314208984375
0.32470703125
0.3427734375
0.371337890625
0.41064453125
0.449951171875
0.485595703125
0.507080078125
0.531982421875
0.546142578125
0.55712890625
0.55712890625
0.55712890625
0.5498046875
0.546142578125
0.5390625
0.531982421875
0.528564453125
0.521240234375
0.517578125
0.51416015625
0.51416015625
0.507080078125
0.50341796875
0.5
0.49267578125
0.48193359375
0.471435546875
0.46044921875
0.4462890625
0.431884765625
0.42138671875
0.417724609375
0.42138671875
0.431884765625
0.45703125
0.4892578125
0.521240234375
0.560546875
0.599853515625
0.635498046875
0.660400390625
0.6748046875
0.685546875
0.68896484375
0.685546875
0.678466796875
0.67138671875
0.6640625
0.6533203125
0.646240234375
0.63916015625
0.6318359375
0.624755859375
0.6142578125
0.60693359375
0.59619140625
0.58203125
0.567626953125
0.553466796875
0.531982421875
0.51416015625
0.5
0.485595703125
0.4677734375
0.45703125
0.45703125
0.46044921875
0.478515625
0.50341796875
0.5283203125
0.564208984375
0.5927734375
0.621337890625
0.624755859375
0.63916015625
0.646240234375
0.646240234375
0.642822265625
0.6318359375
0.61767578125
0.603271484375
0.589111328125
0.58203125
0.567626953125
0.55712890625
0.546142578125
0.5390625
0.528564453125
0.517578125
0.50341796875
0.496337890625
0.48193359375
0.4677734375
0.4462890625
0.428466796875
0.41064453125
0.38916015625
0.374755859375
0.3642578125
0.3642578125
0.36767578125
0.3818359375
0.39990234375
0.428466796875
0.45703125
0.485595703125
0.50341796875
0.517578125
0.52490234375
0.52490234375
0.521240234375
0.510498046875
0.5
0.496337890625
0.485595703125
0.474853515625
0.4677734375
0.45703125
0.449951171875
0.44287109375
0.435546875
0.428466796875
0.417724609375
0.41064453125
0.396240234375
0.3818359375
0.36767578125
0.353271484375
0.339111328125
0.32470703125
0.310546875
0.30712890625
0.30712890625
0.317626953125
0.33544921875
0.364013671875
0.403564453125
0.439208984375
0.47119140625
0.496337890625
0.50341796875
0.517578125
0.521240234375
0.517578125
0.510498046875
0.50341796875
0.5
0.496337890625
0.489013671875
0.485595703125
0.478515625
0.474853515625
0.471435546875
0.464111328125
0.46044921875
0.453369140625
0.4462890625
0.439208984375
0.428466796875
0.417724609375
0.4033203125
0.396240234375
0.3818359375
0.37841796875
0.37841796875
0.3818359375
0.4033203125
0.43212890625
0.4677734375
0.507080078125
0.542724609375
0.578369140625
0.60693359375
0.6318359375
0.642822265625
0.64990234375
0.64990234375
0.646240234375
0.63916015625
0.6318359375
0.624755859375
0.621337890625
0.6142578125
0.610595703125
0.603271484375
0.599853515625
0.5927734375
0.585693359375
0.578369140625
0.567626953125
0.553466796875
0.5390625
0.52490234375
0.510498046875
0.5
0.489013671875
0.478515625
0.471435546875
0.478515625
0.49267578125
0.51416015625
0.542724609375
0.578369140625
0.614013671875
0.642578125
0.667724609375
0.685546875
0.692626953125
0.692626953125
0.68896484375
0.681884765625
0.67138671875
0.660400390625
0.646240234375
0.624755859375
0.610595703125
0.59619140625
0.58203125
0.567626953125
0.560546875
0.546142578125
0.53564453125
0.521240234375
0.50341796875
0.496337890625
0.478515625
0.46044921875
0.439208984375
0.4248046875
0.4033203125
0.38916015625
0.385498046875
0.385498046875
0.396240234375
0.4140625
0.435546875
0.47119140625
0.496337890625
0.517578125
0.531982421875
0.546142578125
0.5498046875
0.546142578125
0.5390625
0.528564453125
0.517578125
0.50341796875
0.5
0.489013671875
0.478515625
0.471435546875
0.464111328125
0.453369140625
0.4462890625
0.439208984375
0.4248046875
0.417724609375
0.4033203125
0.38916015625
0.371337890625
0.353271484375
0.339111328125
0.32470703125
0.310546875
0.30712890625
0.310546875
0.32470703125
0.3427734375
0.371337890625
0.406982421875
0.435546875
0.464111328125
0.478515625
0.489013671875
0.5
0.5
0.5
0.496337890625
0.485595703125
0.474853515625
0.464111328125
0.45703125
0.449951171875
0.44287109375
0.435546875
0.431884765625
0.4248046875
0.42138671875
0.414306640625
0.406982421875
0.396240234375
0.38916015625
0.374755859375
0.36767578125
0.353271484375
0.3427734375
0.33203125
0.328369140625
0.33203125
0.349853515625
0.37841796875
0.41064453125
0.453369140625
0.49267578125
0.521240234375
0.5498046875
0.57470703125
0.589111328125
0.5927734375
0.59619140625
0.5927734375
0.589111328125
0.58203125
0.57470703125
0.5712890625
0.564208984375
0.560546875
0.55712890625
0.5498046875
0.546142578125
0.542724609375
0.53564453125
0.52490234375
0.517578125
0.50341796875
0.496337890625
0.48193359375
0.471435546875
0.46044921875
0.449951171875
0.44287109375
0.449951171875
0.4677734375
0.49267578125
0.517822265625
0.553466796875
0.59619140625
0.62841796875
0.656982421875
0.681884765625
0.692626953125
0.699951171875
0.692626953125
0.68896484375
0.678466796875
0.667724609375
0.6533203125
0.646240234375
0.635498046875
0.624755859375
0.61767578125
0.60693359375
0.59619140625
0.585693359375
0.57470703125
0.560546875
0.546142578125
0.52490234375
0.510498046875
0.496337890625
0.478515625
0.46044921875
0.4462890625
0.435546875
0.435546875
0.439208984375
0.45703125
0.478515625
0.507080078125
0.53564453125
0.564208984375
0.589111328125
0.603271484375
0.60693359375
0.60693359375
0.603271484375
0.589111328125
0.57470703125
0.564208984375
0.553466796875
0.5390625
0.528564453125
0.517578125
0.510498046875
0.5
0.5
0.489013671875
0.478515625
0.4677734375
0.453369140625
0.439208984375
0.417724609375
0.4033203125
0.3818359375
0.36767578125
0.353271484375
0.3427734375
0.335693359375
0.34619140625
0.360595703125
0.385498046875
0.4140625
0.442626953125
0.47119140625
0.49267578125
0.5
0.507080078125
0.507080078125
0.50341796875
0.5
0.489013671875
0.48193359375
0.4677734375
0.46044921875
0.449951171875
0.44287109375
0.435546875
0.428466796875
0.4248046875
0.417724609375
0.41064453125
0.39990234375
0.38916015625
0.374755859375
0.360595703125
0.34619140625
0.33203125
0.3212890625
0.310546875
0.30712890625
0.310546875
0.328369140625
0.35693359375
0.396240234375
0.43212890625
0.474853515625
0.50341796875
0.5283203125
0.546142578125
0.55712890625
0.564208984375
0.564208984375
0.55712890625
0.553466796875
0.546142578125
0.5390625
0.53564453125
0.528564453125
0.52490234375
0.521240234375
0.517578125
0.51416015625
0.507080078125
0.50341796875
0.5
0.49267578125
0.48193359375
0.471435546875
0.46044921875
0.4462890625
0.439208984375
0.431884765625
0.431884765625
0.4453125
0.464599609375
0.490234375
0.515869140625
0.554443359375
0.58642578125
0.615478515625
0.64111328125
0.6572265625
0.670166015625
0.67333984375
0.67333984375
0.6669921875
0.66064453125
0.654052734375
0.64453125
0.637939453125
0.631591796875
0.625244140625
0.61865234375
0.6123046875
0.60595703125
0.599365234375
0.586669921875
0.580078125
0.5673828125
0.560791015625
0.548095703125
0.52880859375
0.515869140625
0.5
0.490234375
0.480712890625
0.47412109375
0.480712890625
0.493408203125
0.50634765625
0.53515625
0.56396484375
0.59619140625
0.61865234375
0.637939453125
0.647705078125
0.654052734375
0.647705078125
0.641357421875
0.631591796875
0.61865234375
0.60595703125
0.599365234375
0.586669921875
0.576904296875
0.5673828125
0.560791015625
0.548095703125
0.54150390625
0.52880859375
0.515869140625
0.503173828125
0.49658203125
0.48046875
0.464599609375
0.439208984375
0.42138671875
0.4033203125
0.38916015625
0.3818359375
0.3818359375
0.38916015625
0.41064453125
0.435546875
0.464111328125
0.489013671875
0.50341796875
0.52490234375
0.531982421875
0.53564453125
0.528564453125
0.521240234375
0.510498046875
0.5
0.496337890625
0.485595703125
0.474853515625
0.464111328125
0.45703125
0.4462890625
0.439208984375
0.431884765625
0.42138671875
0.41064453125
0.4033203125
0.38916015625
0.374755859375
0.360595703125
0.3427734375
0.32470703125
0.310546875
0.303466796875
0.2998046875
0.303466796875
0.317626953125
0.3427734375
0.371337890625
0.41064453125
0.442626953125
0.47119140625
0.496337890625
0.5
0.507080078125
0.507080078125
0.5
0.5
0.49267578125
0.485595703125
0.478515625
0.471435546875
0.464111328125
0.46044921875
0.45703125
0.453369140625
0.449951171875
0.44287109375
0.435546875
0.428466796875
0.42138671875
0.41064453125
0.39990234375
0.38916015625
0.374755859375
0.36767578125
0.3642578125
0.36767578125
0.3818359375
0.406982421875
0.439208984375
0.474853515625
0.510498046875
0.54638671875
0.578369140625
0.589111328125
0.60693359375
0.621337890625
0.62841796875
0.62841796875
0.62841796875
0.621337890625
0.6142578125
0.610595703125
0.603271484375
0.599853515625
0.5927734375
0.589111328125
0.585693359375
0.578369140625
0.5712890625
0.564208984375
0.553466796875
0.546142578125
0.531982421875
0.517578125
0.50341796875
0.496337890625
0.48193359375
0.471435546875
0.464111328125
0.471435546875
0.485595703125
0.50341796875
0.531982421875
0.567626953125
0.603515625
0.635498046875
0.6640625
0.681884765625
0.68896484375
0.692626953125
0.68896484375
0.681884765625
0.67138671875
0.660400390625
0.6533203125
0.642822265625
0.6318359375
0.61767578125
0.610595703125
0.59619140625
0.58203125
0.5712890625
0.560546875
0.546142578125
0.531982421875
0.517578125
0.5
0.485595703125
0.4677734375
0.4462890625
0.431884765625
0.42138671875
0.42138671875
0.4248046875
0.442626953125
0.464111328125
0.49267578125
0.51416015625
0.542724609375
0.567626953125
0.58203125
0.5927734375
0.5927734375
0.5927734375
0.58203125
0.5712890625
0.560546875
0.5498046875
0.5390625
0.531982421875
0.52490234375
0.517578125
0.510498046875
0.50341796875
0.5
0.489013671875
0.4677734375
0.453369140625
0.431884765625
0.417724609375
0.396240234375
0.3818359375
0.364013671875
0.34619140625
0.339111328125
0.335693359375
0.3427734375
0.360595703125
0.385498046875
0.4140625
0.442626953125
0.47119140625
0.49267578125
0.5
0.507080078125
0.510498046875
0.507080078125
0.5
0.5
0.496337890625
0.485595703125
0.474853515625
0.464111328125
0.45703125
0.449951171875
0.44287109375
0.435546875
0.431884765625
0.4248046875
0.417724609375
0.41064453125
0.4033203125
0.38916015625
0.374755859375
0.3642578125
0.353271484375
0.339111328125
0.33203125
0.33203125
0.339111328125
0.35693359375
0.385498046875
0.42138671875
0.460693359375
0.49267578125
0.521240234375
0.546142578125
0.567626953125
0.578369140625
0.58203125
0.58203125
0.578369140625
0.57470703125
0.567626953125
0.564208984375
0.55712890625
0.553466796875
0.5498046875
0.546142578125
0.542724609375
0.5390625
0.53564453125
0.528564453125
0.517578125
0.510498046875
0.5
0.496337890625
0.48193359375
0.4677734375
0.45703125
0.449951171875
0.449951171875
0.46044921875
0.478515625
0.507080078125
0.5390625
0.574951171875
0.589111328125
0.621337890625
0.64990234375
0.678466796875
0.6962890625
0.703369140625
0.70703125
0.703369140625
0.6962890625
0.68896484375
0.678466796875
0.667724609375
0.660400390625
0.64990234375
0.63916015625
0.624755859375
0.610595703125
0.59619140625
0.58203125
0.564208984375
0.546142578125
0.531982421875
0.510498046875
0.5
0.48193359375
0.464111328125
0.4462890625
0.435546875
0.431884765625
0.435546875
0.449951171875
0.47119140625
0.496337890625
0.521240234375
0.553466796875
0.578369140625
0.59619140625
0.603271484375
0.60693359375
0.60693359375
0.59619140625
0.589111328125
0.57470703125
0.560546875
0.5498046875
0.5390625
0.528564453125
0.517578125
0.510498046875
0.5
0.496337890625
0.489013671875
0.474853515625
0.46044921875
0.4462890625
0.431884765625
0.417724609375
0.396240234375
0.3818359375
0.364013671875
0.353271484375
0.3427734375
0.34619140625
0.360595703125
0.37841796875
0.406982421875
0.435546875
0.46044921875
0.48388671875
0.5
0.503173828125
0.50634765625
0.503173828125
0.5
0.49658203125
0.487060546875
0.477294921875
0.4677734375
0.4580078125
0.45166015625
0.4453125
0.438720703125
0.432373046875
0.426025390625
0.41943359375
0.4130859375
0.403564453125
0.393798828125
0.380859375
0.3681640625
0.355224609375
0.34228515625
0.3359375
0.326416015625
0.326416015625
0.3359375
0.35205078125
0.377685546875
0.406494140625
0.435546875
0.4677734375
0.490234375
0.503173828125
0.515869140625
0.522216796875
0.525634765625
0.51904296875
0.515869140625
0.5126953125
0.50634765625
0.5
0.5
0.5
0.49658203125
0.493408203125
0.490234375
0.487060546875
0.480712890625
0.477294921875
0.470947265625
0.46142578125
0.45166015625
0.442138671875
0.432373046875
0.4228515625
0.416259765625
0.409912109375
0.416259765625
0.42919921875
0.454833984375
0.483642578125
0.509521484375
0.5478515625
0.580078125
0.609130859375
0.631591796875
0.64453125
0.65087890625
0.654052734375
0.65087890625
0.647705078125
0.641357421875
0.634765625
0.62841796875
0.6220703125
0.615478515625
0.609130859375
0.60595703125
0.599365234375
0.593017578125
0.58349609375
0.57373046875
0.560791015625
0.548095703125
0.53515625
0.51904296875
0.503173828125
0.49658203125
0.48388671875
0.47412109375
0.47412109375
0.48388671875
0.49658203125
0.51904296875
0.544677734375
0.576904296875
0.6025390625
0.625244140625
0.637939453125
0.647705078125
0.647705078125
0.64453125
0.637939453125
0.625244140625
0.6123046875
0.599365234375
0.593017578125
0.580078125
0.570556640625
0.560791015625
0.554443359375
0.544921875
0.53515625
0.522216796875
0.509521484375
0.5
0.490234375
0.470947265625
0.4580078125
0.438720703125
0.426025390625
0.4130859375
0.40673828125
0.400146484375
0.39697265625
0.403564453125
0.416259765625
0.435546875
0.461181640625
0.487060546875
0.503173828125
0.522216796875
0.531982421875
0.538330078125
0.538330078125
0.53515625
0.525634765625
0.515869140625
0.503173828125
0.5
0.490234375
0.480712890625
0.470947265625
0.464599609375
0.454833984375
0.448486328125
0.442138671875
0.432373046875
0.426025390625
0.4130859375
0.400146484375
0.387451171875
0.37451171875
0.361572265625
0.348876953125
0.3359375
0.332763671875
0.332763671875
0.34228515625
0.3583984375
0.377685546875
0.409912109375
0.435546875
0.464599609375
0.487060546875
0.5
0.503173828125
0.50634765625
0.50634765625
0.5
0.5
0.493408203125
0.487060546875
0.480712890625
0.47412109375
0.470947265625
0.464599609375
0.46142578125
0.454833984375
0.45166015625
0.4453125
0.435546875
0.426025390625
0.41943359375
0.40673828125
0.393798828125
0.387451171875
0.37451171875
0.371337890625
0.371337890625
0.37451171875
0.393798828125
0.41943359375
0.45166015625
0.487060546875
0.515869140625
0.544677734375
0.570556640625
0.586669921875
0.599365234375
0.602783203125
0.60595703125
0.602783203125
0.59619140625
0.593017578125
0.586669921875
0.58349609375
0.576904296875
0.576904296875
0.570556640625
0.5673828125
0.560791015625
0.5576171875
0.548095703125
0.54150390625
0.52880859375
0.515869140625
0.503173828125
0.49658203125
0.48388671875
0.470947265625
0.464599609375
0.46142578125
0.470947265625
0.487060546875
0.50634765625
0.53515625
0.567138671875
0.599365234375
0.62841796875
0.647705078125
0.663818359375
0.6669921875
0.6669921875
0.663818359375
0.654052734375
0.64453125
0.631591796875
0.625244140625
0.6123046875
0.602783203125
0.593017578125
0.586669921875
0.57373046875
0.5673828125
0.554443359375
0.54150390625
0.52880859375
0.515869140625
0.503173828125
0.490234375
0.47412109375
0.4580078125
0.438720703125
0.42919921875
0.4228515625
0.41943359375
0.426025390625
0.4453125
0.4677734375
0.493408203125
0.50634765625
0.52880859375
0.548095703125
0.554443359375
0.5576171875
0.5576171875
0.55126953125
0.54150390625
0.52880859375
0.51904296875
0.509521484375
0.5
0.49658203125
0.490234375
0.480712890625
0.470947265625
0.464599609375
0.454833984375
0.4453125
0.432373046875
0.41943359375
0.40673828125
0.393798828125
0.380859375
0.3681640625
0.361572265625
0.348876953125
0.34228515625
0.3359375
0.339111328125
0.348876953125
0.371337890625
0.390625
0.422607421875
0.448486328125
0.4677734375
0.48388671875
0.493408203125
0.5
0.49658203125
0.493408203125
0.48388671875
0.477294921875
0.4677734375
0.46142578125
0.45166015625
0.4453125
0.431884765625
0.428466796875
0.42138671875
0.414306640625
0.406982421875
0.39990234375
0.38916015625
0.3818359375
0.36767578125
0.35693359375
0.34619140625
0.33203125
0.3212890625
0.317626953125
0.3212890625
0.33544921875
0.360595703125
0.396240234375
0.43212890625
0.474853515625
0.50341796875
0.5283203125
0.5498046875
0.567626953125
0.5712890625
0.57470703125
0.5712890625
0.567626953125
0.564208984375
0.55712890625
0.5498046875
0.546142578125
0.542724609375
0.5390625
0.53564453125
0.531982421875
0.528564453125
0.521240234375
0.51416015625
0.507080078125
0.5
0.496337890625
0.48193359375
0.4677734375
0.45703125
0.4462890625
0.44287109375
0.4462890625
0.46044921875
0.485595703125
0.510498046875
0.54638671875
0.58544921875
0.621337890625
0.64990234375
0.6748046875
0.68896484375
0.692626953125
0.692626953125
0.692626953125
0.685546875
0.6748046875
0.667724609375
0.656982421875
0.64990234375
0.63916015625
0.6318359375
0.624755859375
0.6142578125
0.603271484375
0.59619140625
0.58203125
0.567626953125
0.553466796875
0.531982421875
0.51416015625
0.5
0.48193359375
0.4677734375
0.45703125
0.45703125
0.46044921875
0.478515625
0.5
0.5283203125
0.556884765625
0.58544921875
0.60693359375
0.6142578125
0.624755859375
0.6318359375
0.635498046875
0.624755859375
0.61767578125
0.603271484375
0.589111328125
0.578369140625
0.567626953125
0.553466796875
0.546142578125
0.53564453125
0.52490234375
0.517578125
0.50341796875
0.5
0.489013671875
0.474853515625
0.46044921875
0.439208984375
0.4248046875
0.4033203125
0.38916015625
0.374755859375
0.3642578125
0.3642578125
0.36767578125
0.3818359375
0.406982421875
0.428466796875
0.45703125
0.485595703125
0.5
0.510498046875
0.517578125
0.521240234375
0.51416015625
0.507080078125
0.5
0.49267578125
0.48193359375
0.471435546875
0.46044921875
0.453369140625
0.4462890625
0.439208984375
0.431884765625
0.4248046875
0.417724609375
0.406982421875
0.396240234375
0.3818359375
0.371337890625
0.360595703125
0.34619140625
0.33203125
0.3212890625
0.314208984375
0.317626953125
0.33203125
0.349853515625
0.37841796875
0.4140625
0.4462890625
0.478515625
0.496337890625
0.510498046875
0.521240234375
0.528564453125
0.528564453125
0.521240234375
0.517578125
0.507080078125
0.5
0.5
0.5
0.49267578125
0.49267578125
0.485595703125
0.485595703125
0.478515625
0.474853515625
0.4677734375
0.46044921875
0.449951171875
0.439208984375
0.431884765625
0.417724609375
0.41064453125
0.4033203125
0.4033203125
0.41064453125
0.431884765625
0.460693359375
0.49267578125
0.531982421875
0.567626953125
0.603515625
0.6318359375
0.63916015625
0.6533203125
0.667724609375
0.67138671875
0.667724609375
0.6640625
0.6533203125
0.646240234375
0.63916015625
0.6318359375
0.62841796875
0.621337890625
0.6142578125
0.610595703125
0.603271484375
0.59619140625
0.585693359375
0.57470703125
0.560546875
0.546142578125
0.5283203125
0.510498046875
0.5
0.489013671875
0.478515625
0.474853515625
0.48193359375
0.496337890625
0.51416015625
0.54638671875
0.58203125
0.614013671875
0.642578125
0.660400390625
0.6748046875
0.678466796875
0.6748046875
0.667724609375
0.6533203125
0.63916015625
0.6318359375
0.61767578125
0.603271484375
0.5927734375
0.58203125
0.57470703125
0.564208984375
0.553466796875
0.5390625
0.52490234375
0.510498046875
0.5
0.489013671875
0.4677734375
0.449951171875
0.431884765625
0.417724609375
0.4033203125
0.396240234375
0.396240234375
0.4130859375
0.42919921875
0.454833984375
0.48046875
0.5
0.515869140625
0.53515625
0.54150390625
0.544921875
0.54150390625
0.53515625
0.525634765625
0.515869140625
0.503173828125
0.5
0.490234375
0.48388671875
0.47412109375
0.4677734375
0.4580078125
0.45166015625
0.4453125
0.435546875
0.426025390625
0.4130859375
0.400146484375
0.387451171875
0.37451171875
0.355224609375
0.34228515625
0.3359375
0.332763671875
0.3359375
0.348876953125
0.3681640625
0.393798828125
0.422607421875
0.448486328125
0.47412109375
0.490234375
0.5
0.5
0.5
0.5
0.493408203125
0.487060546875
0.477294921875
0.470947265625
0.464599609375
0.4580078125
0.454833984375
0.448486328125
0.4453125
0.442138671875
0.435546875
0.42919921875
0.4228515625
0.4130859375
0.40673828125
0.393798828125
0.387451171875
0.37451171875
0.3681640625
0.364990234375
0.3681640625
0.380859375
0.4033203125
0.432373046875
0.46435546875
0.49658203125
0.525390625
0.5576171875
0.576904296875
0.593017578125
0.599365234375
0.602783203125
0.599365234375
0.59619140625
0.58984375
0.586669921875
0.58349609375
0.576904296875
0.57373046875
0.570556640625
0.5673828125
0.564208984375
0.5576171875
0.55126953125
0.544921875
0.53515625
0.525634765625
0.515869140625
0.503173828125
0.49658203125
0.48388671875
0.47412109375
0.47412109375
0.47412109375
0.487060546875
0.503173828125
0.528564453125
0.560791015625
0.593017578125
0.621826171875
0.647705078125
0.6669921875
0.679931640625
0.679931640625
0.679931640625
0.67333984375
0.663818359375
0.65087890625
0.64453125
0.631591796875
0.625244140625
0.615478515625
0.60595703125
0.599365234375
0.593017578125
0.58349609375
0.57373046875
0.560791015625
0.548095703125
0.53515625
0.51904296875
0.503173828125
0.490234375
0.47412109375
0.4580078125
0.4453125
0.435546875
0.435546875
0.438720703125
0.454833984375
0.47412109375
0.49658203125
0.51904296875
0.544677734375
0.560791015625
0.57373046875
0.580078125
0.576904296875
0.57373046875
0.564208984375
0.554443359375
0.54150390625
0.52880859375
0.522216796875
0.5126953125
0.503173828125
0.5
0.493408203125
0.48388671875
0.477294921875
0.4677734375
0.4580078125
0.4453125
0.432373046875
0.41943359375
0.4033203125
0.387451171875
0.37451171875
0.361572265625
0.35205078125
0.35205078125
0.355224609375
0.37451171875
0.39697265625
0.422607421875
0.448486328125
0.470947265625
0.490234375
0.5
0.503173828125
0.50634765625
0.5
0.5
0.490234375
0.480712890625
0.470947265625
0.464599609375
0.454833984375
0.448486328125
0.442138671875
0.431884765625
0.4248046875
0.42138671875
0.41064453125
0.4033203125
0.396240234375
0.3818359375
0.371337890625
0.36767578125
0.360595703125
0.34619140625
0.335693359375
0.328369140625
0.328369140625
0.33203125
0.353271484375
0.37841796875
0.417724609375
0.453369140625
0.4892578125
0.51416015625
0.53564453125
0.553466796875
0.564208984375
0.564208984375
0.564208984375
0.560546875
0.553466796875
0.5498046875
0.542724609375
0.5390625
0.53564453125
0.528564453125
0.528564453125
0.52490234375
0.521240234375
0.517578125
0.510498046875
0.50341796875
0.5
0.489013671875
0.48193359375
0.4677734375
0.453369140625
0.4462890625
0.44287109375
0.44287109375
0.453369140625
0.478515625
0.50341796875
0.5390625
0.578369140625
0.614013671875
0.64990234375
0.6748046875
0.68896484375
0.699951171875
0.699951171875
0.6962890625
0.68896484375
0.681884765625
0.67138671875
0.6640625
0.6533203125
0.646240234375
0.63916015625
0.6318359375
0.621337890625
0.610595703125
0.603271484375
0.589111328125
0.57470703125
0.560546875
0.5390625
0.521240234375
0.50341796875
0.489013671875
0.474853515625
0.464111328125
0.45703125
0.464111328125
0.478515625
0.496337890625
0.52490234375
0.556884765625
0.58544921875
0.610595703125
0.62841796875
0.63916015625
0.642822265625
0.635498046875
0.624755859375
0.61767578125
0.603271484375
0.589111328125
0.57470703125
0.564208984375
0.553466796875
0.546142578125
0.531982421875
0.52490234375
0.51416015625
0.50341796875
0.496337890625
0.48193359375
0.4677734375
0.4462890625
0.431884765625
0.41064453125
0.396240234375
0.3818359375
0.36767578125
0.3642578125
0.3642578125
0.374755859375
0.392578125
0.417724609375
0.442626953125
0.47119140625
0.496337890625
0.50341796875
0.51416015625
0.51416015625
0.51416015625
0.50634765625
0.5
0.493408203125
0.48388671875
0.47412109375
0.464599609375
0.4580078125
0.448486328125
0.442138671875
0.435546875
0.42919921875
0.4228515625
0.4130859375
0.40673828125
0.393798828125
0.380859375
0.37451171875
0.3583984375
0.345703125
0.3359375
0.32958984375
0.326416015625
0.3359375
0.35205078125
0.377685546875
0.4033203125
0.432373046875
0.461181640625
0.48388671875
0.5
0.50634765625
0.5126953125
0.5126953125
0.50634765625
0.5
0.5
0.49658203125
0.490234375
0.48388671875
0.480712890625
0.47412109375
0.47412109375
0.4677734375
0.4677734375
0.46142578125
0.4580078125
0.45166015625
0.442138671875
0.432373046875
0.4228515625
0.4130859375
0.403564453125
0.403564453125
0.39697265625
0.39697265625
0.40673828125
0.41943359375
0.445068359375
0.477294921875
0.50634765625
0.54150390625
0.57373046875
0.599365234375
0.61865234375
0.631591796875
0.637939453125
0.641357421875
0.634765625
0.631591796875
0.625244140625
0.61865234375
0.615478515625
0.609130859375
0.602783203125
0.599365234375
0.59619140625
0.58984375
0.58349609375
0.57373046875
0.564208984375
0.554443359375
0.54150390625
0.52880859375
0.5126953125
0.5
0.490234375
0.48388671875
0.477294921875
0.480712890625
0.493408203125
0.50634765625
0.531982421875
0.56396484375
0.593017578125
0.61865234375
0.637939453125
0.654052734375
0.66064453125
0.66064453125
0.6572265625
0.64453125
0.634765625
0.625244140625
0.6123046875
0.599365234375
0.593017578125
0.58349609375
0.57373046875
0.564208984375
0.554443359375
0.548095703125
0.53515625
0.522216796875
0.509521484375
0.49658203125
0.48388671875
0.464599609375
0.448486328125
0.432373046875
0.41943359375
0.409912109375
0.409912109375
0.4130859375
0.42919921875
0.45166015625
0.47412109375
0.49658203125
0.515869140625
0.52880859375
0.54150390625
0.544921875
0.544921875
0.538330078125
0.538330078125
0.52880859375
0.515869140625
0.509521484375
0.5
0.493408203125
0.48388671875
0.477294921875
0.470947265625
0.464599609375
0.454833984375
0.4453125
0.438720703125
0.426025390625
0.416259765625
0.40673828125
0.387451171875
0.37451171875
0.361572265625
0.348876953125
0.339111328125
0.332763671875
0.3359375
0.348876953125
0.3681640625
0.390625
0.416259765625
0.448486328125
0.4677734375
0.487060546875
0.5
0.5
0.5
0.5
0.493408203125
0.487060546875
0.477294921875
0.470947265625
0.464599609375
0.4580078125
0.45166015625
0.448486328125
0.442138671875
0.438720703125
0.435546875
0.42919921875
0.4228515625
0.4130859375
0.40673828125
0.393798828125
0.38427734375
0.37451171875
0.3681640625
0.364990234375
0.364990234375
0.37451171875
0.39697265625
0.422607421875
0.454833984375
0.490234375
0.515869140625
0.544677734375
0.5673828125
0.580078125
0.593017578125
0.59619140625
0.593017578125
0.58984375
0.58349609375
0.580078125
0.576904296875
0.570556640625
0.5673828125
0.564208984375
0.564208984375
0.5576171875
0.554443359375
0.548095703125
0.54150390625
0.53515625
0.525634765625
0.515869140625
0.503173828125
0.49658203125
0.48388671875
0.477294921875
0.47412109375
0.47412109375
0.487060546875
0.503173828125
0.528564453125
0.560791015625
0.593017578125
0.621826171875
0.65087890625
0.670166015625
0.68310546875
0.686279296875
0.686279296875
0.679931640625
0.670166015625
0.663818359375
0.65087890625
0.641357421875
0.631591796875
0.6220703125
0.6123046875
0.60595703125
0.599365234375
0.586669921875
0.57373046875
0.560791015625
0.548095703125
0.53515625
0.515869140625
0.50341796875
0.489013671875
0.47119140625
0.453369140625
0.4462890625
0.44287109375
0.4462890625
0.46044921875
0.48193359375
0.50341796875
0.53564453125
0.560546875
0.58203125
0.59619140625
0.60693359375
0.60693359375
0.603271484375
0.5927734375
0.58203125
0.567626953125
0.553466796875
0.546142578125
0.531982421875
0.521240234375
0.510498046875
0.50341796875
0.5
0.489013671875
0.48193359375
0.4677734375
0.453369140625
0.439208984375
0.4248046875
0.41064453125
0.38916015625
0.374755859375
0.360595703125
0.34619140625
0.3427734375
0.349853515625
0.360595703125
0.385498046875
0.4140625
0.442626953125
0.4677734375
0.489013671875
0.5
0.507080078125
0.507080078125
0.507080078125
0.5
0.496337890625
0.485595703125
0.474853515625
0.464111328125
0.45703125
0.449951171875
0.44287109375
0.435546875
0.428466796875
0.42138671875
0.414306640625
0.406982421875
0.396240234375
0.3818359375
0.374755859375
0.360595703125
0.34619140625
0.33203125
0.3212890625
0.314208984375
0.3212890625
0.33203125
0.35693359375
0.371337890625
0.403564453125
0.4462890625
0.478515625
0.507080078125
0.5283203125
0.546142578125
0.55712890625
0.564208984375
0.564208984375
0.55712890625
0.5498046875
0.542724609375
0.5390625
0.531982421875
0.528564453125
0.521240234375
0.521240234375
0.51416015625
0.51416015625
0.507080078125
0.50341796875
0.5
0.49267578125
0.48193359375
0.471435546875
0.46044921875
0.4462890625
0.435546875
0.428466796875
0.428466796875
0.439208984375
0.45703125
0.485595703125
0.517822265625
0.553466796875
0.5927734375
0.62841796875
0.6533203125
0.6748046875
0.685546875
0.685546875
0.685546875
0.681884765625
0.6748046875
0.667724609375
0.656982421875
0.64990234375
0.642822265625
0.635498046875
0.6318359375
0.621337890625
0.6142578125
0.603271484375
0.589111328125
0.57470703125
0.560546875
0.542724609375
0.52490234375
0.507080078125
0.496337890625
0.48193359375
0.4677734375
0.464111328125
0.4677734375
0.48193359375
0.496337890625
0.521240234375
0.556884765625
0.58544921875
0.614013671875
0.6318359375
0.646240234375
0.64990234375
0.64990234375
0.63916015625
0.6318359375
0.61767578125
0.603271484375
0.589111328125
0.58203125
0.567626953125
0.560546875
0.546142578125
0.5390625
0.52490234375
0.517578125
0.50341796875
0.496337890625
0.48193359375
0.46044921875
0.4462890625
0.4248046875
0.41064453125
0.38916015625
0.37841796875
0.371337890625
0.371337890625
0.37841796875
0.396240234375
0.42138671875
0.4462890625
0.47119140625
0.496337890625
0.50341796875
0.517578125
0.521240234375
0.517578125
0.510498046875
0.5
0.496337890625
0.485595703125
0.474853515625
0.464111328125
0.45703125
0.4462890625
0.439208984375
0.431884765625
0.428466796875
0.4248046875
0.417724609375
0.41064453125
0.396240234375
0.385498046875
0.374755859375
0.360595703125
0.3427734375
0.32470703125
0.317626953125
0.30712890625
0.30712890625
0.310546875
0.328369140625
0.35693359375
0.38916015625
0.4248046875
0.45703125
0.485595703125
0.5
0.510498046875
0.51416015625
0.51416015625
0.510498046875
0.50341796875
0.5
0.496337890625
0.489013671875
0.48193359375
0.478515625
0.471435546875
0.4677734375
0.464111328125
0.46044921875
0.45703125
0.449951171875
0.44287109375
0.431884765625
0.4248046875
0.41064453125
0.4033203125
0.38916015625
0.3818359375
0.37841796875
0.385498046875
0.39990234375
0.428466796875
0.460693359375
0.49267578125
0.5283203125
0.564208984375
0.5927734375
0.61767578125
0.6318359375
0.63916015625
0.642822265625
0.63916015625
0.6318359375
0.62841796875
0.621337890625
0.6142578125
0.60693359375
0.603271484375
0.59619140625
0.5927734375
0.585693359375
0.578369140625
0.5712890625
0.560546875
0.5498046875
0.5390625
0.52490234375
0.510498046875
0.5
0.489013671875
0.47314453125
0.471435546875
0.474853515625
0.49267578125
0.510498046875
0.542724609375
0.578369140625
0.6123046875
0.642578125
0.66943359375
0.676513671875
0.673095703125
0.6640625
0.6533203125
0.63916015625
0.624755859375
0.61767578125
0.603271484375
0.5927734375
0.58203125
0.57470703125
0.560546875
0.553466796875
0.5390625
0.52490234375
0.510498046875
0.496337890625
0.48193359375
0.46044921875
0.4462890625
0.4248046875
0.41064453125
0.39990234375
0.39990234375
0.4033203125
0.417724609375
0.439208984375
0.464111328125
0.49267578125
0.510498046875
0.52880859375
0.538330078125
0.544921875
0.544921875
0.538330078125
0.52880859375
0.522216796875
0.509521484375
0.5
0.49658203125
0.493408203125
0.487060546875
0.477294921875
0.470947265625
0.464599609375
0.454833984375
0.4453125
0.438720703125
0.42919921875
0.41943359375
0.40673828125
0.393798828125
0.380859375
0.361572265625
0.348876953125
0.339111328125
0.332763671875
0.332763671875
0.34228515625
0.3583984375
0.377685546875
0.4033203125
0.432373046875
0.454833984375
0.47412109375
0.487060546875
0.493408203125
0.493408203125
0.490234375
0.48388671875
0.477294921875
0.470947265625
0.46142578125
0.45166015625
0.4453125
0.442138671875
0.435546875
0.432373046875
0.42919921875
0.4228515625
0.416259765625
0.409912109375
0.400146484375
0.393798828125
0.380859375
0.37451171875
0.361572265625
0.355224609375
0.348876953125
0.35205078125
0.3583984375
0.377685546875
0.400146484375
0.432373046875
0.46435546875
0.493408203125
0.51904296875
0.54150390625
0.554443359375
0.5673828125
0.570556640625
0.570556640625
0.5673828125
0.564208984375
0.5576171875
0.55126953125
0.548095703125
0.544921875
0.54150390625
0.538330078125
0.53515625
0.531982421875
0.525634765625
0.51904296875
0.5126953125
0.503173828125
0.5
0.490234375
0.477294921875
0.4677734375
0.4580078125
0.454833984375
0.454833984375
0.464599609375
0.48388671875
0.50634765625
0.53515625
0.570556640625
0.6025390625
0.62841796875
0.65087890625
0.663818359375
0.67333984375
0.67333984375
0.670166015625
0.663818359375
0.6572265625
0.64453125
0.637939453125
0.62841796875
0.6220703125
0.6123046875
0.60595703125
0.599365234375
0.586669921875
0.580078125
0.5673828125
0.554443359375
0.538330078125
0.522216796875
0.50634765625
0.49658203125
0.477294921875
0.464599609375
0.449951171875
0.44287109375
0.4462890625
0.46044921875
0.478515625
0.50341796875
0.5283203125
0.556884765625
0.578369140625
0.59619140625
0.60693359375
0.60693359375
0.60693359375
0.599853515625
0.599853515625
0.589111328125
0.58203125
0.567626953125
0.553466796875
0.546142578125
0.531982421875
0.521240234375
0.510498046875
0.50341796875
0.5
0.489013671875
0.478515625
0.4677734375
0.453369140625
0.439208984375
0.4248046875
0.4033203125
0.38916015625
0.371337890625
0.35693359375
0.349853515625
0.34619140625
0.353271484375
0.36767578125
0.38916015625
0.4140625
0.442626953125
0.47119140625
0.489013671875
0.5
0.507080078125
0.507080078125
0.507080078125
0.5
0.496337890625
0.485595703125
0.474853515625
0.464111328125
0.45703125
0.4462890625
0.439208984375
0.435546875
0.428466796875
0.42138671875
0.414306640625
0.4033203125
0.396240234375
0.3818359375
0.36767578125
0.360595703125
0.34619140625
0.33203125
0.3212890625
0.314208984375
0.3212890625
0.33203125
0.35693359375
0.38916015625
0.4248046875
0.464111328125
0.49267578125
0.510498046875
0.52490234375
0.5390625
0.542724609375
0.542724609375
0.5390625
0.53564453125
0.528564453125
0.521240234375
0.517578125
0.510498046875
0.507080078125
0.5
0.5
0.5
0.496337890625
0.49267578125
0.485595703125
0.474853515625
0.4677734375
0.453369140625
0.4462890625
0.431884765625
0.4248046875
0.417724609375
0.417724609375
0.4248046875
0.442626953125
0.47119140625
0.507080078125
0.5390625
0.578369140625
0.614013671875
0.642578125
0.660400390625
0.6748046875
0.681884765625
0.681884765625
0.678466796875
0.67138671875
0.6640625
0.656982421875
0.64990234375
0.642822265625
0.635498046875
0.62841796875
0.621337890625
0.6142578125
0.60693359375
0.59619140625
0.58203125
0.567626953125
0.553466796875
0.5390625
0.517578125
0.50341796875
0.496337890625
0.48193359375
0.478515625
0.478515625
0.489013671875
0.507080078125
0.53564453125
0.564208984375
0.59619140625
0.621337890625
0.642578125
0.656982421875
0.660400390625
0.656982421875
0.6533203125
0.63916015625
0.6318359375
0.61767578125
0.603271484375
0.589111328125
0.58203125
0.567626953125
0.560546875
0.5498046875
0.5390625
0.528564453125
0.517578125
0.50341796875
0.496337890625
0.474853515625
0.46044921875
0.439208984375
0.4248046875
0.4033203125
0.38916015625
0.3818359375
0.37841796875
0.38916015625
0.406982421875
0.428466796875
0.45703125
0.485595703125
0.50341796875
0.517578125
0.528564453125
0.53564453125
0.53564453125
0.528564453125
0.52490234375
0.510498046875
0.50341796875
0.496337890625
0.489013671875
0.474853515625
0.4677734375
0.46044921875
0.449951171875
0.44287109375
0.431884765625
0.4248046875
0.417724609375
0.4033203125
0.396240234375
0.3818359375
0.36767578125
0.349853515625
0.33203125
0.3212890625
0.310546875
0.30712890625
0.314208984375
0.328369140625
0.349853515625
0.37841796875
0.406982421875
0.442626953125
0.4677734375
0.489013671875
0.5
0.5
0.50341796875
0.5
0.5
0.49267578125
0.485595703125
0.478515625
0.471435546875
0.464111328125
0.46044921875
0.45703125
0.449951171875
0.4462890625
0.44287109375
0.435546875
0.428466796875
0.42138671875
0.41064453125
0.39990234375
0.38916015625
0.37841796875
0.371337890625
0.3642578125
0.374755859375
0.385498046875
0.4140625
0.4462890625
0.48193359375
0.51416015625
0.5498046875
0.564208984375
0.567626953125
0.5927734375
0.610595703125
0.624755859375
0.62841796875
0.62841796875
0.62841796875
0.621337890625
0.6142578125
0.60693359375
0.603271484375
0.59619140625
0.5927734375
0.585693359375
0.578369140625
0.57470703125
0.567626953125
0.560546875
0.5498046875
0.5390625
0.52490234375
0.510498046875
0.5
0.489013671875
0.48193359375
0.471435546875
0.464111328125
0.474853515625
0.489013671875
0.507080078125
0.5390625
0.574951171875
0.60693359375
0.635498046875
0.660400390625
0.678466796875
0.685546875
0.685546875
0.681884765625
0.6748046875
0.660400390625
0.64990234375
0.63916015625
0.624755859375
0.61767578125
0.60693359375
0.59619140625
0.585693359375
0.57470703125
0.564208984375
0.553466796875
0.5390625
0.521240234375
0.50341796875
0.49267578125
0.47119140625
0.453369140625
0.435546875
0.417724609375
0.414306640625
0.414306640625
0.417724609375
0.435546875
0.46044921875
0.485595703125
0.507080078125
0.531982421875
0.553466796875
0.560546875
0.567626953125
0.564208984375
0.560546875
0.5498046875
0.5390625
0.52490234375
0.51416015625
0.50341796875
0.496337890625
0.489013671875
0.48193359375
0.471435546875
0.464111328125
0.453369140625
0.4462890625
0.431884765625
0.417724609375
0.4033203125
0.38916015625
0.371337890625
0.353271484375
0.339111328125
0.328369140625
0.3212890625
0.3212890625
0.33203125
0.349853515625
0.374755859375
0.406982421875
0.435546875
0.46044921875
0.48193359375
0.496337890625
0.5
0.5
0.496337890625
0.485595703125
0.474853515625
0.4677734375
0.45703125
0.4462890625
0.439208984375
0.435546875
0.428466796875
0.42138671875
0.417724609375
0.41064453125
0.4033203125
0.396240234375
0.38916015625
0.374755859375
0.36767578125
0.353271484375
0.339111328125
0.33203125
0.32470703125
0.32470703125
0.33544921875
0.360595703125
0.392578125
0.43212890625
0.4677734375
0.50341796875
0.5283203125
0.553466796875
0.57470703125
0.58203125
0.585693359375
0.585693359375
0.578369140625
0.57470703125
0.567626953125
0.564208984375
0.55712890625
0.553466796875
0.5498046875
0.542724609375
0.542724609375
0.53564453125
0.531982421875
0.52490234375
0.517578125
0.507080078125
0.5
0.489013671875
0.474853515625
0.4677734375
0.45703125
0.449951171875
0.449951171875
0.46044921875
0.485595703125
0.507080078125
0.542724609375
0.58203125
0.61767578125
0.64990234375
0.6748046875
0.68896484375
0.6962890625
0.699951171875
0.6962890625
0.68896484375
0.681884765625
0.67138671875
0.660400390625
0.64990234375
0.63916015625
0.6318359375
0.621337890625
0.6142578125
0.603271484375
0.589111328125
0.57470703125
0.560546875
0.546142578125
0.5283203125
0.510498046875
0.496337890625
0.48193359375
0.46044921875
0.453369140625
0.449951171875
0.453369140625
0.4677734375
0.485595703125
0.507080078125
0.5390625
0.567626953125
0.5927734375
0.610595703125
0.61767578125
0.621337890625
0.6142578125
0.603271484375
0.59619140625
0.58203125
0.567626953125
0.553466796875
0.546142578125
0.531982421875
0.52490234375
0.51416015625
0.50341796875
0.5
0.489013671875
0.48193359375
0.4677734375
0.453369140625
0.435546875
0.417724609375
0.39990234375
0.3818359375
0.36767578125
0.353271484375
0.349853515625
0.353271484375
0.364013671875
0.385498046875
0.4140625
0.442626953125
0.4677734375
0.489013671875
0.5
0.510498046875
0.51416015625
0.510498046875
0.50341796875
0.496337890625
0.489013671875
0.474853515625
0.464111328125
0.453369140625
0.4462890625
0.439208984375
0.431884765625
0.4248046875
0.417724609375
0.41064453125
0.4033203125
0.38916015625
0.3818359375
0.36767578125
0.353271484375
0.339111328125
0.32470703125
0.314208984375
0.30712890625
0.30712890625
0.317626953125
0.339111328125
0.371337890625
0.406982421875
0.4462890625
0.478515625
0.50341796875
0.517578125
0.531982421875
0.5390625
0.5390625
0.53564453125
0.528564453125
0.521240234375
0.51416015625
0.507080078125
0.50341796875
0.5
0.5
0.5
0.49267578125
0.49267578125
0.485595703125
0.48193359375
0.474853515625
0.464111328125
0.453369140625
0.44287109375
0.431884765625
0.42138671875
0.414306640625
0.41064453125
0.417724609375
0.431884765625
0.45703125
0.49267578125
0.52490234375
0.564208984375
0.599853515625
0.62841796875
0.6533203125
0.667724609375
0.67138671875
0.678466796875
0.67138671875
0.6640625
0.656982421875
0.64990234375
0.642822265625
0.6318359375
0.62841796875
0.621337890625
0.6142578125
0.60693359375
0.599853515625
0.5927734375
0.58203125
0.567626953125
0.553466796875
0.5390625
0.521240234375
0.50341796875
0.496337890625
0.48193359375
0.471435546875
0.474853515625
0.489013671875
0.50341796875
0.5283203125
0.560546875
0.5927734375
0.621337890625
0.646240234375
0.660400390625
0.67138671875
0.67138671875
0.6640625
0.6533203125
0.63916015625
0.624755859375
0.610595703125
0.603271484375
0.589111328125
0.578369140625
0.567626953125
0.560546875
0.5498046875
0.5390625
0.52490234375
0.510498046875
0.5
0.489013671875
0.47119140625
0.453369140625
0.431884765625
0.41064453125
0.396240234375
0.385498046875
0.385498046875
0.38916015625
0.4033203125
0.4248046875
0.449951171875
0.478515625
0.5
0.517578125
0.528564453125
0.53564453125
0.53564453125
0.528564453125
0.517578125
0.507080078125
0.5
0.489013671875
0.478515625
0.4677734375
0.46044921875
0.449951171875
0.44287109375
0.435546875
0.428466796875
0.42138671875
0.41064453125
0.396240234375
0.38916015625
0.374755859375
0.35693359375
0.339111328125
0.32470703125
0.314208984375
0.30712890625
0.30712890625
0.317626953125
0.33544921875
0.364013671875
0.392578125
0.42138671875
0.449951171875
0.474853515625
0.489013671875
0.49267578125
0.5
0.5
0.5
0.49267578125
0.48193359375
0.474853515625
0.4677734375
0.45703125
0.449951171875
0.44287109375
0.439208984375
0.435546875
0.431884765625
0.428466796875
0.42138671875
0.417724609375
0.41064453125
0.39990234375
0.38916015625
0.37841796875
0.36767578125
0.35693359375
0.353271484375
0.35693359375
0.36767578125
0.385498046875
0.417724609375
0.453369140625
0.4892578125
0.521240234375
0.556884765625
0.578369140625
0.59619140625
0.60693359375
0.6142578125
0.610595703125
0.60693359375
0.599853515625
0.5927734375
0.589111328125
0.585693359375
0.578369140625
0.57470703125
0.5712890625
0.564208984375
0.560546875
0.553466796875
0.546142578125
0.5390625
0.52490234375
0.51416015625
0.50341796875
0.496337890625
0.48193359375
0.471435546875
0.464111328125
0.464111328125
0.474853515625
0.496337890625
0.517822265625
0.5498046875
0.58544921875
0.621337890625
0.64990234375
0.667724609375
0.681884765625
0.685546875
0.685546875
0.681884765625
0.6748046875
0.660400390625
0.6533203125
0.63916015625
0.624755859375
0.61767578125
0.603271484375
0.59619140625
0.585693359375
0.57470703125
0.564208984375
0.553466796875
0.5390625
0.52490234375
0.510498046875
0.496337890625
0.48193359375
0.46044921875
0.442626953125
0.4248046875
0.417724609375
0.414306640625
0.417724609375
0.431884765625
0.449951171875
0.478515625
0.50341796875
0.52490234375
0.546142578125
0.55712890625
0.564208984375
0.564208984375
0.560546875
0.5498046875
0.5390625
0.52490234375
0.517578125
0.50341796875
0.5
0.489013671875
0.48193359375
0.471435546875
0.464111328125
0.453369140625
0.4462890625
0.431884765625
0.4248046875
0.41064453125
0.396240234375
0.37841796875
0.360595703125
0.34619140625
0.33203125
0.3212890625
0.3212890625
0.32470703125
0.339111328125
0.364013671875
0.392578125
0.42138671875
0.4462890625
0.4677734375
0.48193359375
0.49267578125
0.49267578125
0.489013671875
0.48193359375
0.474853515625
0.464111328125
0.453369140625
0.4462890625
0.439208984375
0.431884765625
0.4248046875
0.417724609375
0.414306640625
0.406982421875
0.39990234375
0.392822265625
0.385498046875
0.374755859375
0.36767578125
0.353271484375
0.339111328125
0.328369140625
0.3212890625
0.314208984375
0.32470703125
0.3427734375
0.371337890625
0.41064453125
0.4462890625
0.485595703125
0.51416015625
0.531982421875
0.548095703125
0.560791015625
0.5673828125
0.570556640625
0.564208984375
0.560791015625
0.554443359375
0.548095703125
0.544921875
0.538330078125
0.53515625
0.531982421875
0.531982421875
0.525634765625
0.522216796875
0.51904296875
0.5126953125
0.503173828125
0.5
0.493408203125
0.48388671875
0.470947265625
0.464599609375
0.454833984375
0.454833984375
0.464599609375
0.477294921875
0.499755859375
0.525390625
0.560791015625
0.593017578125
0.621826171875
0.64453125
0.663818359375
0.67333984375
0.679931640625
0.676513671875
0.670166015625
0.663818359375
0.654052734375
0.64453125
0.637939453125
0.631591796875
0.625244140625
0.61865234375
0.609130859375
0.599365234375
0.593017578125
0.580078125
0.5673828125
0.554443359375
0.54150390625
0.52880859375
0.509521484375
0.49658203125
0.48388671875
0.470947265625
0.4677734375
0.4677734375
0.477294921875
0.493408203125
0.5126953125
0.538330078125
0.56396484375
0.58984375
0.60595703125
0.615478515625
0.61865234375
0.615478515625
0.609130859375
0.599365234375
0.58984375
0.580078125
0.5673828125
0.554443359375
0.548095703125
0.538330078125
0.52880859375
0.522216796875
0.5126953125
0.503173828125
0.5
0.490234375
0.477294921875
0.461181640625
0.4453125
0.432373046875
0.4130859375
0.400146484375
0.387451171875
0.380859375
0.377685546875
0.387451171875
0.400146484375
0.422607421875
0.44189453125
0.4677734375
0.490234375
0.503173828125
0.5126953125
0.51904296875
0.515869140625
0.509521484375
0.503173828125
0.49658203125
0.487060546875
0.477294921875
0.470947265625
0.46142578125
0.45166015625
0.4453125
0.438720703125
0.432373046875
0.432373046875
0.426025390625
0.41943359375
0.4130859375
0.400146484375
0.393798828125
0.380859375
0.3681640625
0.355224609375
0.345703125
0.3212890625
0.3212890625
0.32470703125
0.339111328125
0.364013671875
0.392578125
0.4248046875
0.45703125
0.48193359375
0.5
0.510498046875
0.517578125
0.521240234375
0.517578125
0.51416015625
0.507080078125
0.5
0.5
0.496337890625
0.49267578125
0.485595703125
0.485595703125
0.478515625
0.478515625
0.471435546875
0.471435546875
0.464111328125
0.45703125
0.449951171875
0.439208984375
0.428466796875
0.417724609375
0.406982421875
0.406982421875
0.41064453125
0.4248046875
0.449951171875
0.48193359375
0.517822265625
0.553466796875
0.5927734375
0.621337890625
0.64990234375
0.667724609375
0.6748046875
0.678466796875
0.678466796875
0.67138671875
0.667724609375
0.660400390625
0.6533203125
0.64990234375
0.642822265625
0.635498046875
0.6318359375
0.62841796875
0.621337890625
0.6142578125
0.603271484375
0.5927734375
0.58203125
0.567626953125
0.553466796875
0.531982421875
0.517578125
0.50341796875
0.5
0.5
0.50341796875
0.521240234375
0.5498046875
0.578369140625
0.614013671875
0.642578125
0.667724609375
0.681884765625
0.692626953125
0.6962890625
0.692626953125
0.681884765625
0.667724609375
0.646240234375
0.6318359375
0.614013671875
0.59619140625
0.58203125
0.57470703125
0.560546875
0.546142578125
0.5390625
0.52490234375
0.510498046875
0.50341796875
0.49267578125
0.474853515625
0.46044921875
0.442626953125
0.4248046875
0.41064453125
0.39990234375
0.39990234375
0.39990234375
0.41064453125
0.431884765625
0.45703125
0.485595703125
0.507080078125
0.52490234375
0.5390625
0.5498046875
0.5498046875
0.546142578125
0.5390625
0.528564453125
0.517578125
0.507080078125
0.5
0.496337890625
0.485595703125
0.478515625
0.471435546875
0.464111328125
0.46044921875
0.453369140625
0.4462890625
0.435546875
0.4248046875
0.41064453125
0.396240234375
0.3818359375
0.36767578125
0.35693359375
0.34619140625
0.335693359375
0.339111328125
0.34619140625
0.364013671875
0.38916015625
0.417724609375
0.449951171875
0.47119140625
0.496337890625
0.50341796875
0.510498046875
0.51416015625
0.51416015625
0.507080078125
0.5
0.5
0.489013671875
0.489013671875
0.48193359375
0.474853515625
0.4677734375
0.464111328125
0.46044921875
0.45703125
0.449951171875
0.4462890625
0.439208984375
0.431884765625
0.42138671875
0.41064453125
0.39990234375
0.38916015625
0.37841796875
0.371337890625
0.374755859375
0.3818359375
0.4033203125
0.43212890625
0.4677734375
0.499755859375
0.531982421875
0.564208984375
0.589111328125
0.603271484375
0.6142578125
0.621337890625
0.621337890625
0.6142578125
0.610595703125
0.60693359375
0.599853515625
0.59619140625
0.5927734375
0.585693359375
0.58203125
0.578369140625
0.57470703125
0.5712890625
0.564208984375
0.553466796875
0.546142578125
0.531982421875
0.517578125
0.50341796875
0.5
0.489013671875
0.485595703125
0.485595703125
0.496337890625
0.507080078125
0.53564453125
0.5712890625
0.60693359375
0.642578125
0.671142578125
0.68896484375
0.703369140625
0.714111328125
0.714111328125
0.70703125
0.699951171875
0.68896484375
0.6748046875
0.660400390625
0.646240234375
0.6318359375
0.61767578125
0.603271484375
0.589111328125
0.57470703125
0.560546875
0.546142578125
0.531982421875
0.517578125
0.50341796875
0.489013671875
0.474853515625
0.45703125
0.439208984375
0.431884765625
0.428466796875
0.428466796875
0.439208984375
0.464111328125
0.49267578125
0.51416015625
0.542724609375
0.560546875
0.578369140625
0.585693359375
0.5927734375
0.585693359375
0.578369140625
0.567626953125
0.560546875
0.546142578125
0.5390625
0.52490234375
0.517578125
0.510498046875
0.5
0.5
0.489013671875
0.48193359375
0.471435546875
0.46044921875
0.4462890625
0.431884765625
0.417724609375
0.4033203125
0.3818359375
0.371337890625
0.360595703125
0.35693359375
0.35693359375
0.36767578125
0.38916015625
0.4140625
0.442626953125
0.464111328125
0.489013671875
0.5
0.507080078125
0.507080078125
0.507080078125
0.5
0.5
0.489013671875
0.48193359375
0.471435546875
0.464111328125
0.45703125
0.449951171875
0.44287109375
0.435546875
0.428466796875
0.42138671875
0.414306640625
0.406982421875
0.396240234375
0.38916015625
0.374755859375
0.360595703125
0.349853515625
0.339111328125
0.335693359375
0.335693359375
0.34619140625
0.364013671875
0.392578125
0.4248046875
0.45703125
0.485595703125
0.507080078125
0.52490234375
0.5390625
0.542724609375
0.542724609375
0.542724609375
0.53564453125
0.531982421875
0.52490234375
0.521240234375
0.51416015625
0.51416015625
0.507080078125
0.507080078125
0.5
0.5
0.5
0.496337890625
0.485595703125
0.478515625
0.4677734375
0.45703125
0.4462890625
0.435546875
0.428466796875
0.428466796875
0.431884765625
0.4462890625
0.47119140625
0.499755859375
0.531982421875
0.567626953125
0.599853515625
0.62841796875
0.64990234375
0.6640625
0.67138671875
0.67138671875
0.667724609375
0.6640625
0.656982421875
0.64990234375
0.642822265625
0.635498046875
0.62841796875
0.621337890625
0.6142578125
0.60693359375
0.59619140625
0.589111328125
0.57470703125
0.560546875
0.546142578125
0.531982421875
0.517578125
0.50341796875
0.489013671875
0.478515625
0.474853515625
0.471435546875
0.471435546875
0.48193359375
0.496337890625
0.51416015625
0.542724609375
0.5712890625
0.599853515625
0.61767578125
0.6318359375
0.635498046875
0.635498046875
0.6318359375
0.621337890625
0.610595703125
0.59619140625
0.589111328125
0.57470703125
0.567626953125
0.553466796875
0.546142578125
0.5390625
0.528564453125
0.517578125
0.507080078125
0.5
0.489013671875
0.474853515625
0.453369140625
0.439208984375
0.4248046875
0.406982421875
0.396240234375
0.385498046875
0.385498046875
0.38916015625
0.4033203125
0.4248046875
0.449951171875
0.474853515625
0.496337890625
0.50341796875
0.51416015625
0.51416015625
0.51416015625
0.510498046875
0.5
0.496337890625
0.489013671875
0.478515625
0.4677734375
0.46044921875
0.449951171875
0.44287109375
0.435546875
0.428466796875
0.42138671875
0.414306640625
0.406982421875
0.396240234375
0.3818359375
0.374755859375
0.360595703125
0.34619140625
0.33203125
0.32470703125
0.3212890625
0.32470703125
0.339111328125
0.371337890625
0.39697265625
0.422607421875
0.448486328125
0.4677734375
0.48388671875
0.49658203125
0.5
0.5
0.5
0.5
0.49658203125
0.493408203125
0.487060546875
0.480712890625
0.477294921875
0.47412109375
0.4677734375
0.4677734375
0.46142578125
0.46142578125
0.454833984375
0.45166015625
0.4453125
0.435546875
0.426025390625
0.41943359375
0.409912109375
0.403564453125
0.39697265625
0.400146484375
0.4130859375
0.42919921875
0.454833984375
0.483642578125
0.509521484375
0.54150390625
0.570556640625
0.58984375
0.60595703125
0.6123046875
0.615478515625
0.615478515625
0.615478515625
0.6123046875
0.609130859375
0.602783203125
0.599365234375
0.59619140625
0.58984375
0.586669921875
0.58349609375
0.576904296875
0.57373046875
0.5673828125
0.560791015625
0.554443359375
0.54150390625
0.52880859375
0.515869140625
0.509521484375
0.5
0.490234375
0.487060546875
0.487060546875
0.49658203125
0.503173828125
0.525390625
0.554443359375
0.583251953125
0.609130859375
0.631591796875
0.65087890625
0.6572265625
0.66064453125
0.66064453125
0.654052734375
0.64453125
0.634765625
0.625244140625
0.615478515625
0.60595703125
0.599365234375
0.593017578125
0.58349609375
0.57373046875
0.564208984375
0.554443359375
0.54150390625
0.52880859375
0.515869140625
0.503173828125
0.493408203125
0.477294921875
0.464599609375
0.45166015625
0.438720703125
0.435546875
0.438720703125
0.45166015625
0.464599609375
0.487060546875
0.503173828125
0.522216796875
0.54150390625
0.55126953125
0.5576171875
0.5576171875
0.5576171875
0.55126953125
0.54150390625
0.53515625
0.522216796875
0.515869140625
0.50634765625
0.5
0.49658203125
0.487060546875
0.480712890625
0.470947265625
0.464599609375
0.4580078125
0.448486328125
0.438720703125
0.404052734375
0.387451171875
0.37060546875
0.35400390625
0.33740234375
0.3291015625
0.316650390625
0.316650390625
0.32080078125
0.341552734375
0.366455078125
0.39990234375
0.43310546875
0.458251953125
0.47900390625
0.49560546875
0.5
0.5
0.5
0.49560546875
0.4873046875
0.47900390625
0.470703125
0.46240234375
0.4541015625
0.449951171875
0.441650390625
0.433349609375
0.428955078125
0.4248046875
0.41650390625
0.408203125
0.39990234375
0.3916015625
0.379150390625
0.37060546875
0.35400390625
0.345703125
0.33740234375
0.333251953125
0.345703125
0.3623046875
0.3916015625
0.428955078125
0.470703125
0.504150390625
0.533203125
0.56640625
0.58740234375
0.595703125
0.599853515625
0.599853515625
0.599853515625
0.595703125
0.591552734375
0.583251953125
0.583251953125
0.574951171875
0.574951171875
0.57080078125
0.566650390625
0.55810546875
0.553955078125
0.5498046875
0.54150390625
0.529052734375
0.520751953125
0.504150390625
0.5
0.4873046875
0.474853515625
0.466552734375
0.466552734375
0.47900390625
0.49560546875
0.52490234375
0.56640625
0.608154296875
0.645751953125
0.68310546875
0.708251953125
0.72900390625
0.7373046875
0.741455078125
0.7373046875
0.72900390625
0.720703125
0.7041015625
0.687255859375
0.670654296875
0.654052734375
0.6416015625
0.629150390625
0.6123046875
0.595703125
0.5791015625
0.562255859375
0.545654296875
0.52490234375
0.504150390625
0.49560546875
0.47900390625
0.46240234375
0.44580078125
0.428955078125
0.4248046875
0.4248046875
0.4375
0.458251953125
0.491455078125
0.5166015625
0.54150390625
0.57080078125
0.58740234375
0.60400390625
0.608154296875
0.60400390625
0.595703125
0.58740234375
0.574951171875
0.562255859375
0.553955078125
0.537353515625
0.529052734375
0.51416015625
0.507080078125
0.5
0.496337890625
0.489013671875
0.474853515625
0.4677734375
0.453369140625
0.439208984375
0.4248046875
0.41064453125
0.396240234375
0.3818359375
0.36767578125
0.3642578125
0.3642578125
0.374755859375
0.38916015625
0.4140625
0.439208984375
0.464111328125
0.485595703125
0.5
0.50341796875
0.507080078125
0.507080078125
0.507080078125
0.5
0.496337890625
0.489013671875
0.478515625
0.4677734375
0.46044921875
0.453369140625
0.4462890625
0.439208984375
0.431884765625
0.428466796875
0.42138671875
0.414306640625
0.4033203125
0.396240234375
0.385498046875
0.374755859375
0.360595703125
0.349853515625
0.339111328125
0.335693359375
0.335693359375
0.34619140625
0.360595703125
0.385498046875
0.4140625
0.449951171875
0.478515625
0.5
0.510498046875
0.52490234375
0.528564453125
0.53564453125
0.528564453125
0.528564453125
0.521240234375
0.517578125
0.51416015625
0.507080078125
0.507080078125
0.50341796875
0.5
0.5
0.5
0.49267578125
0.489013671875
0.48193359375
0.474853515625
0.4677734375
0.45703125
0.4462890625
0.435546875
0.428466796875
0.428466796875
0.431884765625
0.449951171875
0.47119140625
0.50341796875
0.53564453125
0.5712890625
0.60693359375
0.635498046875
0.6533203125
0.667724609375
0.6748046875
0.678466796875
0.678466796875
0.67138671875
0.667724609375
0.660400390625
0.656982421875
0.64990234375
0.642822265625
0.63916015625
0.6318359375
0.624755859375
0.61767578125
0.610595703125
0.599853515625
0.589111328125
0.57470703125
0.560546875
0.546142578125
0.531982421875
0.517578125
0.50341796875
0.5
0.49267578125
0.49267578125
0.5
0.517578125
0.542724609375
0.5712890625
0.599853515625
0.62841796875
0.646240234375
0.660400390625
0.6640625
0.6640625
0.656982421875
0.646240234375
0.635498046875
0.624755859375
0.6142578125
0.603271484375
0.59619140625
0.58203125
0.57470703125
0.564208984375
0.553466796875
0.5390625
0.531982421875
0.517578125
0.50341796875
0.496337890625
0.474853515625
0.46044921875
0.442626953125
0.4248046875
0.41064453125
0.4033203125
0.39990234375
0.4033203125
0.417724609375
0.442626953125
0.464111328125
0.489013671875
0.50341796875
0.517578125
0.528564453125
0.53564453125
0.531982421875
0.52490234375
0.517578125
0.507080078125
0.5
0.496337890625
0.48193359375
0.474853515625
0.4677734375
0.45703125
0.449951171875
0.439208984375
0.431884765625
0.4248046875
0.414306640625
0.4033203125
0.392822265625
0.3818359375
0.36767578125
0.353271484375
0.3427734375
0.33203125
0.328369140625
0.33203125
0.339111328125
0.360595703125
0.385498046875
0.4140625
0.442626953125
0.4677734375
0.489013671875
0.5
0.5
0.5
0.5
0.5
0.496337890625
0.489013671875
0.485595703125
0.478515625
0.474853515625
0.471435546875
0.464111328125
0.464111328125
0.45703125
0.453369140625
0.449951171875
0.44287109375
0.435546875
0.428466796875
0.417724609375
0.41064453125
0.39990234375
0.392822265625
0.385498046875
0.38916015625
0.4033203125
0.42138671875
0.449951171875
0.48193359375
0.51416015625
0.5498046875
0.578369140625
0.603271484375
0.61767578125
0.6318359375
0.635498046875
0.635498046875
0.635498046875
0.62841796875
0.624755859375
0.621337890625
0.6142578125
0.610595703125
0.60693359375
0.603271484375
0.599853515625
0.5927734375
0.589111328125
0.58203125
0.5712890625
0.560546875
0.5498046875
0.5390625
0.52490234375
0.510498046875
0.5
0.5
0.5
0.50341796875
0.521240234375
0.5498046875
0.578369140625
0.610595703125
0.642578125
0.667724609375
0.68896484375
0.699951171875
0.703369140625
0.699951171875
0.6962890625
0.68896484375
0.6748046875
0.6533203125
0.63916015625
0.624755859375
0.610595703125
0.59619140625
0.58203125
0.567626953125
0.553466796875
0.5390625
0.531982421875
0.517578125
0.50341796875
0.496337890625
0.474853515625
0.46044921875
0.4462890625
0.431884765625
0.417724609375
0.414306640625
0.417724609375
0.4248046875
0.4462890625
0.47119140625
0.49267578125
0.51416015625
0.531982421875
0.546142578125
0.55712890625
0.55712890625
0.55712890625
0.5498046875
0.5390625
0.528564453125
0.517578125
0.507080078125
0.5
0.49267578125
0.48193359375
0.474853515625
0.464111328125
0.45703125
0.4462890625
0.439208984375
0.4248046875
0.417724609375
0.4033203125
0.38916015625
0.374755859375
0.360595703125
0.34619140625
0.339111328125
0.335693359375
0.339111328125
0.353271484375
0.371337890625
0.396240234375
0.42138671875
0.449951171875
0.4677734375
0.485595703125
0.49267578125
0.5
0.5
0.496337890625
0.49267578125
0.485595703125
0.478515625
0.471435546875
0.464111328125
0.45703125
0.449951171875
0.44287109375
0.435546875
0.431884765625
0.4248046875
0.42138671875
0.414306640625
0.406982421875
0.39990234375
0.38916015625
0.3818359375
0.371337890625
0.360595703125
0.353271484375
0.349853515625
0.353271484375
0.36767578125
0.392578125
0.42138671875
0.45703125
0.49267578125
0.51416015625
0.542724609375
0.560546875
0.57470703125
0.578369140625
0.578369140625
0.578369140625
0.578369140625
0.5712890625
0.567626953125
0.564208984375
0.560546875
0.55712890625
0.553466796875
0.5498046875
0.546142578125
0.542724609375
0.53564453125
0.531982421875
0.521240234375
0.51416015625
0.50341796875
0.5
0.489013671875
0.478515625
0.471435546875
0.471435546875
0.48193359375
0.496337890625
0.51416015625
0.5498046875
0.58544921875
0.621337890625
0.64990234375
0.678466796875
0.6962890625
0.71044921875
0.714111328125
0.714111328125
0.70703125
0.703369140625
0.6962890625
0.68896484375
0.6748046875
0.660400390625
0.646240234375
0.63916015625
0.624755859375
0.610595703125
0.59619140625
0.58203125
0.567626953125
0.553466796875
0.5390625
0.52490234375
0.50341796875
0.496337890625
0.48193359375
0.4677734375
0.453369140625
0.449951171875
0.449951171875
0.46044921875
0.478515625
0.50341796875
0.5283203125
0.556884765625
0.578369140625
0.59619140625
0.60693359375
0.60693359375
0.60693359375
0.599853515625
0.5927734375
0.58203125
0.5712890625
0.560546875
0.5498046875
0.5390625
0.528564453125
0.517578125
0.510498046875
0.5
0.496337890625
0.485595703125
0.474853515625
0.46044921875
0.4462890625
0.431884765625
0.417724609375
0.39990234375
0.3818359375
0.371337890625
0.3642578125
0.3642578125
0.374755859375
0.392578125
0.4140625
0.442626953125
0.4677734375
0.489013671875
0.5
0.50341796875
0.507080078125
0.507080078125
0.5
0.496337890625
0.485595703125
0.474853515625
0.4677734375
0.45703125
0.449951171875
0.44287109375
0.435546875
0.431884765625
0.4248046875
0.417724609375
0.41064453125
0.39990234375
0.38916015625
0.37841796875
0.36767578125
0.353271484375
0.339111328125
0.33203125
0.32470703125
0.32470703125
0.33203125
0.34619140625
0.371337890625
0.39990234375
0.428466796875
0.45703125
0.485595703125
0.5
0.510498046875
0.517578125
0.521240234375
0.521240234375
0.521240234375
0.517578125
0.51416015625
0.507080078125
0.50341796875
0.5
0.5
0.5
0.49267578125
0.489013671875
0.485595703125
0.48193359375
0.478515625
0.471435546875
0.464111328125
0.46044921875
0.449951171875
0.439208984375
0.431884765625
0.42138671875
0.414306640625
0.414306640625
0.4248046875
0.442626953125
0.47119140625
0.499755859375
0.53564453125
0.5712890625
0.60693359375
0.635498046875
0.6533203125
0.667724609375
0.67138671875
0.678466796875
0.67138671875
0.67138671875
0.6640625
0.656982421875
0.6533203125
0.646240234375
0.63916015625
0.6318359375
0.624755859375
0.621337890625
0.610595703125
0.603271484375
0.5927734375
0.58203125
0.567626953125
0.553466796875
0.5390625
0.52490234375
0.510498046875
0.5
0.5
0.5
0.507080078125
0.5283203125
0.556884765625
0.58544921875
0.614013671875
0.63916015625
0.656982421875
0.667724609375
0.67138671875
0.654052734375
0.647705078125
0.637939453125
0.62841796875
0.61865234375
0.60595703125
0.599365234375
0.586669921875
0.576904296875
0.5673828125
0.5576171875
0.548095703125
0.53515625
0.522216796875
0.509521484375
0.5
0.490234375
0.477294921875
0.4580078125
0.4453125
0.426025390625
0.416259765625
0.409912109375
0.40673828125
0.4130859375
0.426025390625
0.44189453125
0.461181640625
0.48388671875
0.5
0.509521484375
0.51904296875
0.51904296875
0.51904296875
0.5126953125
0.503173828125
0.49658203125
0.490234375
0.477294921875
0.4677734375
0.4580078125
0.45166015625
0.4453125
0.435546875
0.42919921875
0.41943359375
0.4130859375
0.403564453125
0.393798828125
0.38427734375
0.37451171875
0.361572265625
0.348876953125
0.3359375
0.326416015625
0.322998046875
0.326416015625
0.3359375
0.35205078125
0.377685546875
0.4033203125
0.422607421875
0.4453125
0.4580078125
0.470947265625
0.47412109375
0.47412109375
0.47412109375
0.4677734375
0.464599609375
0.4580078125
0.45166015625
0.4453125
0.442138671875
0.435546875
0.432373046875
0.42919921875
0.426025390625
0.4228515625
0.41943359375
0.4130859375
0.40673828125
0.400146484375
0.393798828125
0.387451171875
0.377685546875
0.371337890625
0.364990234375
0.371337890625
0.380859375
0.400146484375
0.42578125
0.4580078125
0.490234375
0.5126953125
0.538330078125
0.560791015625
0.57373046875
0.58349609375
0.586669921875
0.58984375
0.58349609375
0.58349609375
0.580078125
0.576904296875
0.570556640625
0.570556640625
0.564208984375
0.564208984375
0.5576171875
0.554443359375
0.55126953125
0.544921875
0.538330078125
0.531982421875
0.522216796875
0.5126953125
0.503173828125
0.49658203125
0.490234375
0.487060546875
0.490234375
0.49658203125
0.5126953125
0.542724609375
0.5712890625
0.60693359375
0.635498046875
0.6640625
0.681884765625
0.692626953125
0.699951171875
0.692626953125
0.68896484375
0.681884765625
0.67138671875
0.6640625
0.6533203125
0.646240234375
0.624755859375
0.610595703125
0.59619140625
0.58203125
0.5712890625
0.55712890625
0.546142578125
0.531982421875
0.517578125
0.50341796875
0.496337890625
0.474853515625
0.46044921875
0.4462890625
0.431884765625
0.428466796875
0.431884765625
0.442626953125
0.46044921875
0.485595703125
0.50341796875
0.52490234375
0.546142578125
0.55712890625
0.564208984375
0.564208984375
0.55712890625
0.5498046875
0.5390625
0.528564453125
0.517578125
0.507080078125
0.5
0.496337890625
0.485595703125
0.478515625
0.4677734375
0.46044921875
0.449951171875
0.439208984375
0.428466796875
0.417724609375
0.4033203125
0.38916015625
0.374755859375
0.360595703125
0.34619140625
0.335693359375
0.335693359375
0.339111328125
0.353271484375
0.371337890625
0.392578125
0.42138671875
0.4462890625
0.4677734375
0.478515625
0.485595703125
0.485595703125
0.485595703125
0.478515625
0.474853515625
0.464111328125
0.45703125
0.449951171875
0.44287109375
0.435546875
0.428466796875
0.42138671875
0.417724609375
0.414306640625
0.406982421875
0.4033203125
0.396240234375
0.385498046875
0.374755859375
0.36767578125
0.35693359375
0.34619140625
0.339111328125
0.335693359375
0.339111328125
0.35693359375
0.382080078125
0.4140625
0.453369140625
0.485595703125
0.507080078125
0.531982421875
0.553466796875
0.560546875
0.567626953125
0.5712890625
0.5712890625
0.564208984375
0.564208984375
0.560546875
0.55712890625
0.55712890625
0.5498046875
0.5498046875
0.542724609375
0.542724609375
0.53564453125
0.531982421875
0.528564453125
0.521240234375
0.51416015625
0.50341796875
0.5
0.489013671875
0.48193359375
0.478515625
0.478515625
0.489013671875
0.5
0.521240234375
0.556884765625
0.5927734375
0.62841796875
0.6640625
0.68896484375
0.71044921875
0.72119140625
0.728515625
0.72119140625
0.72119140625
0.717529296875
0.714111328125
0.703369140625
0.68896484375
0.6748046875
0.660400390625
0.6533203125
0.63916015625
0.624755859375
0.610595703125
0.59619140625
0.58203125
0.567626953125
0.553466796875
0.53564453125
0.517578125
0.50341796875
0.496337890625
0.48193359375
0.471435546875
0.464111328125
0.471435546875
0.48193359375
0.5
0.521240234375
0.5498046875
0.578369140625
0.603271484375
0.61767578125
0.62841796875
0.635498046875
0.62841796875
0.621337890625
0.610595703125
0.599853515625
0.589111328125
0.57470703125
0.567626953125
0.55712890625
0.546142578125
0.5390625
0.52490234375
0.517578125
0.50341796875
0.5
0.489013671875
0.474853515625
0.46044921875
0.4462890625
0.428466796875
0.41064453125
0.396240234375
0.3818359375
0.37841796875
0.37841796875
0.38916015625
0.4033203125
0.4248046875
0.449951171875
0.474853515625
0.496337890625
0.50341796875
0.510498046875
0.51416015625
0.510498046875
0.50341796875
0.5
0.49267578125
0.48193359375
0.471435546875
0.46044921875
0.453369140625
0.44287109375
0.435546875
0.428466796875
0.42138671875
0.414306640625
0.4033203125
0.396240234375
0.38916015625
0.374755859375
0.3642578125
0.353271484375
0.339111328125
0.335693359375
0.328369140625
0.3212890625
0.3212890625
0.33203125
0.349853515625
0.374755859375
0.41064453125
0.442626953125
0.47119140625
0.49267578125
0.50341796875
0.510498046875
0.51416015625
0.51416015625
0.51416015625
0.510498046875
0.507080078125
0.5
0.5
0.496337890625
0.49267578125
0.489013671875
0.485595703125
0.478515625
0.478515625
0.471435546875
0.4677734375
0.46044921875
0.453369140625
0.4462890625
0.435546875
0.4248046875
0.417724609375
0.414306640625
0.414306640625
0.4248046875
0.439208984375
0.464111328125
0.496337890625
0.531982421875
0.567626953125
0.599853515625
0.62841796875
0.6533203125
0.667724609375
0.67138671875
0.678466796875
0.6748046875
0.67138671875
0.6640625
0.660400390625
0.656982421875
0.64990234375
0.646240234375
0.642822265625
0.635498046875
0.62841796875
0.621337890625
0.6142578125
0.603271484375
0.59619140625
0.58203125
0.567626953125
0.553466796875
0.5390625
0.52490234375
0.51416015625
0.507080078125
0.510498046875
0.52490234375
0.542724609375
0.5712890625
0.599853515625
0.635498046875
0.660400390625
0.681884765625
0.692626953125
0.699951171875
0.6962890625
0.68896484375
0.671142578125
0.6533203125
0.635498046875
0.60595703125
0.593017578125
0.57373046875
0.560791015625
0.548095703125
0.54150390625
0.52880859375
0.522216796875
0.509521484375
0.5
0.490234375
0.477294921875
0.464599609375
0.4453125
0.432373046875
0.416259765625
0.40673828125
0.39697265625
0.39697265625
0.400146484375
0.4130859375
0.432373046875
0.454833984375
0.477294921875
0.49658203125
0.503173828125
0.5126953125
0.5126953125
0.5126953125
0.50634765625
0.5
0.49658203125
0.487060546875
0.477294921875
0.470947265625
0.46142578125
0.45166015625
0.4453125
0.438720703125
0.432373046875
0.4228515625
0.416259765625
0.40673828125
0.39697265625
0.387451171875
0.37451171875
0.361572265625
0.348876953125
0.3359375
0.326416015625
0.322998046875
0.326416015625
0.3359375
0.35205078125
0.37451171875
0.4033203125
0.426025390625
0.448486328125
0.464599609375
0.47412109375
0.480712890625
0.480712890625
0.480712890625
0.480712890625
0.47412109375
0.4677734375
0.46142578125
0.4580078125
0.45166015625
0.448486328125
0.442138671875
0.438720703125
0.435546875
0.42919921875
0.426025390625
0.4228515625
0.416259765625
0.409912109375
0.403564453125
0.393798828125
0.387451171875
0.377685546875
0.371337890625
0.371337890625
0.37451171875
0.387451171875
0.409912109375
0.435546875
0.4677734375
0.49658203125
0.525390625
0.55126953125
0.57373046875
0.586669921875
0.59619140625
0.59619140625
0.59619140625
0.59619140625
0.593017578125
0.58984375
0.586669921875
0.58349609375
0.580078125
0.576904296875
0.576904296875
0.570556640625
0.5673828125
0.564208984375
0.5576171875
0.55126953125
0.544921875
0.53515625
0.525634765625
0.515869140625
0.50634765625
0.5
0.5
0.503173828125
0.515869140625
0.538330078125
0.56396484375
0.59619140625
0.62841796875
0.660400390625
0.686279296875
0.702392578125
0.7119140625
0.718505859375
0.715087890625
0.7119140625
0.702392578125
0.689453125
0.676513671875
0.663818359375
0.64453125
0.631591796875
0.61865234375
0.60595703125
0.586669921875
0.57373046875
0.560791015625
0.548095703125
0.53515625
0.515869140625
0.503173828125
0.49658203125
0.477294921875
0.464599609375
0.45166015625
0.442138671875
0.442138671875
0.4453125
0.4580078125
0.48046875
0.49658203125
0.51904296875
0.54150390625
0.560791015625
0.570556640625
0.576904296875
0.576904296875
0.570556640625
0.560791015625
0.554443359375
0.54150390625
0.531982421875
0.522216796875
0.5126953125
0.503173828125
0.5
0.490234375
0.48388671875
0.47412109375
0.4677734375
0.4580078125
0.4453125
0.432373046875
0.41943359375
0.40673828125
0.390625
0.37451171875
0.364990234375
0.3583984375
0.355224609375
0.361572265625
0.37451171875
0.393798828125
0.416259765625
0.438720703125
0.4580078125
0.464599609375
0.48388671875
0.490234375
0.493408203125
0.493408203125
0.490234375
0.48388671875
0.47412109375
0.464599609375
0.4580078125
0.45166015625
0.442138671875
0.435546875
0.42919921875
0.4228515625
0.41943359375
0.4130859375
0.40673828125
0.400146484375
0.393798828125
0.38427734375
0.37451171875
0.364990234375
0.355224609375
0.34228515625
0.339111328125
0.339111328125
0.34228515625
0.3583984375
0.384033203125
0.409912109375
0.44189453125
0.4677734375
0.493408203125
0.509521484375
0.522216796875
0.531982421875
0.538330078125
0.538330078125
0.53515625
0.531982421875
0.52880859375
0.525634765625
0.51904296875
0.51904296875
0.515869140625
0.5126953125
0.5126953125
0.50634765625
0.50634765625
0.5
0.5
0.49658203125
0.490234375
0.480712890625
0.470947265625
0.464599609375
0.454833984375
0.449951171875
0.453369140625
0.4677734375
0.49267578125
0.51416015625
0.553466796875
0.589111328125
0.62841796875
0.66064453125
0.685546875
0.703369140625
0.714111328125
0.72119140625
0.717529296875
0.714111328125
0.70703125
0.699951171875
0.692626953125
0.685546875
0.678466796875
0.667724609375
0.6533203125
0.63916015625
0.624755859375
0.610595703125
0.59619140625
0.58203125
0.560546875
0.542724609375
0.52490234375
0.510498046875
0.5
0.489013671875
0.478515625
0.478515625
0.48193359375
0.496337890625
0.51416015625
0.542724609375
0.5712890625
0.599853515625
0.621337890625
0.63916015625
0.646240234375
0.64990234375
0.642822265625
0.635498046875
0.624755859375
0.610595703125
0.599853515625
0.589111328125
0.57470703125
0.564208984375
0.553466796875
0.5390625
0.531982421875
0.517578125
0.50341796875
0.5
0.489013671875
0.474853515625
0.453369140625
0.439208984375
0.42138671875
0.4033203125
0.38916015625
0.374755859375
0.371337890625
0.371337890625
0.3818359375
0.39990234375
0.42138671875
0.449951171875
0.47119140625
0.478515625
0.496337890625
0.5
0.50341796875
0.5
0.5
0.496337890625
0.485595703125
0.474853515625
0.464111328125
0.453369140625
0.4462890625
0.435546875
0.428466796875
0.417724609375
0.41064453125
0.4033203125
0.396240234375
0.385498046875
0.374755859375
0.36767578125
0.353271484375
0.339111328125
0.32470703125
0.314208984375
0.303466796875
0.2998046875
0.2998046875
0.314208984375
0.33544921875
0.371337890625
0.403564453125
0.439208984375
0.47119140625
0.489013671875
0.5
0.507080078125
0.507080078125
0.507080078125
0.50341796875
0.5
0.5
0.49267578125
0.485595703125
0.48193359375
0.478515625
0.474853515625
0.471435546875
0.4677734375
0.464111328125
0.45703125
0.453369140625
0.449951171875
0.44287109375
0.435546875
0.4248046875
0.417724609375
0.406982421875
0.4033203125
0.406982421875
0.417724609375
0.435546875
0.464111328125
0.496337890625
0.531982421875
0.5712890625
0.603515625
0.62841796875
0.646240234375
0.660400390625
0.6640625
0.67138671875
0.6640625
0.6640625
0.656982421875
0.6533203125
0.64990234375
0.642822265625
0.63916015625
0.635498046875
0.62841796875
0.624755859375
0.61767578125
0.610595703125
0.603271484375
0.589111328125
0.58203125
0.567626953125
0.553466796875
0.5390625
0.531982421875
0.521240234375
0.521240234375
0.52490234375
0.542724609375
0.564208984375
0.59619140625
0.62841796875
0.6640625
0.68896484375
0.71044921875
0.72119140625
0.724853515625
0.717529296875
0.703369140625
0.68896484375
0.667724609375
0.646240234375
0.6318359375
0.610595703125
0.59619140625
0.58203125
0.567626953125
0.553466796875
0.5390625
0.52490234375
0.510498046875
0.5
0.489013671875
0.474853515625
0.45703125
0.439208984375
0.42138671875
0.4033203125
0.392822265625
0.385498046875
0.385498046875
0.396240234375
0.41064453125
0.435546875
0.46044921875
0.485595703125
0.50341796875
0.51416015625
0.521240234375
0.52490234375
0.521240234375
0.51416015625
0.50341796875
0.5
0.489013671875
0.478515625
0.4677734375
0.45703125
0.4462890625
0.439208984375
0.428466796875
0.42138671875
0.41064453125
0.4033203125
0.392822265625
0.3818359375
0.36767578125
0.353271484375
0.339111328125
0.32470703125
0.310546875
0.303466796875
0.2998046875
0.303466796875
0.317626953125
0.33544921875
0.371337890625
0.39990234375
0.435546875
0.45703125
0.474853515625
0.485595703125
0.485595703125
0.485595703125
0.485595703125
0.48193359375
0.474853515625
0.4677734375
0.464599609375
0.4580078125
0.45166015625
0.4453125
0.438720703125
0.432373046875
0.42919921875
0.4228515625
0.41943359375
0.4130859375
0.40673828125
0.400146484375
0.393798828125
0.380859375
0.37451171875
0.364990234375
0.3583984375
0.3583984375
0.3681640625
0.380859375
0.4033203125
0.42919921875
0.461181640625
0.493408203125
0.51904296875
0.544677734375
0.560791015625
0.57373046875
0.580078125
0.58349609375
0.58349609375
0.580078125
0.576904296875
0.57373046875
0.570556640625
0.5673828125
0.564208984375
0.560791015625
0.5576171875
0.5576171875
0.55126953125
0.548095703125
0.544921875
0.538330078125
0.52880859375
0.522216796875
0.509521484375
0.503173828125
0.5
0.493408203125
0.493408203125
0.5
0.5126953125
0.538330078125
0.567138671875
0.599365234375
0.634765625
0.66357421875
0.686279296875
0.70556640625
0.715087890625
0.718505859375
0.718505859375
0.7119140625
0.70556640625
0.69580078125
0.68310546875
0.663818359375
0.65087890625
0.637939453125
0.625244140625
0.60595703125
0.593017578125
0.580078125
0.5673828125
0.55126953125
0.53515625
0.522216796875
0.503173828125
0.49658203125
0.477294921875
0.464599609375
0.45166015625
0.4453125
0.442138671875
0.45166015625
0.464599609375
0.487060546875
0.50634765625
0.52880859375
0.55126953125
0.5673828125
0.576904296875
0.576904296875
0.576904296875
0.570556640625
0.560791015625
0.55126953125
0.54150390625
0.52880859375
0.515869140625
0.509521484375
0.5
0.49658203125
0.48388671875
0.477294921875
0.464599609375
0.4580078125
0.4453125
0.432373046875
0.41943359375
0.40673828125
0.387451171875
0.37451171875
0.361572265625
0.348876953125
0.339111328125
0.339111328125
0.34228515625
0.348876953125
0.36474609375
0.387451171875
0.409912109375
0.435546875
0.454833984375
0.470947265625
0.477294921875
0.480712890625
0.477294921875
0.470947265625
0.464599609375
0.4580078125
0.448486328125
0.442138671875
0.432373046875
0.426025390625
0.41943359375
0.4130859375
0.40673828125
0.400146484375
0.393798828125
0.387451171875
0.380859375
0.37451171875
0.361572265625
0.35205078125
0.34228515625
0.32958984375
0.322998046875
0.31982421875
0.322998046875
0.3359375
0.3583984375
0.384033203125
0.416259765625
0.448486328125
0.48046875
0.503173828125
0.515869140625
0.52880859375
0.531982421875
0.538330078125
0.531982421875
0.531982421875
0.525634765625
0.525634765625
0.51904296875
0.515869140625
0.5126953125
0.509521484375
0.50634765625
0.503173828125
0.5
0.5
0.5
0.493408203125
0.487060546875
0.480712890625
0.470947265625
0.464599609375
0.454833984375
0.448486328125
0.448486328125
0.45166015625
0.4677734375
0.487060546875
0.5126953125
0.5478515625
0.583251953125
0.615478515625
0.64111328125
0.663818359375
0.679931640625
0.686279296875
0.692626953125
0.692626953125
0.686279296875
0.679931640625
0.676513671875
0.670166015625
0.663818359375
0.66064453125
0.654052734375
0.647705078125
0.641357421875
0.631591796875
0.61865234375
0.60595703125
0.593017578125
0.57373046875
0.560791015625
0.544677734375
0.52880859375
0.515869140625
0.503173828125
0.5
0.5
0.503173828125
0.515869140625
0.538330078125
0.56396484375
0.58984375
0.6123046875
0.631591796875
0.64453125
0.647705078125
0.647705078125
0.641357421875
0.631591796875
0.61865234375
0.60595703125
0.593017578125
0.58349609375
0.57373046875
0.560791015625
0.548095703125
0.54150390625
0.52880859375
0.515869140625
0.50634765625
0.5
0.490234375
0.47412109375
0.4580078125
0.44189453125
0.426025390625
0.409912109375
0.393798828125
0.374755859375
0.371337890625
0.371337890625
0.3818359375
0.39990234375
0.42138671875
0.4462890625
0.4677734375
0.474853515625
0.489013671875
0.5
0.5
0.5
0.496337890625
0.485595703125
0.474853515625
0.4677734375
0.453369140625
0.4462890625
0.435546875
0.4248046875
0.417724609375
0.406982421875
0.39990234375
0.392822265625
0.3818359375
0.374755859375
0.3642578125
0.353271484375
0.339111328125
0.32470703125
0.310546875
0.2998046875
0.2890625
0.28564453125
0.296142578125
0.310546875
0.33544921875
0.36767578125
0.39990234375
0.435546875
0.464111328125
0.48193359375
0.496337890625
0.5
0.5
0.5
0.496337890625
0.489013671875
0.485595703125
0.478515625
0.471435546875
0.464111328125
0.46044921875
0.45703125
0.449951171875
0.449951171875
0.44287109375
0.44287109375
0.435546875
0.431884765625
0.4248046875
0.417724609375
0.406982421875
0.396240234375
0.38916015625
0.385498046875
0.38916015625
0.4033203125
0.4248046875
0.45703125
0.4892578125
0.521240234375
0.556884765625
0.58544921875
0.610595703125
0.6318359375
0.63916015625
0.646240234375
0.64990234375
0.64990234375
0.642822265625
0.642822265625
0.635498046875
0.6318359375
0.62841796875
0.621337890625
0.61767578125
0.6142578125
0.610595703125
0.603271484375
0.599853515625
0.5927734375
0.58203125
0.57470703125
0.560546875
0.546142578125
0.5390625
0.52490234375
0.521240234375
0.521240234375
0.531982421875
0.5498046875
0.578369140625
0.60693359375
0.642578125
0.671142578125
0.6962890625
0.703369140625
0.717529296875
0.728515625
0.728515625
0.717529296875
0.703369140625
0.685546875
0.667724609375
0.64990234375
0.6318359375
0.610595703125
0.59619140625
0.58203125
0.560546875
0.546142578125
0.531982421875
0.520751953125
0.504150390625
0.49560546875
0.47900390625
0.46240234375
0.441650390625
0.420654296875
0.39990234375
0.38330078125
0.37060546875
0.366455078125
0.37060546875
0.379150390625
0.404052734375
0.43310546875
0.458251953125
0.4873046875
0.504150390625
0.520751953125
0.52490234375
0.52490234375
0.520751953125
0.512451171875
0.5
0.49560546875
0.47900390625
0.470703125
0.4541015625
0.44580078125
0.433349609375
0.420654296875
0.412353515625
0.404052734375
0.395751953125
0.38330078125
0.37060546875
0.358154296875
0.345703125
0.32080078125
0.303955078125
0.287353515625
0.270751953125
0.262451171875
0.262451171875
0.27490234375
0.2998046875
0.333251953125
0.366455078125
0.404052734375
0.433349609375
0.449951171875
0.474853515625
0.4873046875
0.5
0.49560546875
0.491455078125
0.483154296875
0.470703125
0.46240234375
0.449951171875
0.4375
0.428955078125
0.438720703125
0.432373046875
0.426025390625
0.41943359375
0.416259765625
0.409912109375
0.403564453125
0.400146484375
0.390625
0.380859375
0.37451171875
0.361572265625
0.355224609375
0.348876953125
0.348876953125
0.355224609375
0.37451171875
0.4033203125
0.432373046875
0.4677734375
0.493408203125
0.51904296875
0.538330078125
0.554443359375
0.564208984375
0.570556640625
0.570556640625
0.570556640625
0.570556640625
0.564208984375
0.564208984375
0.5576171875
0.5576171875
0.55126953125
0.55126953125
0.55126953125
0.548095703125
0.544921875
0.544921875
0.538330078125
0.531982421875
0.525634765625
0.515869140625
0.509521484375
0.5
0.49658203125
0.493408203125
0.49658203125
0.5
0.51904296875
0.544677734375
0.57373046875
0.609130859375
0.64111328125
0.6669921875
0.692626953125
0.708740234375
0.715087890625
0.718505859375
0.718505859375
0.715087890625
0.708740234375
0.69580078125
0.68310546875
0.670166015625
0.6572265625
0.64453125
0.625244140625
0.6123046875
0.599365234375
0.586669921875
0.57373046875
0.5576171875
0.54150390625
0.52880859375
0.509521484375
0.5
0.48388671875
0.470947265625
0.46142578125
0.454833984375
0.4580078125
0.464599609375
0.48388671875
0.503173828125
0.525390625
0.544677734375
0.5673828125
0.580078125
0.586669921875
0.58984375
0.58349609375
0.576904296875
0.5673828125
0.554443359375
0.544921875
0.53515625
0.522216796875
0.509521484375
0.503173828125
0.49658203125
0.490234375
0.477294921875
0.470947265625
0.4580078125
0.4453125
0.432373046875
0.41943359375
0.40673828125
0.387451171875
0.37451171875
0.361572265625
0.348876953125
0.34228515625
0.345703125
0.348876953125
0.3681640625
0.384033203125
0.40673828125
0.42919921875
0.4453125
0.4580078125
0.4677734375
0.4677734375
0.4677734375
0.46142578125
0.454833984375
0.4453125
0.438720703125
0.432373046875
0.4228515625
0.4130859375
0.40673828125
0.400146484375
0.393798828125
0.387451171875
0.380859375
0.37451171875
0.3681640625
0.361572265625
0.348876953125
0.34228515625
0.32958984375
0.31982421875
0.3134765625
0.3134765625
0.31982421875
0.332763671875
0.35205078125
0.377685546875
0.409912109375
0.44189453125
0.47412109375
0.49658203125
0.503173828125
0.515869140625
0.522216796875
0.525634765625
0.522216796875
0.51904296875
0.5126953125
0.509521484375
0.50634765625
0.5
0.5
0.5
0.5
0.493408203125
0.493408203125
0.490234375
0.487060546875
0.480712890625
0.477294921875
0.470947265625
0.46142578125
0.454833984375
0.448486328125
0.442138671875
0.442138671875
0.4453125
0.461181640625
0.487060546875
0.509521484375
0.54150390625
0.5712890625
0.60107421875
0.624755859375
0.642578125
0.657470703125
0.66357421875
0.66650390625
0.66650390625
0.66357421875
0.66064453125
0.654541015625
0.651611328125
0.645751953125
0.642822265625
0.63671875
0.630859375
0.627685546875
0.621826171875
0.615966796875
0.60986328125
0.60107421875
0.592041015625
0.580078125
0.568359375
0.556396484375
0.54443359375
0.532470703125
0.520751953125
0.517822265625
0.517822265625
0.526611328125
0.54150390625
0.565185546875
0.589111328125
0.61279296875
0.630615234375
0.645751953125
0.657470703125
0.66064453125
0.66064453125
0.654541015625
0.645751953125
0.6337890625
0.615966796875
0.60400390625
0.586181640625
0.57421875
0.559326171875
0.550537109375
0.53857421875
0.529541015625
0.520751953125
0.5087890625
0.5
0.490966796875
0.47607421875
0.461181640625
0.4462890625
0.431396484375
0.41943359375
0.40771484375
0.395751953125
0.371337890625
0.374755859375
0.38916015625
0.406982421875
0.428466796875
0.453369140625
0.474853515625
0.489013671875
0.5
0.5
0.5
0.496337890625
0.489013671875
0.478515625
0.4677734375
0.45703125
0.4462890625
0.435546875
0.4248046875
0.417724609375
0.406982421875
0.39990234375
0.392822265625
0.385498046875
0.374755859375
0.36767578125
0.353271484375
0.3427734375
0.33203125
0.317626953125
0.303466796875
0.292724609375
0.2890625
0.296142578125
0.310546875
0.33544921875
0.364013671875
0.396240234375
0.428466796875
0.45703125
0.478515625
0.49267578125
0.496337890625
0.5
0.49267578125
0.489013671875
0.485595703125
0.478515625
0.471435546875
0.464111328125
0.45703125
0.453369140625
0.4462890625
0.44287109375
0.435546875
0.435546875
0.428466796875
0.4248046875
0.417724609375
0.41064453125
0.4033203125
0.392822265625
0.385498046875
0.37841796875
0.371337890625
0.37841796875
0.38916015625
0.41064453125
0.442626953125
0.474853515625
0.507080078125
0.5390625
0.5712890625
0.5927734375
0.610595703125
0.624755859375
0.62841796875
0.635498046875
0.635498046875
0.62841796875
0.62841796875
0.62841796875
0.621337890625
0.621337890625
0.6142578125
0.6142578125
0.60693359375
0.60693359375
0.599853515625
0.59619140625
0.5927734375
0.58203125
0.57470703125
0.564208984375
0.553466796875
0.542724609375
0.5390625
0.528564453125
0.528564453125
0.528564453125
0.5390625
0.564208984375
0.5927734375
0.624755859375
0.656982421875
0.692626953125
0.714111328125
0.735595703125
0.746337890625
0.75
0.74267578125
0.73193359375
0.717529296875
0.6962890625
0.678466796875
0.660400390625
0.642578125
0.624755859375
0.60693359375
0.589111328125
0.57470703125
0.560546875
0.546142578125
0.5283203125
0.510498046875
0.5
0.489013671875
0.47119140625
0.453369140625
0.439208984375
0.4248046875
0.41064453125
0.406982421875
0.41064453125
0.417724609375
0.439208984375
0.464111328125
0.489013671875
0.50341796875
0.52490234375
0.53564453125
0.542724609375
0.542724609375
0.5390625
0.531982421875
0.52490234375
0.510498046875
0.50341796875
0.496337890625
0.489013671875
0.474853515625
0.4677734375
0.453369140625
0.4462890625
0.435546875
0.428466796875
0.417724609375
0.406982421875
0.396240234375
0.3818359375
0.36767578125
0.34619140625
0.33203125
0.3212890625
0.310546875
0.30712890625
0.314208984375
0.32470703125
0.34619140625
0.371337890625
0.392578125
0.42138671875
0.439208984375
0.453369140625
0.464111328125
0.464111328125
0.464111328125
0.45703125
0.453369140625
0.4462890625
0.449951171875
0.449951171875
0.449951171875
0.4462890625
0.439208984375
0.428466796875
0.42138671875
0.414306640625
0.406982421875
0.4033203125
0.396240234375
0.38916015625
0.385498046875
0.37841796875
0.36767578125
0.360595703125
0.349853515625
0.339111328125
0.33203125
0.32470703125
0.32470703125
0.33203125
0.349853515625
0.37841796875
0.406982421875
0.4462890625
0.48193359375
0.507080078125
0.53564453125
0.553466796875
0.567626953125
0.57470703125
0.578369140625
0.578369140625
0.578369140625
0.5712890625
0.5712890625
0.564208984375
0.564208984375
0.55712890625
0.55712890625
0.5498046875
0.5498046875
0.546142578125
0.542724609375
0.5390625
0.531982421875
0.528564453125
0.517578125
0.510498046875
0.5
0.496337890625
0.49267578125
0.49267578125
0.496337890625
0.50341796875
0.5283203125
0.560546875
0.59619140625
0.635498046875
0.671142578125
0.69970703125
0.72119140625
0.735595703125
0.74267578125
0.74267578125
0.74267578125
0.739013671875
0.728515625
0.717529296875
0.69970703125
0.681884765625
0.667724609375
0.6533203125
0.63916015625
0.624755859375
0.610595703125
0.5927734375
0.57470703125
0.560546875
0.546142578125
0.5283203125
0.510498046875
0.5
0.48193359375
0.4677734375
0.46044921875
0.45703125
0.464111328125
0.48193359375
0.5
0.521240234375
0.5498046875
0.57470703125
0.59619140625
0.60693359375
0.6142578125
0.6142578125
0.610595703125
0.599853515625
0.589111328125
0.57470703125
0.567626953125
0.553466796875
0.5390625
0.531982421875
0.517578125
0.507080078125
0.5
0.49267578125
0.48193359375
0.4677734375
0.453369140625
0.439208984375
0.4248046875
0.41064453125
0.38916015625
0.374755859375
0.360595703125
0.349853515625
0.3427734375
0.34619140625
0.360595703125
0.37841796875
0.39990234375
0.42138671875
0.4462890625
0.46044921875
0.474853515625
0.478515625
0.480712890625
0.477294921875
0.470947265625
0.464599609375
0.454833984375
0.448486328125
0.438720703125
0.432373046875
0.4228515625
0.416259765625
0.409912109375
0.403564453125
0.39697265625
0.390625
0.380859375
0.37451171875
0.364990234375
0.355224609375
0.34228515625
0.332763671875
0.322998046875
0.3134765625
0.3134765625
0.31982421875
0.3359375
0.3583984375
0.384033203125
0.416259765625
0.445068359375
0.47412109375
0.490234375
0.5
0.50634765625
0.5126953125
0.5126953125
0.50634765625
0.50634765625
0.5
0.5
0.49658203125
0.493408203125
0.487060546875
0.487060546875
0.480712890625
0.480712890625
0.477294921875
0.47412109375
0.470947265625
0.4677734375
0.46142578125
0.454833984375
0.4453125
0.438720703125
0.432373046875
0.42919921875
0.42919921875
0.438720703125
0.4580078125
0.48046875
0.509521484375
0.54150390625
0.576904296875
0.609130859375
0.631591796875
0.65087890625
0.663818359375
0.6669921875
0.67333984375
0.67333984375
0.6669921875
0.6669921875
0.66064453125
0.6572265625
0.65087890625
0.647705078125
0.641357421875
0.637939453125
0.631591796875
0.625244140625
0.61865234375
0.6123046875
0.599365234375
0.593017578125
0.580078125
0.5673828125
0.554443359375
0.54150390625
0.531982421875
0.525634765625
0.52880859375
0.54150390625
0.560791015625
0.583251953125
0.6123046875
0.64111328125
0.660400390625
0.676513671875
0.686279296875
0.686279296875
0.68310546875
0.670166015625
0.6572265625
0.64453125
0.625244140625
0.609130859375
0.593017578125
0.57373046875
0.560791015625
0.548095703125
0.53515625
0.522216796875
0.515869140625
0.503173828125
0.49658203125
0.48388671875
0.4677734375
0.45166015625
0.435546875
0.41943359375
0.40673828125
0.393798828125
0.38427734375
0.38427734375
0.390625
0.38916015625
0.41064453125
0.435546875
0.45703125
0.474853515625
0.489013671875
0.5
0.5
0.5
0.496337890625
0.485595703125
0.474853515625
0.4677734375
0.45703125
0.4462890625
0.435546875
0.4248046875
0.414306640625
0.406982421875
0.396240234375
0.38916015625
0.3818359375
0.371337890625
0.360595703125
0.34619140625
0.339111328125
0.32470703125
0.310546875
0.296142578125
0.28564453125
0.28564453125
0.296142578125
0.310546875
0.33544921875
0.364013671875
0.39990234375
0.428466796875
0.45703125
0.474853515625
0.489013671875
0.49267578125
0.49267578125
0.489013671875
0.48193359375
0.474853515625
0.4677734375
0.46044921875
0.453369140625
0.4462890625
0.439208984375
0.435546875
0.428466796875
0.4248046875
0.42138671875
0.414306640625
0.41064453125
0.4033203125
0.396240234375
0.385498046875
0.37841796875
0.36767578125
0.360595703125
0.371337890625
0.377685546875
0.387451171875
0.409912109375
0.435546875
0.46435546875
0.493408203125
0.51904296875
0.544677734375
0.5673828125
0.580078125
0.593017578125
0.59619140625
0.59619140625
0.59619140625
0.59619140625
0.593017578125
0.58984375
0.586669921875
0.58349609375
0.576904296875
0.576904296875
0.57373046875
0.570556640625
0.5673828125
0.564208984375
0.5576171875
0.55126953125
0.544921875
0.53515625
0.525634765625
0.515869140625
0.509521484375
0.50634765625
0.509521484375
0.522216796875
0.544677734375
0.570556640625
0.599365234375
0.631591796875
0.660400390625
0.68310546875
0.702392578125
0.7119140625
0.718505859375
0.718505859375
0.7119140625
0.702392578125
0.689453125
0.670166015625
0.6572265625
0.637939453125
0.625244140625
0.609130859375
0.593017578125
0.580078125
0.5673828125
0.548095703125
0.53515625
0.522216796875
0.509521484375
0.49658203125
0.48193359375
0.46044921875
0.4462890625
0.431884765625
0.417724609375
0.414306640625
0.417724609375
0.431884765625
0.449951171875
0.474853515625
0.496337890625
0.51416015625
0.531982421875
0.542724609375
0.5498046875
0.5498046875
0.546142578125
0.53564453125
0.52490234375
0.51416015625
0.50341796875
0.496337890625
0.485595703125
0.474853515625
0.46044921875
0.453369140625
0.44287109375
0.431884765625
0.42138671875
0.41064453125
0.39990234375
0.38916015625
0.374755859375
0.360595703125
0.3427734375
0.32470703125
0.314208984375
0.30712890625
0.2998046875
0.30712890625
0.317626953125
0.339111328125
0.364013671875
0.38916015625
0.41064453125
0.431884765625
0.444580078125
0.449951171875
0.449951171875
0.44287109375
0.439208984375
0.431884765625
0.42138671875
0.414306640625
0.4033203125
0.396240234375
0.38916015625
0.3818359375
0.37841796875
0.371337890625
0.36767578125
0.360595703125
0.353271484375
0.349853515625
0.34619140625
0.339111328125
0.335693359375
0.328369140625
0.32470703125
0.32470703125
0.33203125
0.34619140625
0.371337890625
0.39990234375
0.43212890625
0.4677734375
0.496337890625
0.517578125
0.5390625
0.5498046875
0.55712890625
0.564208984375
0.560546875
0.55712890625
0.553466796875
0.5498046875
0.546142578125
0.542724609375
0.53564453125
0.53564453125
0.531982421875
0.528564453125
0.528564453125
0.521240234375
0.517578125
0.51416015625
0.507080078125
0.5
0.496337890625
0.489013671875
0.478515625
0.471435546875
0.471435546875
0.474853515625
0.489013671875
0.507080078125
0.53564453125
0.5712890625
0.610595703125
0.642578125
0.671142578125
0.6962890625
0.71044921875
0.72119140625
0.72119140625
0.72119140625
0.72119140625
0.714111328125
0.70703125
0.6962890625
0.681884765625
0.67138671875
0.660400390625
0.646240234375
0.6318359375
0.61767578125
0.603271484375
0.589111328125
0.57470703125
0.560546875
0.546142578125
0.52490234375
0.510498046875
0.5
0.489013671875
0.474853515625
0.4677734375
0.464111328125
0.474853515625
0.489013671875
0.50341796875
0.5283203125
0.556884765625
0.58203125
0.603271484375
0.6142578125
0.621337890625
0.621337890625
0.6142578125
0.60693359375
0.59619140625
0.58203125
0.5712890625
0.560546875
0.546142578125
0.53564453125
0.52490234375
0.510498046875
0.50341796875
0.496337890625
0.48193359375
0.474853515625
0.46044921875
0.4462890625
0.428466796875
0.41064453125
0.396240234375
0.37841796875
0.360595703125
0.353271484375
0.349853515625
0.353271484375
0.360595703125
0.385498046875
0.40869140625
0.44091796875
0.46044921875
0.4765625
0.478515625
0.478515625
0.471435546875
0.46044921875
0.453369140625
0.439208984375
0.438720703125
0.42919921875
0.41943359375
0.4130859375
0.40673828125
0.400146484375
0.393798828125
0.387451171875
0.380859375
0.371337890625
0.361572265625
0.355224609375
0.34228515625
0.32958984375
0.322998046875
0.310302734375
0.30712890625
0.310302734375
0.322998046875
0.339111328125
0.36474609375
0.393798828125
0.422607421875
0.448486328125
0.47412109375
0.490234375
0.5
0.5
0.5
0.5
0.5
0.49658203125
0.493408203125
0.487060546875
0.48388671875
0.480712890625
0.47412109375
0.47412109375
0.4677734375
0.4677734375
0.46142578125
0.46142578125
0.454833984375
0.45166015625
0.4453125
0.438720703125
0.432373046875
0.426025390625
0.4228515625
0.4228515625
0.426025390625
0.44189453125
0.461181640625
0.493408203125
0.51904296875
0.55126953125
0.583251953125
0.609130859375
0.62841796875
0.64453125
0.654052734375
0.654052734375
0.654052734375
0.654052734375
0.654052734375
0.647705078125
0.64453125
0.641357421875
0.637939453125
0.634765625
0.62841796875
0.625244140625
0.6220703125
0.615478515625
0.6123046875
0.60595703125
0.59619140625
0.586669921875
0.580078125
0.5673828125
0.554443359375
0.544921875
0.53515625
0.531982421875
0.53515625
0.548095703125
0.56396484375
0.58984375
0.615478515625
0.64111328125
0.6669921875
0.68310546875
0.69580078125
0.70556640625
0.69921875
0.689453125
0.676513671875
0.660400390625
0.64111328125
0.625244140625
0.60595703125
0.593017578125
0.57373046875
0.560791015625
0.548095703125
0.53515625
0.525634765625
0.515869140625
0.503173828125
0.49658203125
0.48388671875
0.470947265625
0.45166015625
0.438720703125
0.426025390625
0.4130859375
0.403564453125
0.39697265625
0.403564453125
0.416259765625
0.432373046875
0.454833984375
0.47412109375
0.49658203125
0.503173828125
0.5126953125
0.51904296875
0.515869140625
0.509521484375
0.503173828125
0.5
0.490234375
0.480712890625
0.470947265625
0.46142578125
0.45166015625
0.442138671875
0.435546875
0.42919921875
0.41943359375
0.4130859375
0.40673828125
0.393798828125
0.387451171875
0.37451171875
0.361572265625
0.348876953125
0.3359375
0.326416015625
0.31982421875
0.31982421875
0.32958984375
0.345458984375
0.36474609375
0.390625
0.4130859375
0.435546875
0.45166015625
0.464599609375
0.470947265625
0.47412109375
0.470947265625
0.4677734375
0.46142578125
0.454833984375
0.448486328125
0.442138671875
0.435546875
0.42919921875
0.426025390625
0.4228515625
0.416259765625
0.4130859375
0.409912109375
0.403564453125
0.400146484375
0.393798828125
0.387451171875
0.380859375
0.371337890625
0.364990234375
0.3583984375
0.361572265625
0.37451171875
0.390625
0.416259765625
0.445068359375
0.477294921875
0.50634765625
0.531982421875
0.554443359375
0.57373046875
0.580078125
0.58984375
0.58984375
0.58984375
0.58984375
0.586669921875
0.58349609375
0.58349609375
0.576904296875
0.576904296875
0.57373046875
0.570556640625
0.570556640625
0.564208984375
0.564208984375
0.5576171875
0.55126953125
0.544921875
0.53515625
0.52880859375
0.51904296875
0.5126953125
0.5126953125
0.5126953125
0.522216796875
0.544677734375
0.570556640625
0.599365234375
0.634765625
0.6669921875
0.692626953125
0.7119140625
0.72802734375
0.73779296875
0.73779296875
0.734375
0.7216796875
0.708740234375
0.69580078125
0.676513671875
0.663818359375
0.64453125
0.631591796875
0.615478515625
0.599365234375
0.586669921875
0.57373046875
0.554443359375
0.54150390625
0.525390625
0.51904296875
0.503173828125
0.49658203125
0.48046875
0.464599609375
0.45166015625
0.435546875
0.435546875
0.435546875
0.4462890625
0.4677734375
0.49267578125
0.510498046875
0.53564453125
0.553466796875
0.567626953125
0.578369140625
0.578369140625
0.5712890625
0.564208984375
0.553466796875
0.5390625
0.531982421875
0.517578125
0.50341796875
0.5
0.489013671875
0.478515625
0.4677734375
0.46044921875
0.449951171875
0.439208984375
0.4248046875
0.41064453125
0.396240234375
0.3818359375
0.360595703125
0.34619140625
0.33203125
0.3212890625
0.317626953125
0.3212890625
0.33203125
0.349853515625
0.374755859375
0.39990234375
0.42138671875
0.439208984375
0.453369140625
0.46044921875
0.464111328125
0.46044921875
0.45703125
0.449951171875
0.439208984375
0.431884765625
0.42138671875
0.414306640625
0.4033203125
0.396240234375
0.38916015625
0.385498046875
0.37841796875
0.371337890625
0.3642578125
0.35693359375
0.349853515625
0.339111328125
0.34228515625
0.3359375
0.332763671875
0.326416015625
0.332763671875
0.34228515625
0.355224609375
0.377685546875
0.406494140625
0.438720703125
0.4677734375
0.49658203125
0.5126953125
0.52880859375
0.538330078125
0.544921875
0.544921875
0.544921875
0.538330078125
0.53515625
0.531982421875
0.525634765625
0.522216796875
0.51904296875
0.515869140625
0.5126953125
0.5126953125
0.50634765625
0.50634765625
0.503173828125
0.5
0.5
0.493408203125
0.48388671875
0.477294921875
0.4677734375
0.464599609375
0.464599609375
0.470947265625
0.490234375
0.50634765625
0.538330078125
0.57373046875
0.605712890625
0.634765625
0.660400390625
0.68310546875
0.692626953125
0.69921875
0.69921875
0.69921875
0.692626953125
0.689453125
0.68310546875
0.676513671875
0.670166015625
0.663818359375
0.6572265625
0.64453125
0.631591796875
0.61865234375
0.60595703125
0.593017578125
0.580078125
0.5673828125
0.554443359375
0.54150390625
0.52880859375
0.509521484375
0.5
0.49658203125
0.493408203125
0.493408203125
0.5
0.515869140625
0.538330078125
0.56396484375
0.58984375
0.609130859375
0.625244140625
0.631591796875
0.634765625
0.62841796875
0.6220703125
0.6123046875
0.599365234375
0.586669921875
0.57373046875
0.5673828125
0.554443359375
0.54150390625
0.52880859375
0.522216796875
0.509521484375
0.5
0.49658203125
0.48388671875
0.4677734375
0.45166015625
0.438720703125
0.41943359375
0.40673828125
0.393798828125
0.380859375
0.371337890625
0.371337890625
0.377685546875
0.387451171875
0.40673828125
0.426025390625
0.4453125
0.464599609375
0.477294921875
0.48388671875
0.487060546875
0.487060546875
0.480712890625
0.470947265625
0.464599609375
0.45166015625
0.4453125
0.432373046875
0.426025390625
0.416259765625
0.40673828125
0.400146484375
0.393798828125
0.387451171875
0.380859375
0.37451171875
0.3681640625
0.355224609375
0.345703125
0.3359375
0.322998046875
0.310302734375
0.3037109375
0.300537109375
0.310302734375
0.326171875
0.35205078125
0.377685546875
0.409912109375
0.435546875
0.461181640625
0.48046875
0.490234375
0.493408203125
0.493408203125
0.493408203125
0.487060546875
0.480712890625
0.477294921875
0.47412109375
0.4677734375
0.46142578125
0.4580078125
0.454833984375
0.45166015625
0.448486328125
0.448486328125
0.442138671875
0.442138671875
0.435546875
0.42919921875
0.4228515625
0.416259765625
0.40673828125
0.403564453125
0.403564453125
0.40673828125
0.41943359375
0.44189453125
0.470947265625
0.499755859375
0.528564453125
0.560791015625
0.58984375
0.59619140625
0.6123046875
0.625244140625
0.634765625
0.637939453125
0.641357421875
0.637939453125
0.634765625
0.631591796875
0.62841796875
0.6220703125
0.61865234375
0.615478515625
0.609130859375
0.609130859375
0.602783203125
0.599365234375
0.593017578125
0.586669921875
0.580078125
0.5673828125
0.560791015625
0.548095703125
0.538330078125
0.531982421875
0.525634765625
0.531982421875
0.54150390625
0.56396484375
0.58984375
0.615478515625
0.647705078125
0.67333984375
0.692626953125
0.708740234375
0.715087890625
0.715087890625
0.702392578125
0.689453125
0.67333984375
0.6572265625
0.637939453125
0.61865234375
0.6025390625
0.586669921875
0.57373046875
0.560791015625
0.548095703125
0.531982421875
0.522216796875
0.509521484375
0.5
0.490234375
0.47412109375
0.4580078125
0.4453125
0.426025390625
0.4130859375
0.40673828125
0.403564453125
0.40673828125
0.416259765625
0.432373046875
0.454833984375
0.47412109375
0.49658203125
0.503173828125
0.5126953125
0.51904296875
0.515869140625
0.5126953125
0.503173828125
0.5
0.490234375
0.48388671875
0.470947265625
0.464599609375
0.45166015625
0.4453125
0.435546875
0.426025390625
0.41943359375
0.4130859375
0.403564453125
0.393798828125
0.380859375
0.371337890625
0.361572265625
0.34228515625
0.32958984375
0.322998046875
0.3134765625
0.3134765625
0.316650390625
0.332763671875
0.35205078125
0.37451171875
0.39697265625
0.41943359375
0.438720703125
0.448486328125
0.454833984375
0.454833984375
0.454833984375
0.45166015625
0.4453125
0.438720703125
0.42919921875
0.4228515625
0.416259765625
0.409912109375
0.403564453125
0.400146484375
0.39697265625
0.390625
0.387451171875
0.38427734375
0.377685546875
0.371337890625
0.364990234375
0.355224609375
0.348876953125
0.345703125
0.345703125
0.348876953125
0.361572265625
0.384033203125
0.409912109375
0.426025390625
0.454833984375
0.487060546875
0.5126953125
0.538330078125
0.5576171875
0.57373046875
0.580078125
0.586669921875
0.58984375
0.58984375
0.58349609375
0.58349609375
0.580078125
0.576904296875
0.570556640625
0.570556640625
0.564208984375
0.564208984375
0.560791015625
0.5576171875
0.554443359375
0.548095703125
0.54150390625
0.53515625
0.52880859375
0.51904296875
0.509521484375
0.503173828125
0.5
0.503173828125
0.5126953125
0.531982421875
0.5576171875
0.58984375
0.621826171875
0.654052734375
0.6796875
0.702392578125
0.715087890625
0.724853515625
0.724853515625
0.724853515625
0.7216796875
0.708740234375
0.69580078125
0.676513671875
0.663818359375
0.65087890625
0.631591796875
0.61865234375
0.60595703125
0.593017578125
0.576904296875
0.560791015625
0.548095703125
0.531982421875
0.515869140625
0.503173828125
0.490234375
0.47412109375
0.4580078125
0.448486328125
0.4453125
0.448486328125
0.4580078125
0.47412109375
0.493408203125
0.5126953125
0.531982421875
0.55126953125
0.564208984375
0.570556640625
0.570556640625
0.570556640625
0.564208984375
0.5576171875
0.548095703125
0.53515625
0.52880859375
0.515869140625
0.503173828125
0.5
0.490234375
0.477294921875
0.470947265625
0.4580078125
0.45166015625
0.438720703125
0.432373046875
0.41943359375
0.40673828125
0.390625
0.37451171875
0.361572265625
0.348876953125
0.339111328125
0.332763671875
0.339111328125
0.348876953125
0.36474609375
0.384033203125
0.4033203125
0.426025390625
0.438720703125
0.45166015625
0.4580078125
0.46142578125
0.4580078125
0.45166015625
0.4453125
0.438720703125
0.42919921875
0.41943359375
0.4130859375
0.40673828125
0.39697265625
0.390625
0.38427734375
0.380859375
0.37451171875
0.3681640625
0.361572265625
0.355224609375
0.34228515625
0.3359375
0.326416015625
0.31982421875
0.31982421875
0.31982421875
0.326416015625
0.34228515625
0.36474609375
0.390625
0.422607421875
0.45166015625
0.48046875
0.5
0.509521484375
0.522216796875
0.525634765625
0.525634765625
0.525634765625
0.522216796875
0.51904296875
0.5126953125
0.5126953125
0.50634765625
0.503173828125
0.5
0.5
0.5
0.5
0.49658203125
0.493408203125
0.490234375
0.48388671875
0.477294921875
0.470947265625
0.464599609375
0.454833984375
0.45166015625
0.45166015625
0.4580078125
0.477294921875
0.49658203125
0.525390625
0.5576171875
0.58984375
0.621826171875
0.647705078125
0.663818359375
0.676513671875
0.686279296875
0.686279296875
0.686279296875
0.686279296875
0.68310546875
0.676513671875
0.67333984375
0.6669921875
0.66064453125
0.654052734375
0.65087890625
0.64453125
0.637939453125
0.625244140625
0.6123046875
0.599365234375
0.586669921875
0.5673828125
0.554443359375
0.54150390625
0.522216796875
0.515869140625
0.50634765625
0.509521484375
0.515869140625
0.53515625
0.5576171875
0.583251953125
0.609130859375
0.631591796875
0.647705078125
0.6572265625
0.66064453125
0.66064453125
0.654052734375
0.64453125
0.631591796875
0.615478515625
0.599365234375
0.583251953125
0.5673828125
0.554443359375
0.544921875
0.53515625
0.522216796875
0.5126953125
0.503173828125
0.49658203125
0.48388671875
0.470947265625
0.4580078125
0.438720703125
0.426025390625
0.40673828125
0.393798828125
0.387451171875
0.38427734375
0.387451171875
0.393798828125
0.4130859375
0.432373046875
0.454833984375
0.470947265625
0.487060546875
0.49658203125
0.5
0.5
0.493408203125
0.487060546875
0.477294921875
0.4677734375
0.4580078125
0.45166015625
0.438720703125
0.432373046875
0.4228515625
0.416259765625
0.39990234375
0.38916015625
0.3818359375
0.374755859375
0.3642578125
0.353271484375
0.339111328125
0.328369140625
0.32470703125
0.310546875
0.303466796875
0.292724609375
0.2890625
0.296142578125
0.314208984375
0.3427734375
0.371337890625
0.403564453125
0.435546875
0.46044921875
0.48193359375
0.496337890625
0.5
0.5
0.5
0.49267578125
0.489013671875
0.48193359375
0.474853515625
0.4677734375
0.46044921875
0.45703125
0.449951171875
0.4462890625
0.44287109375
0.435546875
0.435546875
0.428466796875
0.4248046875
0.417724609375
0.406982421875
0.39990234375
0.38916015625
0.3818359375
0.37841796875
0.3818359375
0.396240234375
0.42138671875
0.449951171875
0.485595703125
0.51416015625
0.5498046875
0.578369140625
0.603271484375
0.61767578125
0.6318359375
0.635498046875
0.63916015625
0.642822265625
0.642822265625
0.635498046875
0.635498046875
0.6318359375
0.62841796875
0.624755859375
0.621337890625
0.6142578125
0.6142578125
0.60693359375
0.603271484375
0.59619140625
0.589111328125
0.58203125
0.5712890625
0.560546875
0.5498046875
0.5390625
0.528564453125
0.528564453125
0.528564453125
0.542724609375
0.564208984375
0.5927734375
0.624755859375
0.656982421875
0.685546875
0.714111328125
0.73193359375
0.739013671875
0.739013671875
0.73193359375
0.717529296875
0.6962890625
0.681884765625
0.660400390625
0.642578125
0.624755859375
0.60693359375
0.589111328125
0.57470703125
0.560546875
0.5390625
0.52490234375
0.510498046875
0.50341796875
0.49267578125
0.474853515625
0.46044921875
0.439208984375
0.4248046875
0.41064453125
0.396240234375
0.392822265625
0.396240234375
0.4033203125
0.4248046875
0.4462890625
0.47119140625
0.489013671875
0.50341796875
0.510498046875
0.51416015625
0.51416015625
0.51416015625
0.503173828125
0.5
0.490234375
0.48388671875
0.470947265625
0.46142578125
0.45166015625
0.4453125
0.435546875
0.42919921875
0.4228515625
0.4130859375
0.40673828125
0.39697265625
0.387451171875
0.37451171875
0.361572265625
0.348876953125
0.3359375
0.322998046875
0.3134765625
0.30712890625
0.3134765625
0.322998046875
0.34228515625
0.36474609375
0.390625
0.416259765625
0.432373046875
0.4453125
0.448486328125
0.448486328125
0.448486328125
0.442138671875
0.435546875
0.42919921875
0.4228515625
0.416259765625
0.409912109375
0.400146484375
0.393798828125
0.390625
0.38427734375
0.377685546875
0.37451171875
0.371337890625
0.364990234375
0.361572265625
0.3583984375
0.355224609375
0.35205078125
0.348876953125
0.345703125
0.35205078125
0.361572265625
0.377685546875
0.4033203125
0.42919921875
0.461181640625
0.493408203125
0.5126953125
0.531982421875
0.548095703125
0.5576171875
0.564208984375
0.564208984375
0.564208984375
0.5576171875
0.5576171875
0.55126953125
0.548095703125
0.544921875
0.54150390625
0.538330078125
0.53515625
0.531982421875
0.531982421875
0.525634765625
0.522216796875
0.51904296875
0.5126953125
0.50634765625
0.5
0.49658203125
0.490234375
0.487060546875
0.487060546875
0.49658203125
0.503173828125
0.525390625
0.5576171875
0.58642578125
0.61865234375
0.647705078125
0.670166015625
0.68310546875
0.69580078125
0.69921875
0.69921875
0.69580078125
0.692626953125
0.686279296875
0.679931640625
0.670166015625
0.663818359375
0.64453125
0.631591796875
0.61865234375
0.60595703125
0.593017578125
0.580078125
0.5673828125
0.548095703125
0.53515625
0.522216796875
0.503173828125
0.49658203125
0.477294921875
0.470947265625
0.46142578125
0.46142578125
0.470947265625
0.48388671875
0.503173828125
0.51904296875
0.54150390625
0.560791015625
0.57373046875
0.576904296875
0.58349609375
0.58349609375
0.580078125
0.57373046875
0.564208984375
0.554443359375
0.54150390625
0.531982421875
0.522216796875
0.509521484375
0.5
0.493408203125
0.48388671875
0.47412109375
0.464599609375
0.454833984375
0.4453125
0.432373046875
0.41943359375
0.40673828125
0.393798828125
0.37451171875
0.361572265625
0.35205078125
0.345703125
0.345703125
0.35205078125
0.36474609375
0.384033203125
0.4033203125
0.422607421875
0.438720703125
0.45166015625
0.4580078125
0.46142578125
0.4580078125
0.45166015625
0.4453125
0.435546875
0.426025390625
0.41943359375
0.409912109375
0.403564453125
0.39697265625
0.387451171875
0.38427734375
0.377685546875
0.371337890625
0.364990234375
0.3583984375
0.35205078125
0.34228515625
0.332763671875
0.322998046875
0.316650390625
0.3134765625
0.3134765625
0.2998046875
0.310546875
0.33544921875
0.364013671875
0.392578125
0.428466796875
0.45703125
0.48193359375
0.5
0.50341796875
0.510498046875
0.51416015625
0.51416015625
0.507080078125
0.507080078125
0.5
0.5
0.5
0.49267578125
0.489013671875
0.485595703125
0.478515625
0.478515625
0.478515625
0.471435546875
0.471435546875
0.464111328125
0.46044921875
0.453369140625
0.4462890625
0.435546875
0.428466796875
0.428466796875
0.428466796875
0.431884765625
0.449951171875
0.47119140625
0.50341796875
0.53564453125
0.5712890625
0.60693359375
0.635498046875
0.6533203125
0.667724609375
0.678466796875
0.681884765625
0.685546875
0.678466796875
0.678466796875
0.67138671875
0.667724609375
0.660400390625
0.656982421875
0.64990234375
0.642822265625
0.63916015625
0.635498046875
0.62841796875
0.61767578125
0.610595703125
0.59619140625
0.589111328125
0.57470703125
0.560546875
0.546142578125
0.53564453125
0.528564453125
0.528564453125
0.5390625
0.553466796875
0.578369140625
0.60693359375
0.6318359375
0.642822265625
0.656982421875
0.6748046875
0.685546875
0.685546875
0.6748046875
0.667724609375
0.64990234375
0.6318359375
0.61767578125
0.59619140625
0.58203125
0.567626953125
0.553466796875
0.5390625
0.52490234375
0.51416015625
0.50341796875
0.5
0.489013671875
0.474853515625
0.46044921875
0.439208984375
0.4248046875
0.41064453125
0.38916015625
0.374755859375
0.36767578125
0.3642578125
0.36767578125
0.3818359375
0.39990234375
0.42138671875
0.442626953125
0.46044921875
0.474853515625
0.485595703125
0.485595703125
0.485595703125
0.478515625
0.471435546875
0.46044921875
0.449951171875
0.439208984375
0.428466796875
0.417724609375
0.41064453125
0.39990234375
0.392822265625
0.385498046875
0.37841796875
0.349853515625
0.341552734375
0.3291015625
0.316650390625
0.303955078125
0.287353515625
0.270751953125
0.262451171875
0.25830078125
0.25830078125
0.270751953125
0.29150390625
0.316650390625
0.349853515625
0.387451171875
0.420654296875
0.449951171875
0.470703125
0.4873046875
0.491455078125
0.49560546875
0.491455078125
0.483154296875
0.474853515625
0.466552734375
0.4541015625
0.44580078125
0.441650390625
0.433349609375
0.428955078125
0.4248046875
0.41650390625
0.41650390625
0.408203125
0.404052734375
0.395751953125
0.387451171875
0.379150390625
0.366455078125
0.35400390625
0.349853515625
0.341552734375
0.349853515625
0.3623046875
0.3916015625
0.4248046875
0.466552734375
0.499755859375
0.533203125
0.56640625
0.595703125
0.616455078125
0.629150390625
0.63330078125
0.6416015625
0.63330078125
0.63330078125
0.63330078125
0.625
0.625
0.616455078125
0.616455078125
0.5927734375
0.5927734375
0.585693359375
0.585693359375
0.578369140625
0.5712890625
0.567626953125
0.55712890625
0.546142578125
0.5390625
0.52490234375
0.517578125
0.51416015625
0.517578125
0.531982421875
0.5498046875
0.578369140625
0.610595703125
0.642578125
0.671142578125
0.69970703125
0.717529296875
0.73193359375
0.735595703125
0.735595703125
0.724853515625
0.71044921875
0.692626953125
0.6748046875
0.660400390625
0.63916015625
0.624755859375
0.60693359375
0.589111328125
0.57470703125
0.560546875
0.546142578125
0.531982421875
0.517578125
0.50341796875
0.496337890625
0.478515625
0.46044921875
0.4462890625
0.431884765625
0.42138671875
0.414306640625
0.417724609375
0.428466796875
0.4462890625
0.464111328125
0.489013671875
0.50341796875
0.517578125
0.531982421875
0.5390625
0.542724609375
0.53564453125
0.528564453125
0.517578125
0.510498046875
0.5
0.49267578125
0.48193359375
0.4677734375
0.46044921875
0.449951171875
0.439208984375
0.431884765625
0.42138671875
0.41064453125
0.4033203125
0.38916015625
0.374755859375
0.360595703125
0.34619140625
0.33203125
0.317626953125
0.310546875
0.30712890625
0.310546875
0.3212890625
0.339111328125
0.360595703125
0.385498046875
0.406982421875
0.4248046875
0.439208984375
0.4462890625
0.449951171875
0.4462890625
0.439208984375
0.431884765625
0.4248046875
0.417724609375
0.406982421875
0.39990234375
0.392822265625
0.385498046875
0.3818359375
0.374755859375
0.371337890625
0.3642578125
0.360595703125
0.35693359375
0.353271484375
0.349853515625
0.34619140625
0.3427734375
0.335693359375
0.335693359375
0.335693359375
0.34619140625
0.364013671875
0.38916015625
0.42138671875
0.45703125
0.4892578125
0.51416015625
0.53564453125
0.553466796875
0.564208984375
0.5712890625
0.5712890625
0.564208984375
0.5576171875
0.5576171875
0.55126953125
0.548095703125
0.544921875
0.538330078125
0.538330078125
0.538330078125
0.531982421875
0.531982421875
0.531982421875
0.525634765625
0.522216796875
0.515869140625
0.509521484375
0.5
0.5
0.493408203125
0.487060546875
0.487060546875
0.49658203125
0.503173828125
0.525390625
0.5576171875
0.58642578125
0.61865234375
0.647705078125
0.67333984375
0.689453125
0.702392578125
0.708740234375
0.7119140625
0.7119140625
0.70556640625
0.702392578125
0.69580078125
0.68310546875
0.670166015625
0.66064453125
0.65087890625
0.637939453125
0.625244140625
0.6123046875
0.599365234375
0.586669921875
0.57373046875
0.554443359375
0.54150390625
0.52880859375
0.509521484375
0.5
0.490234375
0.480712890625
0.47412109375
0.47412109375
0.48388671875
0.49658203125
0.5126953125
0.538330078125
0.56396484375
0.580078125
0.599365234375
0.60595703125
0.609130859375
0.609130859375
0.602783203125
0.593017578125
0.58349609375
0.57373046875
0.560791015625
0.548095703125
0.54150390625
0.52880859375
0.515869140625
0.509521484375
0.5
0.49658203125
0.48388671875
0.477294921875
0.464599609375
0.45166015625
0.432373046875
0.41943359375
0.4033203125
0.387451171875
0.37451171875
0.3681640625
0.364990234375
0.37451171875
0.387451171875
0.4033203125
0.422607421875
0.44189453125
0.4580078125
0.470947265625
0.480712890625
0.480712890625
0.480712890625
0.47412109375
0.4677734375
0.4580078125
0.45166015625
0.442138671875
0.432373046875
0.426025390625
0.416259765625
0.409912109375
0.403564453125
0.39697265625
0.390625
0.38427734375
0.377685546875
0.3681640625
0.361572265625
0.348876953125
0.3359375
0.326416015625
0.316650390625
0.310302734375
0.3134765625
0.322998046875
0.339111328125
0.36474609375
0.37841796875
0.406982421875
0.442626953125
0.4677734375
0.489013671875
0.5
0.5
0.5
0.5
0.5
0.5
0.49267578125
0.489013671875
0.485595703125
0.478515625
0.474853515625
0.471435546875
0.4677734375
0.464111328125
0.464111328125
0.46044921875
0.45703125
0.453369140625
0.4462890625
0.44287109375
0.431884765625
0.4248046875
0.417724609375
0.414306640625
0.414306640625
0.417724609375
0.435546875
0.45703125
0.49267578125
0.517822265625
0.553466796875
0.58544921875
0.614013671875
0.63916015625
0.6533203125
0.660400390625
0.6640625
0.6640625
0.6640625
0.6640625
0.656982421875
0.656982421875
0.64990234375
0.646240234375
0.642822265625
0.635498046875
0.635498046875
0.62841796875
0.621337890625
0.61767578125
0.60693359375
0.59619140625
0.589111328125
0.57470703125
0.560546875
0.546142578125
0.5390625
0.53564453125
0.53564453125
0.542724609375
0.560546875
0.58544921875
0.614013671875
0.642578125
0.671142578125
0.68896484375
0.703369140625
0.70703125
0.703369140625
0.68896484375
0.6748046875
0.656982421875
0.63916015625
0.61767578125
0.603271484375
0.58544921875
0.567626953125
0.553466796875
0.5390625
0.52490234375
0.51416015625
0.50341796875
0.496337890625
0.489013671875
0.47119140625
0.453369140625
0.439208984375
0.4248046875
0.406982421875
0.392822265625
0.3818359375
0.37841796875
0.37841796875
0.38916015625
0.4033203125
0.4248046875
0.4462890625
0.4677734375
0.48193359375
0.496337890625
0.5
0.5
0.49267578125
0.485595703125
0.474853515625
0.4677734375
0.453369140625
0.4462890625
0.431884765625
0.4248046875
0.414306640625
0.4033203125
0.396240234375
0.38916015625
0.3818359375
0.371337890625
0.360595703125
0.353271484375
0.339111328125
0.295654296875
0.279052734375
0.262451171875
0.25
0.25
0.254150390625
0.270751953125
0.295654296875
0.324951171875
0.358154296875
0.3916015625
0.4248046875
0.449951171875
0.466552734375
0.474853515625
0.483154296875
0.47900390625
0.474853515625
0.470703125
0.46240234375
0.4541015625
0.441650390625
0.428955078125
0.420654296875
0.412353515625
0.408203125
0.39990234375
0.395751953125
0.3916015625
0.38330078125
0.375
0.37060546875
0.3623046875
0.35400390625
0.341552734375
0.333251953125
0.333251953125
0.333251953125
0.33740234375
0.35400390625
0.38330078125
0.41650390625
0.4541015625
0.491455078125
0.52490234375
0.55810546875
0.583251953125
0.60400390625
0.6123046875
0.616455078125
0.616455078125
0.616455078125
0.616455078125
0.608154296875
0.60400390625
0.599853515625
0.595703125
0.591552734375
0.58740234375
0.583251953125
0.583251953125
0.574951171875
0.57080078125
0.562255859375
0.55810546875
0.545654296875
0.537353515625
0.52490234375
0.5166015625
0.50830078125
0.5
0.50830078125
0.520751953125
0.54150390625
0.574951171875
0.608154296875
0.64990234375
0.687255859375
0.716552734375
0.74560546875
0.75830078125
0.7666015625
0.7666015625
0.754150390625
0.7373046875
0.720703125
0.7041015625
0.687255859375
0.66650390625
0.645751953125
0.629150390625
0.6123046875
0.595703125
0.574951171875
0.553955078125
0.537353515625
0.520751953125
0.504150390625
0.49560546875
0.47900390625
0.46240234375
0.4375
0.420654296875
0.412353515625
0.408203125
0.408203125
0.420654296875
0.4375
0.46240234375
0.491455078125
0.504150390625
0.529052734375
0.54150390625
0.5498046875
0.5498046875
0.5498046875
0.54150390625
0.529052734375
0.520751953125
0.504150390625
0.49560546875
0.4873046875
0.470703125
0.46240234375
0.453369140625
0.4462890625
0.435546875
0.4248046875
0.417724609375
0.406982421875
0.396240234375
0.3818359375
0.36767578125
0.353271484375
0.339111328125
0.32470703125
0.317626953125
0.314208984375
0.314208984375
0.32470703125
0.339111328125
0.360595703125
0.385498046875
0.4033203125
0.4248046875
0.435546875
0.44287109375
0.44287109375
0.44287109375
0.435546875
0.428466796875
0.42138671875
0.414306640625
0.4033203125
0.396240234375
0.38916015625
0.385498046875
0.37841796875
0.374755859375
0.371337890625
0.3642578125
0.360595703125
0.35693359375
0.35693359375
0.349853515625
0.34619140625
0.3427734375
0.335693359375
0.335693359375
0.335693359375
0.339111328125
0.35693359375
0.37841796875
0.406982421875
0.42138671875
0.449951171875
0.478515625
0.50341796875
0.52490234375
0.5390625
0.5498046875
0.553466796875
0.55712890625
0.55712890625
0.5498046875
0.5498046875
0.538330078125
0.538330078125
0.53515625
0.531982421875
0.531982421875
0.531982421875
0.52880859375
0.525634765625
0.522216796875
0.51904296875
0.5126953125
0.509521484375
0.503173828125
0.5
0.493408203125
0.487060546875
0.48388671875
0.48388671875
0.490234375
0.503173828125
0.525390625
0.554443359375
0.58642578125
0.61865234375
0.647705078125
0.670166015625
0.689453125
0.702392578125
0.70556640625
0.7119140625
0.708740234375
0.70556640625
0.702392578125
0.69580078125
0.689453125
0.676513671875
0.663818359375
0.65087890625
0.641357421875
0.631591796875
0.61865234375
0.60595703125
0.593017578125
0.580078125
0.560791015625
0.548095703125
0.52880859375
0.515869140625
0.50634765625
0.5
0.5
0.5
0.503173828125
0.515869140625
0.538330078125
0.5576171875
0.583251953125
0.6025390625
0.61865234375
0.62841796875
0.634765625
0.62841796875
0.625244140625
0.6123046875
0.602783203125
0.593017578125
0.580078125
0.570556640625
0.560791015625
0.548095703125
0.54150390625
0.52880859375
0.522216796875
0.509521484375
0.5
0.49658203125
0.48388671875
0.470947265625
0.4580078125
0.438720703125
0.426025390625
0.409912109375
0.400146484375
0.387451171875
0.38427734375
0.390625
0.400146484375
0.416259765625
0.435546875
0.454833984375
0.470947265625
0.48388671875
0.493408203125
0.493408203125
0.493408203125
0.487060546875
0.48388671875
0.47412109375
0.464599609375
0.4580078125
0.448486328125
0.438720703125
0.435546875
0.42919921875
0.4228515625
0.416259765625
0.409912109375
0.403564453125
0.39697265625
0.387451171875
0.380859375
0.371337890625
0.361572265625
0.348876953125
0.3359375
0.32958984375
0.31982421875
0.31982421875
0.322998046875
0.3359375
0.3583984375
0.384033203125
0.409912109375
0.44189453125
0.461181640625
0.477294921875
0.487060546875
0.490234375
0.493408203125
0.487060546875
0.487060546875
0.480712890625
0.477294921875
0.47412109375
0.4677734375
0.464599609375
0.46142578125
0.4580078125
0.454833984375
0.454833984375
0.454833984375
0.448486328125
0.448486328125
0.442138671875
0.438720703125
0.432373046875
0.426025390625
0.41943359375
0.416259765625
0.416259765625
0.41943359375
0.432373046875
0.454833984375
0.48046875
0.50634765625
0.538330078125
0.570556640625
0.59619140625
0.615478515625
0.631591796875
0.637939453125
0.64453125
0.647705078125
0.647705078125
0.641357421875
0.641357421875
0.634765625
0.634765625
0.62841796875
0.62841796875
0.6220703125
0.61865234375
0.615478515625
0.609130859375
0.602783203125
0.59619140625
0.58984375
0.580078125
0.57373046875
0.560791015625
0.55126953125
0.544921875
0.538330078125
0.538330078125
0.548095703125
0.5673828125
0.58984375
0.615478515625
0.64111328125
0.6669921875
0.689453125
0.702392578125
0.708740234375
0.70556640625
0.69580078125
0.689453125
0.67333984375
0.6572265625
0.637939453125
0.621826171875
0.60595703125
0.586669921875
0.57373046875
0.560791015625
0.548095703125
0.53515625
0.522216796875
0.5126953125
0.503173828125
0.49658203125
0.48046875
0.464599609375
0.45166015625
0.438720703125
0.41943359375
0.4130859375
0.400146484375
0.39697265625
0.403564453125
0.4130859375
0.42919921875
0.448486328125
0.4677734375
0.487060546875
0.5
0.503173828125
0.50634765625
0.50634765625
0.503173828125
0.5
0.493408203125
0.48388671875
0.47412109375
0.464599609375
0.454833984375
0.4453125
0.438720703125
0.42919921875
0.41943359375
0.4130859375
0.40673828125
0.39697265625
0.387451171875
0.377685546875
0.3681640625
0.355224609375
0.34228515625
0.32958984375
0.2666015625
0.25830078125
0.25830078125
0.270751953125
0.29150390625
0.324951171875
0.358154296875
0.3916015625
0.4248046875
0.44580078125
0.46240234375
0.474853515625
0.474853515625
0.470703125
0.46240234375
0.458251953125
0.44580078125
0.4375
0.428955078125
0.41650390625
0.408203125
0.404052734375
0.39990234375
0.3916015625
0.387451171875
0.38330078125
0.375
0.366455078125
0.358154296875
0.349853515625
0.33740234375
0.333251953125
0.324951171875
0.3291015625
0.33740234375
0.35400390625
0.374755859375
0.408203125
0.449951171875
0.491455078125
0.5166015625
0.5498046875
0.5791015625
0.595703125
0.608154296875
0.616455078125
0.616455078125
0.616455078125
0.6123046875
0.608154296875
0.608154296875
0.599853515625
0.599853515625
0.595703125
0.591552734375
0.591552734375
0.583251953125
0.583251953125
0.574951171875
0.57080078125
0.566650390625
0.553955078125
0.545654296875
0.537353515625
0.52490234375
0.5166015625
0.50830078125
0.5166015625
0.529052734375
0.5498046875
0.583251953125
0.62060546875
0.662353515625
0.699951171875
0.733154296875
0.762451171875
0.779052734375
0.79150390625
0.787353515625
0.779052734375
0.770751953125
0.754150390625
0.7373046875
0.716552734375
0.69580078125
0.678955078125
0.658203125
0.637451171875
0.62060546875
0.60400390625
0.58740234375
0.57080078125
0.553955078125
0.537353515625
0.520751953125
0.504150390625
0.4873046875
0.470703125
0.4541015625
0.4375
0.4248046875
0.4248046875
0.4248046875
0.4375
0.46240234375
0.491455078125
0.50830078125
0.537353515625
0.562255859375
0.574951171875
0.583251953125
0.583251953125
0.5791015625
0.57080078125
0.562255859375
0.545654296875
0.537353515625
0.520751953125
0.512451171875
0.5
0.491455078125
0.47900390625
0.471435546875
0.46044921875
0.453369140625
0.44287109375
0.431884765625
0.417724609375
0.4033203125
0.38916015625
0.371337890625
0.353271484375
0.339111328125
0.328369140625
0.3212890625
0.328369140625
0.339111328125
0.353271484375
0.374755859375
0.39990234375
0.417724609375
0.439208984375
0.449951171875
0.45703125
0.45703125
0.453369140625
0.449951171875
0.44287109375
0.431884765625
0.4248046875
0.417724609375
0.41064453125
0.39990234375
0.392822265625
0.385498046875
0.37841796875
0.374755859375
0.36767578125
0.3642578125
0.35693359375
0.34619140625
0.339111328125
0.328369140625
0.3212890625
0.317626953125
0.314208984375
0.314208984375
0.32470703125
0.339111328125
0.364013671875
0.392578125
0.4248046875
0.45703125
0.485595703125
0.50341796875
0.517578125
0.528564453125
0.53564453125
0.53564453125
0.53564453125
0.531982421875
0.528564453125
0.521240234375
0.521240234375
0.5126953125
0.5126953125
0.50634765625
0.50634765625
0.50634765625
0.5
0.5
0.5
0.5
0.493408203125
0.487060546875
0.480712890625
0.47412109375
0.4677734375
0.46142578125
0.46142578125
0.470947265625
0.487060546875
0.50634765625
0.531982421875
0.567138671875
0.59619140625
0.60595703125
0.634765625
0.654052734375
0.670166015625
0.68310546875
0.689453125
0.692626953125
0.692626953125
0.686279296875
0.686279296875
0.679931640625
0.676513671875
0.670166015625
0.663818359375
0.6572265625
0.64453125
0.631591796875
0.625244140625
0.6123046875
0.599365234375
0.586669921875
0.570556640625
0.554443359375
0.54150390625
0.52880859375
0.515869140625
0.50634765625
0.50634765625
0.50634765625
0.515869140625
0.53515625
0.5576171875
0.580078125
0.6025390625
0.621826171875
0.637939453125
0.64453125
0.647705078125
0.64453125
0.637939453125
0.631591796875
0.61865234375
0.60595703125
0.599365234375
0.586669921875
0.57373046875
0.560791015625
0.55126953125
0.54150390625
0.52880859375
0.515869140625
0.509521484375
0.5
0.490234375
0.470947265625
0.4580078125
0.44189453125
0.426025390625
0.4130859375
0.400146484375
0.393798828125
0.390625
0.393798828125
0.40673828125
0.41943359375
0.438720703125
0.4580078125
0.470947265625
0.48388671875
0.493408203125
0.493408203125
0.493408203125
0.487060546875
0.480712890625
0.470947265625
0.46142578125
0.45166015625
0.4453125
0.432373046875
0.426025390625
0.41943359375
0.409912109375
0.403564453125
0.393798828125
0.387451171875
0.380859375
0.3681640625
0.361572265625
0.348876953125
0.339111328125
0.32958984375
0.316650390625
0.310302734375
0.30712890625
0.310302734375
0.326171875
0.345458984375
0.37451171875
0.4033203125
0.42919921875
0.4453125
0.461181640625
0.477294921875
0.48388671875
0.487060546875
0.487060546875
0.48388671875
0.480712890625
0.47412109375
0.4677734375
0.46142578125
0.4580078125
0.45166015625
0.448486328125
0.4453125
0.442138671875
0.442138671875
0.435546875
0.435546875
0.42919921875
0.426025390625
0.4228515625
0.416259765625
0.40673828125
0.400146484375
0.39697265625
0.39697265625
0.400146484375
0.416259765625
0.435546875
0.461181640625
0.493408203125
0.51904296875
0.544677734375
0.570556640625
0.593017578125
0.60595703125
0.615478515625
0.6220703125
0.6220703125
0.6220703125
0.6220703125
0.615478515625
0.615478515625
0.609130859375
0.60595703125
0.602783203125
0.599365234375
0.59619140625
0.593017578125
0.58984375
0.58349609375
0.576904296875
0.570556640625
0.560791015625
0.554443359375
0.54150390625
0.53515625
0.52880859375
0.525634765625
0.52880859375
0.54150390625
0.560791015625
0.583251953125
0.615478515625
0.64111328125
0.6669921875
0.686279296875
0.702392578125
0.708740234375
0.7119140625
0.708740234375
0.69580078125
0.6796875
0.663818359375
0.647705078125
0.631591796875
0.6123046875
0.599365234375
0.580078125
0.5673828125
0.554443359375
0.54150390625
0.52880859375
0.515869140625
0.503173828125
0.49658203125
0.48388671875
0.470947265625
0.45166015625
0.438720703125
0.426025390625
0.416259765625
0.409912109375
0.416259765625
0.426025390625
0.438720703125
0.461181640625
0.48046875
0.49658203125
0.503173828125
0.5126953125
0.51904296875
0.515869140625
0.509521484375
0.503173828125
0.5
0.490234375
0.480712890625
0.470947265625
0.4580078125
0.45166015625
0.442138671875
0.432373046875
0.426025390625
0.416259765625
0.409912109375
0.400146484375
0.390625
0.380859375
0.3681640625
0.355224609375
0.34228515625
0.32958984375
0.316650390625
0.3134765625
0.2890625
0.296142578125
0.310546875
0.328369140625
0.35693359375
0.385498046875
0.4140625
0.431884765625
0.449951171875
0.45703125
0.45703125
0.453369140625
0.4462890625
0.439208984375
0.431884765625
0.4248046875
0.417724609375
0.41064453125
0.4033203125
0.39990234375
0.392822265625
0.385498046875
0.3818359375
0.37841796875
0.371337890625
0.3642578125
0.35693359375
0.349853515625
0.34619140625
0.3427734375
0.335693359375
0.335693359375
0.3427734375
0.353271484375
0.374755859375
0.39990234375
0.435546875
0.47119140625
0.499755859375
0.517578125
0.5283203125
0.5498046875
0.564208984375
0.5712890625
0.578369140625
0.578369140625
0.578369140625
0.57470703125
0.5712890625
0.5712890625
0.564208984375
0.564208984375
0.55712890625
0.55712890625
0.55712890625
0.5498046875
0.5498046875
0.546142578125
0.542724609375
0.53564453125
0.528564453125
0.521240234375
0.510498046875
0.50341796875
0.5
0.5
0.5
0.510498046875
0.53564453125
0.564208984375
0.5927734375
0.62841796875
0.656982421875
0.685546875
0.71044921875
0.724853515625
0.73193359375
0.735595703125
0.735595703125
0.73193359375
0.724853515625
0.71044921875
0.6962890625
0.678466796875
0.660400390625
0.646240234375
0.6318359375
0.61767578125
0.603271484375
0.589111328125
0.57470703125
0.560546875
0.5390625
0.52490234375
0.510498046875
0.5
0.485595703125
0.4677734375
0.46044921875
0.45703125
0.45703125
0.4677734375
0.485595703125
0.50341796875
0.5283203125
0.5498046875
0.567626953125
0.58203125
0.585693359375
0.589111328125
0.585693359375
0.578369140625
0.567626953125
0.560546875
0.546142578125
0.531982421875
0.52490234375
0.510498046875
0.5
0.496337890625
0.48193359375
0.474853515625
0.46044921875
0.453369140625
0.4453125
0.432373046875
0.41943359375
0.40673828125
0.393798828125
0.377685546875
0.361572265625
0.355224609375
0.348876953125
0.348876953125
0.355224609375
0.371337890625
0.387451171875
0.40673828125
0.426025390625
0.438720703125
0.45166015625
0.454833984375
0.46142578125
0.454833984375
0.45166015625
0.4453125
0.438720703125
0.42919921875
0.41943359375
0.4130859375
0.403564453125
0.39697265625
0.390625
0.38427734375
0.377685546875
0.371337890625
0.364990234375
0.3583984375
0.35205078125
0.34228515625
0.332763671875
0.322998046875
0.316650390625
0.3134765625
0.3134765625
0.31982421875
0.332763671875
0.35205078125
0.377685546875
0.406494140625
0.435546875
0.461181640625
0.48388671875
0.5
0.503173828125
0.50634765625
0.50634765625
0.503173828125
0.5
0.5
0.5
0.49658203125
0.493408203125
0.487060546875
0.487060546875
0.480712890625
0.480712890625
0.47412109375
0.47412109375
0.470947265625
0.4677734375
0.46142578125
0.454833984375
0.448486328125
0.442138671875
0.435546875
0.435546875
0.435546875
0.435546875
0.4453125
0.461181640625
0.487060546875
0.509521484375
0.538330078125
0.570556640625
0.59619140625
0.621826171875
0.637939453125
0.65087890625
0.6572265625
0.66064453125
0.66064453125
0.66064453125
0.6572265625
0.654052734375
0.647705078125
0.641357421875
0.637939453125
0.634765625
0.62841796875
0.6220703125
0.61865234375
0.6123046875
0.60595703125
0.59619140625
0.586669921875
0.57373046875
0.560791015625
0.548095703125
0.538330078125
0.52880859375
0.525634765625
0.525634765625
0.53515625
0.55126953125
0.57373046875
0.59619140625
0.621826171875
0.64111328125
0.6572265625
0.663818359375
0.6669921875
0.6669921875
0.66064453125
0.647705078125
0.631591796875
0.615478515625
0.599365234375
0.586669921875
0.5673828125
0.554443359375
0.544921875
0.53515625
0.522216796875
0.5126953125
0.503173828125
0.49658203125
0.48388671875
0.470947265625
0.4580078125
0.44189453125
0.426025390625
0.4130859375
0.400146484375
0.390625
0.38427734375
0.390625
0.400146484375
0.416259765625
0.435546875
0.454833984375
0.470947265625
0.48388671875
0.487060546875
0.493408203125
0.490234375
0.487060546875
0.48388671875
0.477294921875
0.4677734375
0.4580078125
0.45166015625
0.442138671875
0.432373046875
0.4228515625
0.416259765625
0.40673828125
0.400146484375
0.393798828125
0.387451171875
0.380859375
0.371337890625
0.361572265625
0.348876953125
0.3359375
0.32958984375
0.316650390625
0.310302734375
0.30712890625
0.310302734375
0.326171875
0.348876953125
0.37451171875
0.4033203125
0.42919921875
0.448486328125
0.464599609375
0.47412109375
0.480712890625
0.480712890625
0.477294921875
0.47412109375
0.4677734375
0.46142578125
0.454833984375
0.448486328125
0.4453125
0.442138671875
0.435546875
0.432373046875
0.42919921875
0.426025390625
0.4228515625
0.41943359375
0.416259765625
0.409912109375
0.403564453125
0.39697265625
0.390625
0.387451171875
0.38427734375
0.390625
0.4033203125
0.422607421875
0.448486328125
0.477294921875
0.503173828125
0.531982421875
0.5576171875
0.564208984375
0.5673828125
0.580078125
0.593017578125
0.599365234375
0.602783203125
0.602783203125
0.602783203125
0.602783203125
0.599365234375
0.59619140625
0.59619140625
0.593017578125
0.58984375
0.58984375
0.58984375
0.58349609375
0.580078125
0.576904296875
0.570556640625
0.564208984375
0.5576171875
0.548095703125
0.54150390625
0.531982421875
0.525634765625
0.525634765625
0.53515625
0.548095703125
0.570556640625
0.599365234375
0.62841796875
0.660400390625
0.70703125
0.728271484375
0.74267578125
0.75
0.75
0.739013671875
0.728271484375
0.71044921875
0.6962890625
0.6748046875
0.660400390625
0.63916015625
0.624755859375
0.60693359375
0.589111328125
0.57470703125
0.560546875
0.546142578125
0.531982421875
0.517578125
0.50341796875
0.489013671875
0.474853515625
0.46044921875
0.4462890625
0.431884765625
0.4248046875
0.4248046875
0.431884765625
0.4462890625
0.464111328125
0.489013671875
0.50341796875
0.52490234375
0.5390625
0.5498046875
0.5498046875
0.5498046875
0.546142578125
0.5390625
0.52490234375
0.517578125
0.50341796875
0.5
0.489013671875
0.478515625
0.4677734375
0.46044921875
0.449951171875
0.439208984375
0.431884765625
0.417724609375
0.41064453125
0.396240234375
0.3818359375
0.36767578125
0.353271484375
0.339111328125
0.32470703125
0.3212890625
0.317626953125
0.32470703125
0.355224609375
0.37451171875
0.39697265625
0.416259765625
0.435546875
0.45166015625
0.4580078125
0.46142578125
0.46142578125
0.46142578125
0.454833984375
0.448486328125
0.438720703125
0.432373046875
0.426025390625
0.41943359375
0.409912109375
0.403564453125
0.400146484375
0.393798828125
0.390625
0.38427734375
0.377685546875
0.37451171875
0.3681640625
0.3583984375
0.348876953125
0.339111328125
0.332763671875
0.332763671875
0.339111328125
0.35205078125
0.371337890625
0.39697265625
0.42919921875
0.461181640625
0.493408203125
0.509521484375
0.52880859375
0.54150390625
0.548095703125
0.55126953125
0.55126953125
0.55126953125
0.55126953125
0.544921875
0.544921875
0.538330078125
0.538330078125
0.53515625
0.531982421875
0.531982421875
0.525634765625
0.525634765625
0.522216796875
0.51904296875
0.5126953125
0.50634765625
0.5
0.5
0.493408203125
0.487060546875
0.487060546875
0.490234375
0.5
0.5126953125
0.54150390625
0.57373046875
0.605712890625
0.634765625
0.660400390625
0.68310546875
0.69580078125
0.70556640625
0.7119140625
0.708740234375
0.70556640625
0.69921875
0.692626953125
0.686279296875
0.676513671875
0.663818359375
0.65087890625
0.637939453125
0.625244140625
0.6123046875
0.599365234375
0.580078125
0.5673828125
0.55126953125
0.53515625
0.522216796875
0.509521484375
0.49658203125
0.487060546875
0.477294921875
0.47412109375
0.477294921875
0.490234375
0.503173828125
0.51904296875
0.544677734375
0.56396484375
0.580078125
0.593017578125
0.599365234375
0.59619140625
0.593017578125
0.586669921875
0.576904296875
0.5673828125
0.554443359375
0.544921875
0.53515625
0.522216796875
0.509521484375
0.503173828125
0.49658203125
0.490234375
0.477294921875
0.464599609375
0.45166015625
0.438720703125
0.426025390625
0.4130859375
0.400146484375
0.387451171875
0.37451171875
0.361572265625
0.3583984375
0.3583984375
0.364990234375
0.380859375
0.39697265625
0.416259765625
0.435546875
0.45166015625
0.46142578125
0.464599609375
0.464599609375
0.46142578125
0.454833984375
0.4453125
0.438720703125
0.42919921875
0.41943359375
0.4130859375
0.403564453125
0.39697265625
0.390625
0.38427734375
0.377685546875
0.371337890625
0.364990234375
0.3583984375
0.348876953125
0.34228515625
0.32958984375
0.322998046875
0.310302734375
0.30712890625
0.310302734375
0.316650390625
0.32958984375
0.35205078125
0.377685546875
0.4033203125
0.435546875
0.461181640625
0.48046875
0.49658203125
0.5
0.5
0.5
0.5
0.5
0.493408203125
0.490234375
0.487060546875
0.480712890625
0.480712890625
0.47412109375
0.47412109375
0.470947265625
0.4677734375
0.464599609375
0.46142578125
0.4580078125
0.454833984375
0.448486328125
0.442138671875
0.435546875
0.42919921875
0.4228515625
0.426025390625
0.432373046875
0.45166015625
0.47412109375
0.499755859375
0.528564453125
0.5576171875
0.58984375
0.6123046875
0.631591796875
0.641357421875
0.647705078125
0.654052734375
0.65087890625
0.647705078125
0.64453125
0.641357421875
0.637939453125
0.634765625
0.62841796875
0.625244140625
0.6220703125
0.61865234375
0.615478515625
0.609130859375
0.60595703125
0.599365234375
0.58984375
0.580078125
0.570556640625
0.560791015625
0.548095703125
0.53515625
0.52880859375
0.525634765625
0.531982421875
0.54150390625
0.56396484375
0.58984375
0.615478515625
0.637939453125
0.6572265625
0.676513671875
0.68310546875
0.686279296875
0.68310546875
0.670166015625
0.6572265625
0.64111328125
0.625244140625
0.609130859375
0.593017578125
0.580078125
0.56396484375
0.548095703125
0.53515625
0.52880859375
0.515869140625
0.509521484375
0.5
0.490234375
0.477294921875
0.464599609375
0.4453125
0.432373046875
0.41943359375
0.40673828125
0.400146484375
0.39697265625
0.403564453125
0.416259765625
0.432373046875
0.45166015625
0.470947265625
0.490234375
0.5
0.5
0.50634765625
0.5
0.5
0.493408203125
0.48388671875
0.477294921875
0.4677734375
0.4580078125
0.448486328125
0.438720703125
0.432373046875
0.426025390625
0.41943359375
0.4130859375
0.40673828125
0.39697265625
0.387451171875
0.377685546875
0.3681640625
0.355224609375
0.34228515625
0.32958984375
0.322998046875
0.31982421875
0.322998046875
0.32958984375
0.348876953125
0.371337890625
0.39697265625
0.422607421875
0.438720703125
0.45166015625
0.46142578125
0.4677734375
0.4677734375
0.46142578125
0.4580078125
0.45166015625
0.448486328125
0.442138671875
0.435546875
0.42919921875
0.426025390625
0.4228515625
0.416259765625
0.416259765625
0.4130859375
0.409912109375
0.40673828125
0.403564453125
0.39697265625
0.390625
0.38427734375
0.37451171875
0.371337890625
0.371337890625
0.37451171875
0.387451171875
0.40673828125
0.435546875
0.46435546875
0.493408203125
0.51904296875
0.54150390625
0.560791015625
0.57373046875
0.58349609375
0.586669921875
0.58984375
0.58984375
0.58984375
0.58984375
0.58349609375
0.58349609375
0.58349609375
0.576904296875
0.576904296875
0.576904296875
0.570556640625
0.570556640625
0.564208984375
0.560791015625
0.554443359375
0.548095703125
0.54150390625
0.531982421875
0.522216796875
0.51904296875
0.515869140625
0.522216796875
0.53515625
0.554443359375
0.583251953125
0.6123046875
0.64111328125
0.6669921875
0.692626953125
0.708740234375
0.718505859375
0.724853515625
0.724853515625
0.74267578125
0.73193359375
0.71044921875
0.6962890625
0.6748046875
0.660400390625
0.63916015625
0.624755859375
0.610595703125
0.589111328125
0.57470703125
0.560546875
0.546142578125
0.5283203125
0.510498046875
0.5
0.489013671875
0.47119140625
0.453369140625
0.439208984375
0.428466796875
0.4248046875
0.428466796875
0.439208984375
0.45703125
0.478515625
0.5
0.51416015625
0.517578125
0.531982421875
0.542724609375
0.5498046875
0.542724609375
0.542724609375
0.5390625
0.528564453125
0.517578125
0.50341796875
0.5
0.489013671875
0.474853515625
0.4677734375
0.453369140625
0.4462890625
0.431884765625
0.4248046875
0.414306640625
0.4033203125
0.38916015625
0.374755859375
0.360595703125
0.34619140625
0.33203125
0.317626953125
0.303466796875
0.2998046875
0.296142578125
0.303466796875
0.317626953125
0.33544921875
0.35693359375
0.3818359375
0.416259765625
0.432373046875
0.435546875
0.442138671875
0.438720703125
0.435546875
0.42919921875
0.4228515625
0.4130859375
0.40673828125
0.400146484375
0.393798828125
0.38427734375
0.377685546875
0.371337890625
0.364990234375
0.364990234375
0.3583984375
0.3583984375
0.3583984375
0.355224609375
0.35205078125
0.345703125
0.34228515625
0.339111328125
0.339111328125
0.348876953125
0.355224609375
0.377685546875
0.39697265625
0.42919921875
0.454833984375
0.48046875
0.5
0.503173828125
0.515869140625
0.52880859375
0.531982421875
0.531982421875
0.531982421875
0.52880859375
0.525634765625
0.51904296875
0.515869140625
0.5126953125
0.509521484375
0.50634765625
0.50634765625
0.5
0.5
0.5
0.5
0.49658203125
0.493408203125
0.48388671875
0.477294921875
0.470947265625
0.464599609375
0.46142578125
0.46142578125
0.464599609375
0.477294921875
0.49658203125
0.51904296875
0.5478515625
0.576904296875
0.6025390625
0.62841796875
0.647705078125
0.66064453125
0.6669921875
0.67333984375
0.67333984375
0.6669921875
0.663818359375
0.6572265625
0.654052734375
0.647705078125
0.641357421875
0.634765625
0.62841796875
0.6220703125
0.615478515625
0.60595703125
0.599365234375
0.586669921875
0.57373046875
0.560791015625
0.548095703125
0.53515625
0.522216796875
0.509521484375
0.503173828125
0.5
0.503173828125
0.515869140625
0.53515625
0.554443359375
0.576904296875
0.593017578125
0.60595703125
0.61865234375
0.6220703125
0.61865234375
0.6123046875
0.60595703125
0.593017578125
0.58349609375
0.57373046875
0.560791015625
0.548095703125
0.53515625
0.52880859375
0.515869140625
0.509521484375
0.5
0.490234375
0.48388671875
0.470947265625
0.4580078125
0.4453125
0.432373046875
0.4130859375
0.400146484375
0.374755859375
0.3642578125
0.35693359375
0.360595703125
0.36767578125
0.385498046875
0.4033203125
0.4248046875
0.442626953125
0.45703125
0.464111328125
0.471435546875
0.471435546875
0.464111328125
0.45703125
0.449951171875
0.439208984375
0.431884765625
0.42138671875
0.414306640625
0.4033203125
0.396240234375
0.392822265625
0.385498046875
0.37841796875
0.371337890625
0.3642578125
0.353271484375
0.34619140625
0.335693359375
0.32470703125
0.314208984375
0.303466796875
0.2998046875
0.2998046875
0.310546875
0.32470703125
0.3427734375
0.371337890625
0.39990234375
0.428466796875
0.45703125
0.474853515625
0.489013671875
0.496337890625
0.5
0.5
0.49267578125
0.489013671875
0.485595703125
0.478515625
0.478515625
0.471435546875
0.471435546875
0.464111328125
0.464111328125
0.46044921875
0.45703125
0.45703125
0.449951171875
0.4462890625
0.44287109375
0.435546875
0.431884765625
0.4248046875
0.42138671875
0.414306640625
0.42138671875
0.431884765625
0.449951171875
0.47119140625
0.50341796875
0.531982421875
0.564208984375
0.5927734375
0.621337890625
0.63916015625
0.64990234375
0.656982421875
0.660400390625
0.660400390625
0.656982421875
0.656982421875
0.656982421875
0.64990234375
0.64990234375
0.646240234375
0.642822265625
0.63916015625
0.635498046875
0.6318359375
0.62841796875
0.621337890625
0.6142578125
0.603271484375
0.59619140625
0.58203125
0.57470703125
0.564208984375
0.55712890625
0.55712890625
0.560546875
0.57470703125
0.599853515625
0.624755859375
0.656982421875
0.685546875
0.70703125
0.72119140625
0.728515625
0.724853515625
0.717529296875
0.703369140625
0.68896484375
0.667724609375
0.64990234375
0.6318359375
0.61767578125
0.59619140625
0.58203125
0.567626953125
0.553466796875
0.5390625
0.528564453125
0.515869140625
0.503173828125
0.49658203125
0.48388671875
0.470947265625
0.4580078125
0.4453125
0.432373046875
0.41943359375
0.416259765625
0.4130859375
0.41943359375
0.432373046875
0.448486328125
0.4677734375
0.487060546875
0.5
0.509521484375
0.515869140625
0.51904296875
0.515869140625
0.5126953125
0.503173828125
0.5
0.490234375
0.48388671875
0.47412109375
0.464599609375
0.4580078125
0.45166015625
0.442138671875
0.435546875
0.42919921875
0.41943359375
0.4130859375
0.403564453125
0.393798828125
0.380859375
0.3681640625
0.355224609375
0.345703125
0.339111328125
0.332763671875
0.3359375
0.34228515625
0.3583984375
0.377685546875
0.39697265625
0.41943359375
0.438720703125
0.45166015625
0.46142578125
0.46142578125
0.46142578125
0.46142578125
0.454833984375
0.45166015625
0.4453125
0.438720703125
0.432373046875
0.42919921875
0.4228515625
0.41943359375
0.416259765625
0.409912109375
0.40673828125
0.403564453125
0.400146484375
0.393798828125
0.387451171875
0.380859375
0.37451171875
0.3681640625
0.361572265625
0.3583984375
0.361572265625
0.37451171875
0.39697265625
0.41943359375
0.448486328125
0.48046875
0.503173828125
0.509521484375
0.531982421875
0.548095703125
0.560791015625
0.570556640625
0.576904296875
0.576904296875
0.576904296875
0.576904296875
0.570556640625
0.570556640625
0.570556640625
0.570556640625
0.564208984375
0.564208984375
0.564208984375
0.564208984375
0.5576171875
0.5576171875
0.55126953125
0.548095703125
0.54150390625
0.531982421875
0.525634765625
0.51904296875
0.5126953125
0.5126953125
0.51904296875
0.531982421875
0.55126953125
0.583251953125
0.6123046875
0.64111328125
0.6669921875
0.692626953125
0.708740234375
0.7216796875
0.724853515625
0.72802734375
0.724853515625
0.739013671875
0.724853515625
0.71044921875
0.68896484375
0.6748046875
0.656982421875
0.63916015625
0.624755859375
0.610595703125
0.589111328125
0.57470703125
0.560546875
0.546142578125
0.52490234375
0.510498046875
0.5
0.485595703125
0.4677734375
0.45703125
0.449951171875
0.449951171875
0.453369140625
0.4677734375
0.489013671875
0.50341796875
0.5283203125
0.546142578125
0.567626953125
0.57470703125
0.578369140625
0.578369140625
0.5712890625
0.564208984375
0.553466796875
0.5390625
0.531982421875
0.517578125
0.50341796875
0.5
0.489013671875
0.48193359375
0.4677734375
0.46044921875
0.449951171875
0.439208984375
0.4248046875
0.41064453125
0.39990234375
0.3818359375
0.36767578125
0.353271484375
0.339111328125
0.328369140625
0.328369140625
0.33203125
0.34619140625
0.360595703125
0.385498046875
0.406982421875
0.4248046875
0.439208984375
0.449951171875
0.45703125
0.45703125
0.449951171875
0.4462890625
0.439208984375
0.428466796875
0.42138671875
0.41064453125
0.4033203125
0.396240234375
0.385498046875
0.37841796875
0.371337890625
0.36767578125
0.3642578125
0.35693359375
0.349853515625
0.339111328125
0.33203125
0.32470703125
0.3212890625
0.314208984375
0.314208984375
0.317626953125
0.328369140625
0.34619140625
0.371337890625
0.403564453125
0.435546875
0.464111328125
0.49267578125
0.507080078125
0.521240234375
0.528564453125
0.531982421875
0.53564453125
0.528564453125
0.528564453125
0.52490234375
0.521240234375
0.517578125
0.51416015625
0.507080078125
0.507080078125
0.507080078125
0.5
0.5
0.5
0.5
0.496337890625
0.489013671875
0.48193359375
0.474853515625
0.4677734375
0.46044921875
0.45703125
0.46044921875
0.471435546875
0.474853515625
0.496337890625
0.517822265625
0.553466796875
0.589111328125
0.621337890625
0.64990234375
0.6748046875
0.68896484375
0.699951171875
0.70703125
0.70703125
0.703369140625
0.699951171875
0.692626953125
0.68896484375
0.681884765625
0.6748046875
0.667724609375
0.660400390625
0.646240234375
0.63916015625
0.624755859375
0.610595703125
0.59619140625
0.58203125
0.567626953125
0.5498046875
0.531982421875
0.517578125
0.510498046875
0.5
0.5
0.50341796875
0.517578125
0.53564453125
0.564208984375
0.589111328125
0.614013671875
0.6318359375
0.646240234375
0.6533203125
0.656982421875
0.64990234375
0.646240234375
0.63916015625
0.624755859375
0.610595703125
0.59619140625
0.58203125
0.567626953125
0.553466796875
0.5390625
0.531982421875
0.517578125
0.507080078125
0.5
0.489013671875
0.474853515625
0.46044921875
0.4462890625
0.431884765625
0.4140625
0.396240234375
0.3818359375
0.371337890625
0.36767578125
0.36767578125
0.374755859375
0.392578125
0.41064453125
0.431884765625
0.449951171875
0.4677734375
0.474853515625
0.478515625
0.478515625
0.478515625
0.4677734375
0.46044921875
0.453369140625
0.439208984375
0.431884765625
0.42138671875
0.414306640625
0.4033203125
0.396240234375
0.38916015625
0.3818359375
0.374755859375
0.36767578125
0.360595703125
0.349853515625
0.339111328125
0.328369140625
0.317626953125
0.303466796875
0.292724609375
0.292724609375
0.2998046875
0.310546875
0.33544921875
0.35693359375
0.392578125
0.42138671875
0.4462890625
0.45703125
0.474853515625
0.489013671875
0.49267578125
0.496337890625
0.49267578125
0.489013671875
0.485595703125
0.478515625
0.474853515625
0.4677734375
0.464111328125
0.45703125
0.453369140625
0.449951171875
0.4462890625
0.44287109375
0.435546875
0.435546875
0.428466796875
0.42138671875
0.414306640625
0.406982421875
0.39990234375
0.392822265625
0.392822265625
0.392822265625
0.4033203125
0.42138671875
0.449951171875
0.48193359375
0.510498046875
0.542724609375
0.5712890625
0.59619140625
0.610595703125
0.624755859375
0.62841796875
0.635498046875
0.635498046875
0.6318359375
0.62841796875
0.62841796875
0.621337890625
0.621337890625
0.6142578125
0.6142578125
0.610595703125
0.60693359375
0.599853515625
0.59619140625
0.589111328125
0.58203125
0.57470703125
0.560546875
0.553466796875
0.5390625
0.531982421875
0.528564453125
0.528564453125
0.531982421875
0.5498046875
0.5712890625
0.599853515625
0.635498046875
0.6640625
0.685546875
0.703369140625
0.717529296875
0.72119140625
0.72119140625
0.71044921875
0.6962890625
0.681884765625
0.660400390625
0.646240234375
0.624755859375
0.610595703125
0.589111328125
0.57470703125
0.560546875
0.546142578125
0.531982421875
0.517578125
0.50341796875
0.496337890625
0.48193359375
0.4677734375
0.453369140625
0.439208984375
0.4248046875
0.41064453125
0.39990234375
0.39990234375
0.41064453125
0.4248046875
0.442626953125
0.464111328125
0.485595703125
0.5
0.510498046875
0.51416015625
0.517578125
0.51416015625
0.507080078125
0.5
0.496337890625
0.485595703125
0.474853515625
0.464111328125
0.453369140625
0.4462890625
0.435546875
0.4248046875
0.417724609375
0.41064453125
0.39990234375
0.38916015625
0.3818359375
0.36767578125
0.353271484375
0.339111328125
0.32470703125
0.310546875
0.303466796875
0.2998046875
0.2998046875
0.310546875
0.328369140625
0.35693359375
0.385498046875
0.41064453125
0.431884765625
0.453369140625
0.46044921875
0.464111328125
0.46044921875
0.45703125
0.449951171875
0.44287109375
0.435546875
0.428466796875
0.42138671875
0.414306640625
0.41064453125
0.4033203125
0.409912109375
0.403564453125
0.400146484375
0.39697265625
0.390625
0.38427734375
0.377685546875
0.3681640625
0.361572265625
0.348876953125
0.345703125
0.345703125
0.355224609375
0.3681640625
0.390625
0.41943359375
0.448486328125
0.48046875
0.503173828125
0.522216796875
0.53515625
0.548095703125
0.554443359375
0.5576171875
0.5576171875
0.554443359375
0.55126953125
0.55126953125
0.548095703125
0.544921875
0.544921875
0.538330078125
0.538330078125
0.538330078125
0.531982421875
0.531982421875
0.525634765625
0.522216796875
0.515869140625
0.509521484375
0.5
0.5
0.493408203125
0.487060546875
0.487060546875
0.493408203125
0.503173828125
0.51904296875
0.544677734375
0.576904296875
0.605712890625
0.634765625
0.654052734375
0.670166015625
0.68310546875
0.686279296875
0.692626953125
0.686279296875
0.68310546875
0.676513671875
0.670166015625
0.663818359375
0.654052734375
0.647705078125
0.631591796875
0.61865234375
0.60595703125
0.593017578125
0.580078125
0.5673828125
0.554443359375
0.54150390625
0.52880859375
0.515869140625
0.503173828125
0.490234375
0.477294921875
0.470947265625
0.4677734375
0.470947265625
0.48388671875
0.49658203125
0.5126953125
0.531982421875
0.55126953125
0.5673828125
0.576904296875
0.58349609375
0.576904296875
0.57373046875
0.5673828125
0.554443359375
0.548095703125
0.53515625
0.522216796875
0.515869140625
0.503173828125
0.5
0.490234375
0.480712890625
0.470947265625
0.464599609375
0.45166015625
0.442138671875
0.438720703125
0.426025390625
0.4130859375
0.400146484375
0.387451171875
0.37451171875
0.361572265625
0.35205078125
0.35205078125
0.355224609375
0.36474609375
0.380859375
0.400146484375
0.41943359375
0.438720703125
0.45166015625
0.4580078125
0.46142578125
0.46142578125
0.454833984375
0.44287109375
0.435546875
0.428466796875
0.417724609375
0.41064453125
0.4033203125
0.392822265625
0.385498046875
0.37841796875
0.374755859375
0.36767578125
0.3642578125
0.35693359375
0.349853515625
0.339111328125
0.33203125
0.3212890625
0.314208984375
0.30712890625
0.30712890625
0.310546875
0.3212890625
0.339111328125
0.364013671875
0.392578125
0.428466796875
0.45703125
0.48193359375
0.5
0.50341796875
0.510498046875
0.51416015625
0.510498046875
0.507080078125
0.5
0.5
0.5
0.496337890625
0.49267578125
0.485595703125
0.485595703125
0.478515625
0.478515625
0.474853515625
0.471435546875
0.4677734375
0.46044921875
0.45703125
0.449951171875
0.439208984375
0.431884765625
0.428466796875
0.4248046875
0.428466796875
0.439208984375
0.45703125
0.485595703125
0.507080078125
0.542724609375
0.5712890625
0.599853515625
0.624755859375
0.63916015625
0.64990234375
0.656982421875
0.656982421875
0.656982421875
0.64990234375
0.64990234375
0.642822265625
0.63916015625
0.6318359375
0.62841796875
0.621337890625
0.61767578125
0.6142578125
0.60693359375
0.599853515625
0.5927734375
0.58203125
0.567626953125
0.560546875
0.546142578125
0.531982421875
0.517578125
0.510498046875
0.507080078125
0.510498046875
0.52490234375
0.542724609375
0.564208984375
0.5927734375
0.61767578125
0.63916015625
0.6533203125
0.656982421875
0.656982421875
0.656982421875
0.646240234375
0.63916015625
0.624755859375
0.61767578125
0.603271484375
0.5927734375
0.58203125
0.567626953125
0.560546875
0.546142578125
0.53564453125
0.52490234375
0.510498046875
0.5
0.496337890625
0.48193359375
0.46044921875
0.4462890625
0.431884765625
0.417724609375
0.4033203125
0.396240234375
0.392822265625
0.39990234375
0.41064453125
0.431884765625
0.44580078125
0.466552734375
0.474853515625
0.4873046875
0.5
0.5
0.5
0.5
0.49560546875
0.483154296875
0.470703125
0.46240234375
0.449951171875
0.4375
0.428955078125
0.41650390625
0.408203125
0.39990234375
0.3916015625
0.38330078125
0.375
0.3623046875
0.35400390625
0.33740234375
0.32080078125
0.3125
0.295654296875
0.283203125
0.27490234375
0.279052734375
0.29150390625
0.3125
0.341552734375
0.374755859375
0.404052734375
0.43310546875
0.4541015625
0.474853515625
0.4873046875
0.491455078125
0.491455078125
0.483154296875
0.47900390625
0.470703125
0.46240234375
0.4541015625
0.449951171875
0.441650390625
0.4375
0.433349609375
0.4248046875
0.4248046875
0.41650390625
0.41650390625
0.408203125
0.39990234375
0.3916015625
0.38330078125
0.375
0.366455078125
0.358154296875
0.358154296875
0.37060546875
0.387451171875
0.408203125
0.441650390625
0.483154296875
0.50830078125
0.54150390625
0.57080078125
0.591552734375
0.60400390625
0.616455078125
0.616455078125
0.616455078125
0.616455078125
0.616455078125
0.610107421875
0.608154296875
0.599853515625
0.599853515625
0.591552734375
0.591552734375
0.58740234375
0.583251953125
0.5791015625
0.574951171875
0.566650390625
0.553955078125
0.545654296875
0.529052734375
0.520751953125
0.50830078125
0.50830078125
0.50830078125
0.520751953125
0.54150390625
0.574951171875
0.608154296875
0.6416015625
0.6748046875
0.699951171875
0.720703125
0.733154296875
0.733154296875
0.733154296875
0.72900390625
0.71240234375
0.69580078125
0.678955078125
0.662353515625
0.645751953125
0.629150390625
0.6123046875
0.595703125
0.5791015625
0.562255859375
0.545654296875
0.529052734375
0.520751953125
0.504150390625
0.49560546875
0.47900390625
0.46240234375
0.44580078125
0.428955078125
0.41650390625
0.404052734375
0.39990234375
0.404052734375
0.420654296875
0.4375
0.46240234375
0.4873046875
0.504150390625
0.520751953125
0.533203125
0.54150390625
0.537353515625
0.533203125
0.52490234375
0.512451171875
0.504150390625
0.5
0.4873046875
0.47900390625
0.466552734375
0.458251953125
0.44580078125
0.4375
0.428955078125
0.420654296875
0.408203125
0.395751953125
0.387451171875
0.37060546875
0.358154296875
0.345703125
0.3291015625
0.3125
0.303955078125
0.2998046875
0.308349609375
0.32080078125
0.341552734375
0.366455078125
0.395751953125
0.408203125
0.4248046875
0.44580078125
0.4541015625
0.458251953125
0.458251953125
0.458251953125
0.449951171875
0.441650390625
0.433349609375
0.4248046875
0.41650390625
0.408203125
0.39990234375
0.395751953125
0.387451171875
0.38330078125
0.375
0.3759765625
0.3818359375
0.374755859375
0.36767578125
0.360595703125
0.353271484375
0.349853515625
0.3427734375
0.3427734375
0.349853515625
0.360595703125
0.37841796875
0.406982421875
0.435546875
0.47119140625
0.496337890625
0.521240234375
0.54248046875
0.558837890625
0.564208984375
0.564208984375
0.560546875
0.55712890625
0.553466796875
0.5498046875
0.546142578125
0.542724609375
0.5390625
0.53564453125
0.53564453125
0.528564453125
0.528564453125
0.521240234375
0.517578125
0.510498046875
0.50341796875
0.5
0.49267578125
0.485595703125
0.478515625
0.478515625
0.48193359375
0.496337890625
0.51416015625
0.542724609375
0.574951171875
0.60693359375
0.635498046875
0.660400390625
0.681884765625
0.692626953125
0.699951171875
0.699951171875
0.699951171875
0.692626953125
0.68896484375
0.681884765625
0.6748046875
0.6640625
0.6533203125
0.63916015625
0.624755859375
0.610595703125
0.59619140625
0.589111328125
0.57470703125
0.560546875
0.546142578125
0.531982421875
0.517578125
0.50341796875
0.489013671875
0.48193359375
0.471435546875
0.471435546875
0.48193359375
0.496337890625
0.507080078125
0.531982421875
0.556884765625
0.578369140625
0.59619140625
0.603271484375
0.60693359375
0.60693359375
0.603271484375
0.59619140625
0.585693359375
0.57470703125
0.560546875
0.553466796875
0.5390625
0.531982421875
0.517578125
0.510498046875
0.5
0.496337890625
0.489013671875
0.478515625
0.4677734375
0.453369140625
0.439208984375
0.4248046875
0.41064453125
0.396240234375
0.3818359375
0.371337890625
0.371337890625
0.371337890625
0.3818359375
0.39990234375
0.42138671875
0.439208984375
0.46044921875
0.474853515625
0.48193359375
0.485595703125
0.485595703125
0.48193359375
0.474853515625
0.4677734375
0.45703125
0.449951171875
0.44287109375
0.431884765625
0.4248046875
0.417724609375
0.41064453125
0.4033203125
0.396240234375
0.38916015625
0.3818359375
0.374755859375
0.36767578125
0.35693359375
0.34619140625
0.33203125
0.32470703125
0.314208984375
0.314208984375
0.317626953125
0.33203125
0.35693359375
0.385498046875
0.4140625
0.442626953125
0.4677734375
0.489013671875
0.5
0.5
0.5
0.5
0.5
0.5
0.496337890625
0.49267578125
0.485595703125
0.485595703125
0.478515625
0.478515625
0.474853515625
0.471435546875
0.471435546875
0.4677734375
0.464111328125
0.45703125
0.449951171875
0.44287109375
0.435546875
0.428466796875
0.42138671875
0.417724609375
0.42138671875
0.431884765625
0.449951171875
0.47119140625
0.50341796875
0.5283203125
0.564208984375
0.5927734375
0.610595703125
0.62841796875
0.63916015625
0.642822265625
0.64990234375
0.62841796875
0.62841796875
0.625244140625
0.6220703125
0.61865234375
0.6123046875
0.609130859375
0.602783203125
0.59619140625
0.593017578125
0.586669921875
0.580078125
0.57373046875
0.5673828125
0.5576171875
0.548095703125
0.53515625
0.522216796875
0.51904296875
0.509521484375
0.503173828125
0.503173828125
0.509521484375
0.522216796875
0.544677734375
0.5673828125
0.58984375
0.615478515625
0.631591796875
0.64453125
0.654052734375
0.654052734375
0.65087890625
0.64453125
0.634765625
0.625244140625
0.615478515625
0.60595703125
0.593017578125
0.586669921875
0.57373046875
0.5673828125
0.5576171875
0.548095703125
0.538330078125
0.52880859375
0.515869140625
0.503173828125
0.49658203125
0.48388671875
0.4677734375
0.45166015625
0.438720703125
0.432373046875
0.4228515625
0.426025390625
0.432373046875
0.4453125
0.464599609375
0.48388671875
0.49658203125
0.509521484375
0.520751953125
0.52490234375
0.52490234375
0.520751953125
0.512451171875
0.504150390625
0.5
0.491455078125
0.47900390625
0.470703125
0.4541015625
0.44580078125
0.4375
0.4248046875
0.41650390625
0.408203125
0.39990234375
0.387451171875
0.375
0.3623046875
0.345703125
0.333251953125
0.32080078125
0.303955078125
0.2998046875
0.2998046875
0.303955078125
0.316650390625
0.341552734375
0.374755859375
0.404052734375
0.43310546875
0.458251953125
0.470703125
0.483154296875
0.483154296875
0.483154296875
0.474853515625
0.466552734375
0.46240234375
0.4541015625
0.44580078125
0.4375
0.428955078125
0.4248046875
0.41650390625
0.41650390625
0.408203125
0.408203125
0.39990234375
0.395751953125
0.387451171875
0.379150390625
0.37060546875
0.3623046875
0.35400390625
0.349853515625
0.349853515625
0.35400390625
0.374755859375
0.408203125
0.441650390625
0.47900390625
0.50830078125
0.54150390625
0.56640625
0.58740234375
0.595703125
0.60400390625
0.608154296875
0.608154296875
0.608154296875
0.60400390625
0.599853515625
0.595703125
0.591552734375
0.58740234375
0.583251953125
0.5791015625
0.574951171875
0.57080078125
0.566650390625
0.55810546875
0.553955078125
0.545654296875
0.537353515625
0.52490234375
0.512451171875
0.504150390625
0.5
0.491455078125
0.49560546875
0.5
0.520751953125
0.5498046875
0.583251953125
0.616455078125
0.64990234375
0.68310546875
0.708251953125
0.724853515625
0.733154296875
0.733154296875
0.72900390625
0.720703125
0.7041015625
0.687255859375
0.670654296875
0.654052734375
0.637451171875
0.62060546875
0.60400390625
0.58740234375
0.574951171875
0.562255859375
0.545654296875
0.537353515625
0.520751953125
0.504150390625
0.5
0.4873046875
0.46240234375
0.44580078125
0.4375
0.420654296875
0.41650390625
0.420654296875
0.428955078125
0.449951171875
0.474853515625
0.5
0.520751953125
0.54150390625
0.553955078125
0.566650390625
0.566650390625
0.562255859375
0.553955078125
0.545654296875
0.529052734375
0.520751953125
0.504150390625
0.5
0.491455078125
0.47900390625
0.470703125
0.46240234375
0.4541015625
0.441650390625
0.428955078125
0.420654296875
0.404052734375
0.3916015625
0.379150390625
0.3623046875
0.345703125
0.3291015625
0.32080078125
0.316650390625
0.32080078125
0.3291015625
0.35400390625
0.379150390625
0.404052734375
0.428955078125
0.449951171875
0.46240234375
0.470703125
0.474853515625
0.470703125
0.466552734375
0.458251953125
0.449951171875
0.441650390625
0.428955078125
0.420654296875
0.412353515625
0.404052734375
0.395751953125
0.3916015625
0.38330078125
0.375
0.37060546875
0.3623046875
0.35400390625
0.345703125
0.35693359375
0.34619140625
0.3427734375
0.339111328125
0.339111328125
0.34619140625
0.360595703125
0.385498046875
0.4140625
0.4462890625
0.478515625
0.50341796875
0.521240234375
0.5390625
0.546142578125
0.5498046875
0.5498046875
0.5498046875
0.5498046875
0.546142578125
0.542724609375
0.53564453125
0.53564453125
0.528564453125
0.528564453125
0.521240234375
0.521240234375
0.517578125
0.51416015625
0.510498046875
0.50341796875
0.5
0.496337890625
0.489013671875
0.478515625
0.471435546875
0.464111328125
0.4677734375
0.474853515625
0.489013671875
0.507080078125
0.53564453125
0.567626953125
0.599853515625
0.62841796875
0.656982421875
0.6748046875
0.685546875
0.692626953125
0.692626953125
0.692626953125
0.685546875
0.681884765625
0.6748046875
0.667724609375
0.660400390625
0.656982421875
0.64990234375
0.63916015625
0.624755859375
0.61767578125
0.603271484375
0.589111328125
0.57470703125
0.560546875
0.546142578125
0.531982421875
0.517578125
0.50341796875
0.496337890625
0.485595703125
0.48193359375
0.48193359375
0.496337890625
0.507080078125
0.5283203125
0.556884765625
0.578369140625
0.603271484375
0.61767578125
0.624755859375
0.62841796875
0.624755859375
0.61767578125
0.610595703125
0.599853515625
0.589111328125
0.58203125
0.567626953125
0.560546875
0.546142578125
0.5390625
0.528564453125
0.517578125
0.507080078125
0.5
0.49267578125
0.48193359375
0.4677734375
0.453369140625
0.431884765625
0.417724609375
0.4033203125
0.392822265625
0.385498046875
0.385498046875
0.392822265625
0.4033203125
0.4248046875
0.4462890625
0.4677734375
0.48193359375
0.496337890625
0.5
0.5
0.5
0.5
0.49267578125
0.48193359375
0.474853515625
0.464111328125
0.45703125
0.4462890625
0.439208984375
0.431884765625
0.4248046875
0.417724609375
0.414306640625
0.406982421875
0.396240234375
0.38916015625
0.37841796875
0.36767578125
0.353271484375
0.3427734375
0.33203125
0.32470703125
0.3212890625
0.328369140625
0.339111328125
0.360595703125
0.385498046875
0.406982421875
0.435546875
0.45703125
0.474853515625
0.485595703125
0.49267578125
0.49267578125
0.49267578125
0.489013671875
0.485595703125
0.478515625
0.474853515625
0.471435546875
0.4677734375
0.464111328125
0.46044921875
0.45703125
0.45703125
0.449951171875
0.449951171875
0.44287109375
0.439208984375
0.435546875
0.4248046875
0.417724609375
0.41064453125
0.406982421875
0.4033203125
0.41064453125
0.4248046875
0.449951171875
0.478515625
0.507080078125
0.53564453125
0.567626953125
0.5927734375
0.61767578125
0.6318359375
0.63916015625
0.642822265625
0.642822265625
0.642822265625
0.635498046875
0.6318359375
0.62841796875
0.621337890625
0.61767578125
0.6142578125
0.60693359375
0.60693359375
0.599853515625
0.59619140625
0.589111328125
0.58203125
0.5712890625
0.560546875
0.5498046875
0.5390625
0.52490234375
0.517578125
0.510498046875
0.51416015625
0.52490234375
0.542724609375
0.564208984375
0.5927734375
0.621337890625
0.64990234375
0.6748046875
0.68896484375
0.692626953125
0.692626953125
0.692626953125
0.681884765625
0.667724609375
0.6533203125
0.6318359375
0.61767578125
0.603271484375
0.589111328125
0.57470703125
0.560546875
0.5498046875
0.5390625
0.528564453125
0.517578125
0.50341796875
0.496337890625
0.48193359375
0.4677734375
0.449951171875
0.431884765625
0.42138671875
0.414306640625
0.41064453125
0.406982421875
0.414306640625
0.428466796875
0.4462890625
0.47119140625
0.49267578125
0.50341796875
0.521240234375
0.531982421875
0.53564453125
0.53564453125
0.528564453125
0.517578125
0.510498046875
0.5
0.496337890625
0.485595703125
0.474853515625
0.4677734375
0.46044921875
0.453369140625
0.44287109375
0.435546875
0.428466796875
0.417724609375
0.406982421875
0.396240234375
0.3818359375
0.36767578125
0.35693359375
0.34619140625
0.335693359375
0.328369140625
0.33203125
0.339111328125
0.35693359375
0.37841796875
0.39990234375
0.4248046875
0.4462890625
0.46044921875
0.474853515625
0.478515625
0.478515625
0.478515625
0.471435546875
0.464111328125
0.45703125
0.449951171875
0.44287109375
0.435546875
0.428466796875
0.4248046875
0.42138671875
0.417724609375
0.414306640625
0.406982421875
0.4033203125
0.396240234375
0.38916015625
0.3818359375
0.371337890625
0.360595703125
0.353271484375
0.349853515625
0.353271484375
0.360595703125
0.3818359375
0.406982421875
0.435546875
0.47119140625
0.496337890625
0.521240234375
0.542724609375
0.560546875
0.567626953125
0.5712890625
0.57470703125
0.5712890625
0.5712890625
0.564208984375
0.564208984375
0.55712890625
0.55712890625
0.5498046875
0.5498046875
0.542724609375
0.542724609375
0.53564453125
0.53564453125
0.528564453125
0.521240234375
0.510498046875
0.50341796875
0.5
0.489013671875
0.48193359375
0.478515625
0.48193359375
0.496337890625
0.507080078125
0.53564453125
0.564208984375
0.599853515625
0.62841796875
0.656982421875
0.6748046875
0.68896484375
0.6962890625
0.692626953125
0.692626953125
0.68896484375
0.681884765625
0.6748046875
0.6640625
0.6533203125
0.63916015625
0.624755859375
0.61767578125
0.603271484375
0.589111328125
0.57470703125
0.560546875
0.546142578125
0.531982421875
0.517578125
0.50341796875
0.496337890625
0.48193359375
0.4677734375
0.453369140625
0.44287109375
0.44287109375
0.4462890625
0.46044921875
0.478515625
0.5
0.521240234375
0.542724609375
0.560546875
0.5712890625
0.57470703125
0.57470703125
0.567626953125
0.560546875
0.5498046875
0.5390625
0.528564453125
0.517578125
0.50341796875
0.5
0.49267578125
0.48193359375
0.474853515625
0.464111328125
0.45703125
0.4462890625
0.431884765625
0.4248046875
0.41064453125
0.396240234375
0.374755859375
0.360595703125
0.353271484375
0.3427734375
0.3427734375
0.34619140625
0.360595703125
0.374755859375
0.39990234375
0.42138671875
0.442626953125
0.46044921875
0.471435546875
0.474853515625
0.478515625
0.471435546875
0.464111328125
0.45703125
0.449951171875
0.439208984375
0.431884765625
0.42138671875
0.414306640625
0.406982421875
0.4033203125
0.396240234375
0.392822265625
0.385498046875
0.37841796875
0.371337890625
0.3642578125
0.353271484375
0.34619140625
0.33203125
0.32470703125
0.314208984375
0.317626953125
0.32470703125
0.34619140625
0.371337890625
0.39990234375
0.435546875
0.464111328125
0.49267578125
0.507080078125
0.521240234375
0.528564453125
0.53564453125
0.53564453125
0.528564453125
0.52490234375
0.521240234375
0.51416015625
0.510498046875
0.507080078125
0.5
0.5
0.5
0.5
0.496337890625
0.49267578125
0.489013671875
0.48193359375
0.478515625
0.4677734375
0.46044921875
0.449951171875
0.44287109375
0.435546875
0.439208984375
0.453369140625
0.47119140625
0.49267578125
0.521240234375
0.553466796875
0.58544921875
0.614013671875
0.63916015625
0.660400390625
0.667724609375
0.67138671875
0.67138671875
0.67138671875
0.6640625
0.660400390625
0.656982421875
0.64990234375
0.642822265625
0.63916015625
0.6318359375
0.62841796875
0.621337890625
0.6142578125
0.60693359375
0.59619140625
0.589111328125
0.57470703125
0.560546875
0.546142578125
0.531982421875
0.517578125
0.50341796875
0.5
0.5
0.5
0.510498046875
0.531982421875
0.556884765625
0.58544921875
0.610595703125
0.6318359375
0.646240234375
0.64990234375
0.6533203125
0.64990234375
0.642822265625
0.6318359375
0.61767578125
0.610595703125
0.59619140625
0.585693359375
0.57470703125
0.564208984375
0.553466796875
0.542724609375
0.531982421875
0.52490234375
0.510498046875
0.5
0.496337890625
0.474853515625
0.46044921875
0.4462890625
0.428466796875
0.414306640625
0.4033203125
0.39990234375
0.39990234375
0.406982421875
0.4248046875
0.442626953125
0.464111328125
0.485595703125
0.5
0.507080078125
0.51416015625
0.51416015625
0.510498046875
0.50341796875
0.5
0.49267578125
0.48193359375
0.474853515625
0.464111328125
0.453369140625
0.4462890625
0.439208984375
0.431884765625
0.4248046875
0.417724609375
0.406982421875
0.396240234375
0.38916015625
0.374755859375
0.36767578125
0.353271484375
0.339111328125
0.33203125
0.3212890625
0.3212890625
0.328369140625
0.34619140625
0.364013671875
0.392578125
0.417724609375
0.442626953125
0.46044921875
0.474853515625
0.485595703125
0.489013671875
0.49267578125
0.49267578125
0.485595703125
0.48193359375
0.474853515625
0.471435546875
0.464111328125
0.45703125
0.449951171875
0.449951171875
0.44287109375
0.44287109375
0.44287109375
0.435546875
0.431884765625
0.428466796875
0.42138671875
0.414306640625
0.406982421875
0.39990234375
0.392822265625
0.38916015625
0.38916015625
0.396240234375
0.4140625
0.442626953125
0.47119140625
0.50341796875
0.53564453125
0.564208984375
0.589111328125
0.60693359375
0.61767578125
0.624755859375
0.62841796875
0.624755859375
0.621337890625
0.61767578125
0.610595703125
0.60693359375
0.599853515625
0.599853515625
0.5927734375
0.589111328125
0.585693359375
0.58203125
0.57470703125
0.567626953125
0.560546875
0.5498046875
0.5390625
0.52490234375
0.517578125
0.50341796875
0.5
0.5
0.50341796875
0.521240234375
0.542724609375
0.5712890625
0.60693359375
0.635498046875
0.660400390625
0.678466796875
0.68896484375
0.699951171875
0.6962890625
0.692626953125
0.681884765625
0.6748046875
0.6533203125
0.63916015625
0.624755859375
0.610595703125
0.59619140625
0.58203125
0.567626953125
0.553466796875
0.542724609375
0.531982421875
0.517578125
0.50341796875
0.496337890625
0.48193359375
0.46044921875
0.4462890625
0.431884765625
0.417724609375
0.414306640625
0.414306640625
0.42138671875
0.435546875
0.45703125
0.478515625
0.496337890625
0.510498046875
0.52490234375
0.53564453125
0.53564453125
0.53564453125
0.528564453125
0.517578125
0.510498046875
0.5
0.496337890625
0.48193359375
0.474853515625
0.464111328125
0.45703125
0.4462890625
0.439208984375
0.431884765625
0.4248046875
0.414306640625
0.4033203125
0.38916015625
0.374755859375
0.360595703125
0.34619140625
0.339111328125
0.328369140625
0.3212890625
0.32470703125
0.339111328125
0.353271484375
0.37841796875
0.39990234375
0.428466796875
0.4462890625
0.46044921875
0.471435546875
0.471435546875
0.471435546875
0.4677734375
0.46044921875
0.449951171875
0.44287109375
0.435546875
0.428466796875
0.42138671875
0.414306640625
0.41064453125
0.4033203125
0.39990234375
0.392822265625
0.38916015625
0.3818359375
0.374755859375
0.36767578125
0.360595703125
0.349853515625
0.339111328125
0.335693359375
0.335693359375
0.34619140625
0.360595703125
0.385498046875
0.417724609375
0.453369140625
0.485595703125
0.507080078125
0.531982421875
0.553466796875
0.564208984375
0.5712890625
0.5712890625
0.5712890625
0.5712890625
0.564208984375
0.560546875
0.55712890625
0.5498046875
0.5498046875
0.542724609375
0.542724609375
0.53564453125
0.53564453125
0.528564453125
0.52490234375
0.517578125
0.510498046875
0.50341796875
0.496337890625
0.489013671875
0.478515625
0.471435546875
0.471435546875
0.474853515625
0.489013671875
0.507080078125
0.53564453125
0.5712890625
0.603515625
0.635498046875
0.656982421875
0.6748046875
0.68896484375
0.692626953125
0.692626953125
0.692626953125
0.685546875
0.678466796875
0.67138671875
0.660400390625
0.64990234375
0.642822265625
0.6318359375
0.61767578125
0.60693359375
0.59619140625
0.58203125
0.567626953125
0.553466796875
0.546142578125
0.531982421875
0.510498046875
0.5
0.489013671875
0.474853515625
0.46044921875
0.45703125
0.45703125
0.46044921875
0.478515625
0.496337890625
0.521240234375
0.5498046875
0.574951171875
0.595703125
0.608154296875
0.608154296875
0.608154296875
0.599853515625
0.58740234375
0.5791015625
0.562255859375
0.5498046875
0.537353515625
0.520751953125
0.512451171875
0.5
0.49560546875
0.4873046875
0.474853515625
0.46240234375
0.449951171875
0.4375
0.420654296875
0.404052734375
0.387451171875
0.37060546875
0.35400390625
0.33740234375
0.3291015625
0.324951171875
0.33740234375
0.35400390625
0.374755859375
0.39990234375
0.4248046875
0.449951171875
0.470703125
0.47900390625
0.483154296875
0.483154296875
0.474853515625
0.466552734375
0.4541015625
0.44580078125
0.433349609375
0.4248046875
0.412353515625
0.404052734375
0.395751953125
0.387451171875
0.379150390625
0.37060546875
0.366455078125
0.358154296875
0.345703125
0.33740234375
0.324951171875
0.3125
0.2998046875
0.295654296875
0.29150390625
0.295654296875
0.3125
0.35693359375
0.385498046875
0.4140625
0.4462890625
0.478515625
0.496337890625
0.510498046875
0.52490234375
0.528564453125
0.528564453125
0.528564453125
0.528564453125
0.521240234375
0.51416015625
0.510498046875
0.50341796875
0.5
0.5
0.496337890625
0.49267578125
0.49267578125
0.485595703125
0.485595703125
0.478515625
0.474853515625
0.4677734375
0.46044921875
0.449951171875
0.439208984375
0.428466796875
0.4248046875
0.42138671875
0.428466796875
0.442626953125
0.464111328125
0.49267578125
0.52490234375
0.556884765625
0.58544921875
0.614013671875
0.635498046875
0.64990234375
0.656982421875
0.656982421875
0.656982421875
0.6533203125
0.64990234375
0.642822265625
0.63916015625
0.6318359375
0.62841796875
0.621337890625
0.6142578125
0.610595703125
0.603271484375
0.59619140625
0.589111328125
0.58203125
0.567626953125
0.553466796875
0.5390625
0.52490234375
0.510498046875
0.5
0.5
0.5
0.50341796875
0.521240234375
0.542724609375
0.5712890625
0.599853515625
0.624755859375
0.646240234375
0.656982421875
0.6640625
0.6640625
0.656982421875
0.646240234375
0.63916015625
0.624755859375
0.610595703125
0.603271484375
0.589111328125
0.578369140625
0.567626953125
0.55712890625
0.546142578125
0.5390625
0.52490234375
0.517578125
0.50341796875
0.496337890625
0.48193359375
0.464111328125
0.4462890625
0.431884765625
0.417724609375
0.406982421875
0.406982421875
0.406982421875
0.417724609375
0.435546875
0.45703125
0.478515625
0.496337890625
0.510498046875
0.517578125
0.521240234375
0.521240234375
0.51416015625
0.51416015625
0.50341796875
0.5
0.489013671875
0.48193359375
0.471435546875
0.46044921875
0.453369140625
0.4462890625
0.435546875
0.428466796875
0.42138671875
0.414306640625
0.4033203125
0.396240234375
0.3818359375
0.374755859375
0.360595703125
0.34619140625
0.33203125
0.32470703125
0.3212890625
0.3212890625
0.33203125
0.349853515625
0.371337890625
0.39990234375
0.4248046875
0.4462890625
0.464111328125
0.474853515625
0.48193359375
0.485595703125
0.48193359375
0.478515625
0.471435546875
0.464111328125
0.45703125
0.449951171875
0.4462890625
0.439208984375
0.435546875
0.428466796875
0.428466796875
0.42138671875
0.42138671875
0.414306640625
0.41064453125
0.4033203125
0.396240234375
0.38916015625
0.37841796875
0.371337890625
0.371337890625
0.374755859375
0.385498046875
0.406982421875
0.435546875
0.4677734375
0.496337890625
0.5283203125
0.553466796875
0.57470703125
0.589111328125
0.599853515625
0.60693359375
0.60693359375
0.603271484375
0.599853515625
0.59619140625
0.5927734375
0.585693359375
0.585693359375
0.578369140625
0.578369140625
0.5712890625
0.5712890625
0.564208984375
0.560546875
0.553466796875
0.546142578125
0.5390625
0.528564453125
0.517578125
0.507080078125
0.5
0.5
0.5
0.507080078125
0.5283203125
0.556884765625
0.58544921875
0.61767578125
0.64990234375
0.671142578125
0.68896484375
0.699951171875
0.699951171875
0.699951171875
0.692626953125
0.685546875
0.6748046875
0.660400390625
0.646240234375
0.62841796875
0.610595703125
0.59619140625
0.58203125
0.57470703125
0.560546875
0.546142578125
0.53564453125
0.52490234375
0.510498046875
0.5
0.489013671875
0.4677734375
0.453369140625
0.439208984375
0.431884765625
0.428466796875
0.431884765625
0.439208984375
0.46044921875
0.48193359375
0.50341796875
0.521240234375
0.5390625
0.5498046875
0.55712890625
0.55712890625
0.553466796875
0.5498046875
0.542724609375
0.531982421875
0.521240234375
0.510498046875
0.5
0.496337890625
0.485595703125
0.474853515625
0.4677734375
0.46044921875
0.453369140625
0.44287109375
0.431884765625
0.4248046875
0.41064453125
0.396240234375
0.3818359375
0.36767578125
0.353271484375
0.34619140625
0.335693359375
0.335693359375
0.339111328125
0.353271484375
0.374755859375
0.39990234375
0.42138671875
0.4462890625
0.46044921875
0.474853515625
0.478515625
0.478515625
0.474853515625
0.4677734375
0.46044921875
0.449951171875
0.44287109375
0.431884765625
0.4248046875
0.417724609375
0.41064453125
0.406982421875
0.39990234375
0.396240234375
0.392822265625
0.385498046875
0.3818359375
0.374755859375
0.3642578125
0.353271484375
0.3427734375
0.33203125
0.328369140625
0.33203125
0.3427734375
0.364013671875
0.392578125
0.42138671875
0.45703125
0.49267578125
0.507080078125
0.531982421875
0.546142578125
0.553466796875
0.55712890625
0.55712890625
0.55712890625
0.5498046875
0.546142578125
0.542724609375
0.53564453125
0.531982421875
0.528564453125
0.52490234375
0.521240234375
0.517578125
0.51416015625
0.510498046875
0.50341796875
0.5
0.496337890625
0.489013671875
0.48193359375
0.4677734375
0.46044921875
0.45703125
0.45703125
0.4677734375
0.485595703125
0.507080078125
0.5390625
0.574951171875
0.60693359375
0.635498046875
0.656982421875
0.6748046875
0.681884765625
0.685546875
0.681884765625
0.678466796875
0.67138671875
0.6640625
0.656982421875
0.646240234375
0.63916015625
0.6318359375
0.624755859375
0.6142578125
0.60693359375
0.599853515625
0.589111328125
0.58203125
0.567626953125
0.553466796875
0.5390625
0.517578125
0.50341796875
0.496337890625
0.485595703125
0.478515625
0.485595703125
0.496337890625
0.510498046875
0.53564453125
0.556884765625
0.58544921875
0.603271484375
0.61767578125
0.621337890625
0.621337890625
0.621337890625
0.61767578125
0.60693359375
0.59619140625
0.585693359375
0.57470703125
0.560546875
0.5498046875
0.5390625
0.528564453125
0.517578125
0.510498046875
0.5
0.496337890625
0.489013671875
0.474853515625
0.46044921875
0.4462890625
0.431884765625
0.417724609375
0.4033203125
0.38916015625
0.37841796875
0.371337890625
0.374755859375
0.38916015625
0.4033203125
0.4248046875
0.449951171875
0.4677734375
0.489013671875
0.496337890625
0.5
0.5
0.5
0.49267578125
0.48193359375
0.474853515625
0.464111328125
0.453369140625
0.44287109375
0.435546875
0.4248046875
0.417724609375
0.414306640625
0.406982421875
0.39990234375
0.392822265625
0.385498046875
0.374755859375
0.36767578125
0.353271484375
0.339111328125
0.33203125
0.3212890625
0.314208984375
0.317626953125
0.32470703125
0.349853515625
0.37841796875
0.41064453125
0.442626953125
0.47119140625
0.49267578125
0.5
0.507080078125
0.507080078125
0.507080078125
0.507080078125
0.5
0.5
0.496337890625
0.489013671875
0.485595703125
0.478515625
0.474853515625
0.471435546875
0.471435546875
0.464111328125
0.464111328125
0.46044921875
0.45703125
0.449951171875
0.439208984375
0.431884765625
0.4248046875
0.414306640625
0.414306640625
0.414306640625
0.4248046875
0.439208984375
0.464111328125
0.496337890625
0.52490234375
0.556884765625
0.589111328125
0.614013671875
0.6318359375
0.642822265625
0.64990234375
0.64990234375
0.64990234375
0.642822265625
0.63916015625
0.635498046875
0.62841796875
0.621337890625
0.61767578125
0.6142578125
0.60693359375
0.603271484375
0.599853515625
0.5927734375
0.58203125
0.57470703125
0.564208984375
0.553466796875
0.5390625
0.52490234375
0.510498046875
0.50341796875
0.5
0.50341796875
0.517578125
0.5390625
0.564208984375
0.5927734375
0.621337890625
0.646240234375
0.64990234375
0.660400390625
0.67138671875
0.67138671875
0.67138671875
0.660400390625
0.6533203125
0.63916015625
0.624755859375
0.610595703125
0.59619140625
0.58203125
0.567626953125
0.55712890625
0.546142578125
0.5390625
0.528564453125
0.517578125
0.507080078125
0.5
0.489013671875
0.4677734375
0.453369140625
0.439208984375
0.4248046875
0.414306640625
0.406982421875
0.406982421875
0.417724609375
0.431884765625
0.45703125
0.478515625
0.496337890625
0.510498046875
0.52490234375
0.531982421875
0.53564453125
0.528564453125
0.52490234375
0.51416015625
0.50341796875
0.5
0.489013671875
0.48193359375
0.471435546875
0.46044921875
0.453369140625
0.4462890625
0.439208984375
0.431884765625
0.4248046875
0.414306640625
0.4033203125
0.392822265625
0.3818359375
0.36767578125
0.3291015625
0.3125
0.303955078125
0.2998046875
0.308349609375
0.32080078125
0.345703125
0.374755859375
0.404052734375
0.43310546875
0.4541015625
0.470703125
0.483154296875
0.491455078125
0.4873046875
0.483154296875
0.474853515625
0.466552734375
0.458251953125
0.449951171875
0.441650390625
0.433349609375
0.428955078125
0.4248046875
0.41650390625
0.41650390625
0.408203125
0.408203125
0.39990234375
0.3916015625
0.38330078125
0.37060546875
0.3623046875
0.349853515625
0.341552734375
0.341552734375
0.35400390625
0.37060546875
0.39990234375
0.441650390625
0.47900390625
0.50830078125
0.54150390625
0.57080078125
0.595703125
0.608154296875
0.616455078125
0.616455078125
0.616455078125
0.608154296875
0.60400390625
0.595703125
0.591552734375
0.583251953125
0.583251953125
0.574951171875
0.574951171875
0.566650390625
0.562255859375
0.55810546875
0.5498046875
0.54150390625
0.528564453125
0.521240234375
0.510498046875
0.5
0.496337890625
0.49267578125
0.49267578125
0.496337890625
0.50341796875
0.5283203125
0.556884765625
0.5927734375
0.624755859375
0.6533203125
0.6748046875
0.68896484375
0.699951171875
0.699951171875
0.6962890625
0.68896484375
0.681884765625
0.67138671875
0.660400390625
0.646240234375
0.6318359375
0.61767578125
0.603271484375
0.589111328125
0.57470703125
0.560546875
0.5498046875
0.5390625
0.52490234375
0.510498046875
0.5
0.489013671875
0.4677734375
0.453369140625
0.44287109375
0.435546875
0.435546875
0.44287109375
0.46044921875
0.478515625
0.5
0.521240234375
0.5390625
0.55712890625
0.567626953125
0.5712890625
0.5712890625
0.564208984375
0.553466796875
0.546142578125
0.531982421875
0.52490234375
0.510498046875
0.5
0.496337890625
0.489013671875
0.478515625
0.471435546875
0.46044921875
0.453369140625
0.44287109375
0.431884765625
0.417724609375
0.4033203125
0.38916015625
0.374755859375
0.3642578125
0.353271484375
0.34619140625
0.349853515625
0.353271484375
0.371337890625
0.392578125
0.4140625
0.4248046875
0.4462890625
0.464111328125
0.478515625
0.485595703125
0.485595703125
0.485595703125
0.48193359375
0.474853515625
0.464111328125
0.45703125
0.4462890625
0.439208984375
0.428466796875
0.42138671875
0.414306640625
0.406982421875
0.4033203125
0.39990234375
0.392822265625
0.385498046875
0.374755859375
0.36767578125
0.35693359375
0.34619140625
0.335693359375
0.32470703125
0.3212890625
0.32470703125
0.339111328125
0.35693359375
0.38916015625
0.42138671875
0.45703125
0.485595703125
0.50341796875
0.517578125
0.531982421875
0.53564453125
0.53564453125
0.53564453125
0.531982421875
0.528564453125
0.521240234375
0.517578125
0.51416015625
0.507080078125
0.507080078125
0.5
0.5
0.5
0.5
0.496337890625
0.49267578125
0.485595703125
0.474853515625
0.4677734375
0.45703125
0.4462890625
0.439208984375
0.435546875
0.4462890625
0.46044921875
0.485595703125
0.507080078125
0.5390625
0.5712890625
0.60693359375
0.62841796875
0.64990234375
0.660400390625
0.67138671875
0.67138671875
0.67138671875
0.6640625
0.660400390625
0.6533203125
0.646240234375
0.63916015625
0.6318359375
0.624755859375
0.61767578125
0.610595703125
0.603271484375
0.5927734375
0.58203125
0.57470703125
0.560546875
0.546142578125
0.531982421875
0.517578125
0.50341796875
0.496337890625
0.49267578125
0.489013671875
0.496337890625
0.507080078125
0.5283203125
0.556884765625
0.578369140625
0.603271484375
0.61767578125
0.621337890625
0.6318359375
0.635498046875
0.635498046875
0.62841796875
0.61767578125
0.60693359375
0.59619140625
0.58203125
0.57470703125
0.560546875
0.553466796875
0.5390625
0.531982421875
0.521240234375
0.510498046875
0.50341796875
0.496337890625
0.489013671875
0.474853515625
0.46044921875
0.439208984375
0.4248046875
0.41064453125
0.396240234375
0.38916015625
0.38916015625
0.396240234375
0.406982421875
0.4248046875
0.449951171875
0.47119140625
0.489013671875
0.5
0.507080078125
0.507080078125
0.507080078125
0.50341796875
0.5
0.49267578125
0.48193359375
0.474853515625
0.464111328125
0.453369140625
0.4462890625
0.439208984375
0.428466796875
0.42138671875
0.414306640625
0.41064453125
0.4033203125
0.392822265625
0.3818359375
0.36767578125
0.35693359375
0.34619140625
0.33203125
0.32470703125
0.3212890625
0.328369140625
0.339111328125
0.35693359375
0.385498046875
0.406982421875
0.435546875
0.46044921875
0.474853515625
0.489013671875
0.49560546875
0.5
0.49560546875
0.491455078125
0.491455078125
0.4873046875
0.47900390625
0.474853515625
0.466552734375
0.46240234375
0.458251953125
0.4541015625
0.449951171875
0.44580078125
0.441650390625
0.441650390625
0.433349609375
0.428955078125
0.420654296875
0.412353515625
0.404052734375
0.3916015625
0.38330078125
0.38330078125
0.387451171875
0.404052734375
0.43310546875
0.466552734375
0.499755859375
0.537353515625
0.574951171875
0.60400390625
0.629150390625
0.645751953125
0.654052734375
0.658203125
0.658203125
0.654052734375
0.64990234375
0.6416015625
0.637451171875
0.629150390625
0.625
0.616455078125
0.616455078125
0.608154296875
0.60400390625
0.595703125
0.58740234375
0.5791015625
0.566650390625
0.553955078125
0.537353515625
0.520751953125
0.512451171875
0.5
0.5
0.5
0.512451171875
0.529052734375
0.55810546875
0.591552734375
0.624755859375
0.658203125
0.687255859375
0.699951171875
0.708251953125
0.708251953125
0.708251953125
0.7041015625
0.687255859375
0.670654296875
0.654052734375
0.637451171875
0.616455078125
0.595703125
0.5791015625
0.566650390625
0.553955078125
0.537353515625
0.529052734375
0.5166015625
0.504150390625
0.49560546875
0.47900390625
0.46240234375
0.44580078125
0.428955078125
0.412353515625
0.395751953125
0.387451171875
0.38330078125
0.395751953125
0.412353515625
0.43310546875
0.458251953125
0.4873046875
0.504150390625
0.520751953125
0.533203125
0.54150390625
0.537353515625
0.529052734375
0.520751953125
0.50830078125
0.5
0.491455078125
0.47900390625
0.466552734375
0.458251953125
0.449951171875
0.4375
0.428955078125
0.420654296875
0.408203125
0.395751953125
0.387451171875
0.37060546875
0.35400390625
0.345703125
0.3291015625
0.3125
0.2998046875
0.29150390625
0.295654296875
0.303955078125
0.324951171875
0.358154296875
0.3916015625
0.4248046875
0.449951171875
0.470703125
0.483154296875
0.491455078125
0.4873046875
0.483154296875
0.474853515625
0.466552734375
0.458251953125
0.449951171875
0.441650390625
0.433349609375
0.4248046875
0.41650390625
0.408203125
0.404052734375
0.39990234375
0.3916015625
0.387451171875
0.379150390625
0.37060546875
0.3623046875
0.349853515625
0.33740234375
0.3291015625
0.3291015625
0.33740234375
0.35400390625
0.379150390625
0.41650390625
0.4541015625
0.491455078125
0.52490234375
0.553955078125
0.5791015625
0.595703125
0.608154296875
0.608154296875
0.608154296875
0.608154296875
0.599853515625
0.595703125
0.591552734375
0.583251953125
0.583251953125
0.574951171875
0.57080078125
0.566650390625
0.566650390625
0.55810546875
0.553955078125
0.545654296875
0.537353515625
0.529052734375
0.510498046875
0.5
0.496337890625
0.489013671875
0.485595703125
0.489013671875
0.5
0.51416015625
0.542724609375
0.574951171875
0.610595703125
0.642578125
0.667724609375
0.68896484375
0.699951171875
0.70703125
0.70703125
0.703369140625
0.6962890625
0.685546875
0.6748046875
0.660400390625
0.646240234375
0.6318359375
0.61767578125
0.603271484375
0.5927734375
0.58203125
0.567626953125
0.553466796875
0.5390625
0.52490234375
0.510498046875
0.5
0.48193359375
0.4677734375
0.453369140625
0.4462890625
0.44287109375
0.4462890625
0.46044921875
0.478515625
0.50341796875
0.521240234375
0.546142578125
0.560546875
0.57470703125
0.58203125
0.585693359375
0.578369140625
0.57470703125
0.564208984375
0.553466796875
0.5390625
0.531982421875
0.517578125
0.510498046875
0.5
0.496337890625
0.489013671875
0.48193359375
0.471435546875
0.46044921875
0.453369140625
0.439208984375
0.4248046875
0.41064453125
0.396240234375
0.3818359375
0.36767578125
0.35693359375
0.35693359375
0.35693359375
0.36767578125
0.38916015625
0.41064453125
0.435546875
0.453369140625
0.474853515625
0.48193359375
0.49267578125
0.49267578125
0.489013671875
0.48193359375
0.474853515625
0.4677734375
0.45703125
0.449951171875
0.439208984375
0.431884765625
0.4248046875
0.417724609375
0.41064453125
0.406982421875
0.39990234375
0.392822265625
0.385498046875
0.37841796875
0.36767578125
0.35693359375
0.34619140625
0.335693359375
0.328369140625
0.3212890625
0.328369140625
0.3427734375
0.364013671875
0.392578125
0.428466796875
0.464111328125
0.489013671875
0.50341796875
0.517578125
0.528564453125
0.531982421875
0.53564453125
0.528564453125
0.528564453125
0.521240234375
0.517578125
0.51416015625
0.507080078125
0.507080078125
0.5
0.5
0.5
0.5
0.493408203125
0.490234375
0.487060546875
0.480712890625
0.47412109375
0.470947265625
0.464599609375
0.454833984375
0.448486328125
0.442138671875
0.4453125
0.4580078125
0.47412109375
0.49658203125
0.51904296875
0.55126953125
0.580078125
0.609130859375
0.62841796875
0.64453125
0.654052734375
0.6572265625
0.6572265625
0.654052734375
0.65087890625
0.64453125
0.641357421875
0.634765625
0.62841796875
0.625244140625
0.61865234375
0.6123046875
0.60595703125
0.599365234375
0.593017578125
0.58349609375
0.57373046875
0.560791015625
0.548095703125
0.53515625
0.522216796875
0.509521484375
0.5
0.5
0.5
0.509521484375
0.525390625
0.55126953125
0.576904296875
0.599365234375
0.61865234375
0.631591796875
0.641357421875
0.641357421875
0.641357421875
0.634765625
0.625244140625
0.61865234375
0.60595703125
0.593017578125
0.586669921875
0.57373046875
0.5673828125
0.554443359375
0.548095703125
0.53515625
0.52880859375
0.515869140625
0.509521484375
0.5
0.490234375
0.47412109375
0.4580078125
0.4453125
0.432373046875
0.41943359375
0.416259765625
0.416259765625
0.41943359375
0.432373046875
0.45166015625
0.47412109375
0.493408203125
0.503173828125
0.515869140625
0.51904296875
0.51904296875
0.51904296875
0.5126953125
0.50634765625
0.5
0.493408203125
0.48388671875
0.47412109375
0.464599609375
0.4580078125
0.45166015625
0.4453125
0.435546875
0.432373046875
0.4228515625
0.416259765625
0.40673828125
0.400146484375
0.387451171875
0.37451171875
0.361572265625
0.355224609375
0.345703125
0.345703125
0.348876953125
0.361572265625
0.380859375
0.4033203125
0.42919921875
0.448486328125
0.4677734375
0.48388671875
0.490234375
0.493408203125
0.493408203125
0.491455078125
0.4873046875
0.483154296875
0.474853515625
0.466552734375
0.458251953125
0.449951171875
0.44580078125
0.441650390625
0.433349609375
0.433349609375
0.433349609375
0.4248046875
0.420654296875
0.412353515625
0.404052734375
0.395751953125
0.38330078125
0.375
0.366455078125
0.366455078125
0.375
0.3916015625
0.41650390625
0.4541015625
0.491455078125
0.52490234375
0.56640625
0.5791015625
0.599853515625
0.62060546875
0.637451171875
0.645751953125
0.64990234375
0.64990234375
0.6416015625
0.637451171875
0.63330078125
0.625
0.62060546875
0.6123046875
0.608154296875
0.60400390625
0.599853515625
0.591552734375
0.58740234375
0.5791015625
0.57080078125
0.55810546875
0.545654296875
0.533203125
0.520751953125
0.50830078125
0.5
0.5
0.504150390625
0.520751953125
0.54150390625
0.574951171875
0.6123046875
0.64990234375
0.678955078125
0.7041015625
0.720703125
0.724853515625
0.724853515625
0.720703125
0.7041015625
0.687255859375
0.670654296875
0.654052734375
0.629150390625
0.6123046875
0.595703125
0.583251953125
0.57080078125
0.553955078125
0.537353515625
0.529052734375
0.512451171875
0.5
0.4873046875
0.470703125
0.4541015625
0.4375
0.420654296875
0.404052734375
0.39990234375
0.39990234375
0.404052734375
0.4248046875
0.449951171875
0.474853515625
0.5
0.520751953125
0.537353515625
0.5498046875
0.5498046875
0.5498046875
0.54150390625
0.533203125
0.520751953125
0.512451171875
0.5
0.49560546875
0.483154296875
0.470703125
0.46240234375
0.4541015625
0.441650390625
0.433349609375
0.4248046875
0.412353515625
0.404052734375
0.387451171875
0.37060546875
0.35400390625
0.33740234375
0.32080078125
0.3125
0.308349609375
0.308349609375
0.32080078125
0.33740234375
0.3623046875
0.3916015625
0.420654296875
0.44580078125
0.46240234375
0.47900390625
0.483154296875
0.483154296875
0.483154296875
0.474853515625
0.466552734375
0.4541015625
0.44580078125
0.4375
0.428955078125
0.420654296875
0.412353515625
0.408203125
0.39990234375
0.395751953125
0.3916015625
0.38330078125
0.375
0.3623046875
0.35400390625
0.341552734375
0.3291015625
0.324951171875
0.324951171875
0.3291015625
0.345703125
0.374755859375
0.408203125
0.44580078125
0.4873046875
0.5166015625
0.545654296875
0.57080078125
0.58740234375
0.595703125
0.599853515625
0.599853515625
0.595703125
0.591552734375
0.58740234375
0.583251953125
0.574951171875
0.574951171875
0.566650390625
0.566650390625
0.55810546875
0.55810546875
0.553955078125
0.5498046875
0.54150390625
0.533203125
0.52490234375
0.512451171875
0.504150390625
0.49560546875
0.4873046875
0.47900390625
0.474853515625
0.483154296875
0.49560546875
0.5166015625
0.5498046875
0.591552734375
0.63330078125
0.66650390625
0.69580078125
0.720703125
0.72900390625
0.7373046875
0.741455078125
0.733154296875
0.724853515625
0.71240234375
0.69580078125
0.678955078125
0.662353515625
0.645751953125
0.629150390625
0.6123046875
0.60400390625
0.58740234375
0.57080078125
0.553955078125
0.537353515625
0.520751953125
0.504150390625
0.49560546875
0.47900390625
0.4541015625
0.44580078125
0.433349609375
0.433349609375
0.44580078125
0.46240234375
0.4873046875
0.50830078125
0.54150390625
0.56640625
0.58740234375
0.60400390625
0.608154296875
0.608154296875
0.60400390625
0.595703125
0.58740234375
0.57080078125
0.562255859375
0.545654296875
0.537353515625
0.52490234375
0.512451171875
0.504150390625
0.5
0.4873046875
0.47900390625
0.46240234375
0.4541015625
0.4375
0.420654296875
0.417724609375
0.4033203125
0.38916015625
0.374755859375
0.3642578125
0.3642578125
0.36767578125
0.3818359375
0.39990234375
0.42138671875
0.4462890625
0.4677734375
0.48193359375
0.49267578125
0.5
0.5
0.496337890625
0.489013671875
0.48193359375
0.471435546875
0.46044921875
0.453369140625
0.44287109375
0.435546875
0.4248046875
0.417724609375
0.414306640625
0.406982421875
0.39990234375
0.392822265625
0.3818359375
0.374755859375
0.3642578125
0.353271484375
0.339111328125
0.328369140625
0.3212890625
0.317626953125
0.3212890625
0.33544921875
0.35693359375
0.392578125
0.42138671875
0.45703125
0.478515625
0.496337890625
0.507080078125
0.51416015625
0.517578125
0.51416015625
0.517578125
0.51416015625
0.510498046875
0.507080078125
0.5
0.5
0.5
0.49267578125
0.489013671875
0.485595703125
0.48193359375
0.478515625
0.477294921875
0.47412109375
0.4677734375
0.46142578125
0.45166015625
0.4453125
0.435546875
0.42919921875
0.42919921875
0.432373046875
0.4453125
0.461181640625
0.487060546875
0.509521484375
0.54150390625
0.570556640625
0.59619140625
0.61865234375
0.631591796875
0.641357421875
0.641357421875
0.641357421875
0.641357421875
0.637939453125
0.631591796875
0.62841796875
0.6220703125
0.615478515625
0.609130859375
0.60595703125
0.599365234375
0.593017578125
0.586669921875
0.580078125
0.57373046875
0.560791015625
0.548095703125
0.53515625
0.522216796875
0.509521484375
0.5
0.49658203125
0.49658203125
0.5
0.509521484375
0.531982421875
0.5576171875
0.580078125
0.6025390625
0.621826171875
0.637939453125
0.641357421875
0.64453125
0.641357421875
0.634765625
0.625244140625
0.615478515625
0.60595703125
0.593017578125
0.586669921875
0.57373046875
0.564208984375
0.554443359375
0.544921875
0.53515625
0.52880859375
0.515869140625
0.503173828125
0.49658203125
0.48388671875
0.470947265625
0.4580078125
0.438720703125
0.426025390625
0.4228515625
0.416259765625
0.4130859375
0.416259765625
0.426025390625
0.44189453125
0.461181640625
0.48046875
0.5
0.509521484375
0.51904296875
0.525634765625
0.525634765625
0.51904296875
0.5126953125
0.503173828125
0.5
0.490234375
0.480712890625
0.470947265625
0.464599609375
0.454833984375
0.448486328125
0.438720703125
0.432373046875
0.426025390625
0.41943359375
0.409912109375
0.400146484375
0.390625
0.380859375
0.3681640625
0.355224609375
0.34228515625
0.339111328125
0.339111328125
0.345703125
0.3583984375
0.377685546875
0.4033203125
0.422607421875
0.4453125
0.464599609375
0.47412109375
0.480712890625
0.480712890625
0.480712890625
0.477294921875
0.47412109375
0.4677734375
0.45703125
0.449951171875
0.44287109375
0.435546875
0.431884765625
0.428466796875
0.4248046875
0.42138671875
0.417724609375
0.414306640625
0.406982421875
0.39990234375
0.392822265625
0.3818359375
0.374755859375
0.36767578125
0.3642578125
0.3642578125
0.374755859375
0.392578125
0.42138671875
0.449951171875
0.485595703125
0.510498046875
0.542724609375
0.564208984375
0.58203125
0.589111328125
0.59619140625
0.599853515625
0.59619140625
0.5927734375
0.589111328125
0.585693359375
0.578369140625
0.57470703125
0.5712890625
0.567626953125
0.564208984375
0.560546875
0.55712890625
0.5498046875
0.546142578125
0.5390625
0.528564453125
0.517578125
0.507080078125
0.5
0.49267578125
0.485595703125
0.489013671875
0.496337890625
0.507080078125
0.53564453125
0.564208984375
0.59619140625
0.62841796875
0.64990234375
0.671142578125
0.681884765625
0.685546875
0.68896484375
0.681884765625
0.6748046875
0.667724609375
0.656982421875
0.646240234375
0.635498046875
0.624755859375
0.61767578125
0.603271484375
0.589111328125
0.57470703125
0.560546875
0.553466796875
0.5390625
0.52490234375
0.510498046875
0.5
0.485595703125
0.4677734375
0.453369140625
0.44287109375
0.435546875
0.439208984375
0.4462890625
0.464111328125
0.485595703125
0.50341796875
0.52490234375
0.546142578125
0.560546875
0.567626953125
0.5712890625
0.564208984375
0.560546875
0.5498046875
0.5390625
0.528564453125
0.517578125
0.50341796875
0.5
0.489013671875
0.48193359375
0.474853515625
0.464111328125
0.45703125
0.4462890625
0.439208984375
0.4248046875
0.414306640625
0.4033203125
0.3818359375
0.36767578125
0.35693359375
0.34619140625
0.3427734375
0.34619140625
0.353271484375
0.374755859375
0.396240234375
0.42138671875
0.442626953125
0.46044921875
0.4677734375
0.478515625
0.485595703125
0.49267578125
0.489013671875
0.485595703125
0.478515625
0.4677734375
0.46044921875
0.449951171875
0.44287109375
0.431884765625
0.4248046875
0.42138671875
0.414306640625
0.406982421875
0.4033203125
0.396240234375
0.38916015625
0.3818359375
0.374755859375
0.3642578125
0.353271484375
0.3427734375
0.335693359375
0.335693359375
0.339111328125
0.353271484375
0.37841796875
0.406982421875
0.442626953125
0.47119140625
0.496337890625
0.517578125
0.5390625
0.546142578125
0.553466796875
0.55712890625
0.553466796875
0.5498046875
0.546142578125
0.542724609375
0.53564453125
0.531982421875
0.528564453125
0.528564453125
0.521240234375
0.521240234375
0.517578125
0.51416015625
0.507080078125
0.5
0.5
0.49267578125
0.48193359375
0.474853515625
0.464111328125
0.46044921875
0.46044921875
0.4677734375
0.485595703125
0.50341796875
0.531982421875
0.564208984375
0.599853515625
0.62841796875
0.6533203125
0.6748046875
0.685546875
0.692626953125
0.692626953125
0.68896484375
0.681884765625
0.6748046875
0.667724609375
0.660400390625
0.64990234375
0.642822265625
0.635498046875
0.624755859375
0.61767578125
0.610595703125
0.59619140625
0.58203125
0.567626953125
0.553466796875
0.5390625
0.52490234375
0.510498046875
0.496337890625
0.489013671875
0.478515625
0.478515625
0.489013671875
0.5
0.521240234375
0.542724609375
0.5712890625
0.5927734375
0.610595703125
0.61767578125
0.621337890625
0.621337890625
0.6142578125
0.60693359375
0.59619140625
0.58203125
0.57470703125
0.560546875
0.5498046875
0.5390625
0.528564453125
0.517578125
0.510498046875
0.5
0.496337890625
0.48193359375
0.471435546875
0.46044921875
0.4462890625
0.4248046875
0.41064453125
0.396240234375
0.3818359375
0.374755859375
0.371337890625
0.3818359375
0.396240234375
0.4140625
0.435546875
0.46044921875
0.478515625
0.485595703125
0.496337890625
0.5
0.5
0.5
0.496337890625
0.489013671875
0.48193359375
0.4677734375
0.46044921875
0.449951171875
0.439208984375
0.431884765625
0.4248046875
0.417724609375
0.41064453125
0.4033203125
0.396240234375
0.38916015625
0.37841796875
0.36767578125
0.353271484375
0.34619140625
0.33203125
0.3212890625
0.314208984375
0.314208984375
0.3212890625
0.339111328125
0.364013671875
0.392578125
0.428466796875
0.45703125
0.48193359375
0.496337890625
0.5
0.507080078125
0.507080078125
0.507080078125
0.5
0.5
0.5
0.49267578125
0.489013671875
0.485595703125
0.478515625
0.474853515625
0.471435546875
0.4677734375
0.464111328125
0.46044921875
0.45703125
0.449951171875
0.44287109375
0.435546875
0.4248046875
0.417724609375
0.414306640625
0.41064453125
0.417724609375
0.431884765625
0.45703125
0.485595703125
0.510498046875
0.54638671875
0.578369140625
0.603271484375
0.624755859375
0.63916015625
0.646240234375
0.64990234375
0.64990234375
0.646240234375
0.642822265625
0.635498046875
0.62841796875
0.624755859375
0.61767578125
0.6142578125
0.60693359375
0.603271484375
0.599853515625
0.5927734375
0.585693359375
0.578369140625
0.567626953125
0.560546875
0.546142578125
0.531982421875
0.517578125
0.50341796875
0.5
0.5
0.5
0.510498046875
0.5283203125
0.556884765625
0.58544921875
0.614013671875
0.635498046875
0.6533203125
0.667724609375
0.67138671875
0.67138671875
0.667724609375
0.660400390625
0.646240234375
0.63916015625
0.624755859375
0.610595703125
0.59619140625
0.58203125
0.57470703125
0.564208984375
0.553466796875
0.546142578125
0.531982421875
0.521240234375
0.510498046875
0.5
0.489013671875
0.4677734375
0.453369140625
0.439208984375
0.4248046875
0.417724609375
0.414306640625
0.42138671875
0.431884765625
0.453369140625
0.478515625
0.496337890625
0.510498046875
0.528564453125
0.53564453125
0.542724609375
0.5390625
0.531982421875
0.52490234375
0.517578125
0.50341796875
0.5
0.489013671875
0.48193359375
0.471435546875
0.46044921875
0.453369140625
0.4462890625
0.439208984375
0.431884765625
0.42138671875
0.41064453125
0.39990234375
0.38916015625
0.374755859375
0.360595703125
0.34619140625
0.335693359375
0.33203125
0.335693359375
0.34619140625
0.360595703125
0.385498046875
0.406982421875
0.435546875
0.45703125
0.474853515625
0.485595703125
0.49267578125
0.49267578125
0.489013671875
0.485595703125
0.478515625
0.4677734375
0.46044921875
0.453369140625
0.449951171875
0.44287109375
0.435546875
0.435546875
0.428466796875
0.428466796875
0.42138671875
0.417724609375
0.41064453125
0.4033203125
0.396240234375
0.385498046875
0.37841796875
0.371337890625
0.371337890625
0.374755859375
0.38916015625
0.406982421875
0.435546875
0.464111328125
0.496337890625
0.52490234375
0.5498046875
0.57470703125
0.589111328125
0.599853515625
0.603271484375
0.60693359375
0.603271484375
0.599853515625
0.5927734375
0.5927734375
0.585693359375
0.58203125
0.578369140625
0.5712890625
0.5712890625
0.564208984375
0.560546875
0.55712890625
0.5498046875
0.542724609375
0.531982421875
0.52490234375
0.510498046875
0.50341796875
0.5
0.5
0.5
0.507080078125
0.5283203125
0.556884765625
0.589111328125
0.621337890625
0.656982421875
0.678466796875
0.6962890625
0.71044921875
0.714111328125
0.714111328125
0.71044921875
0.703369140625
0.68896484375
0.6748046875
0.660400390625
0.642578125
0.6318359375
0.61767578125
0.603271484375
0.589111328125
0.57470703125
0.560546875
0.546142578125
0.5390625
0.52490234375
0.510498046875
0.5
0.489013671875
0.4677734375
0.453369140625
0.44287109375
0.435546875
0.435546875
0.439208984375
0.453369140625
0.478515625
0.496337890625
0.521240234375
0.542724609375
0.560546875
0.57470703125
0.578369140625
0.578369140625
0.57470703125
0.567626953125
0.55712890625
0.546142578125
0.53564453125
0.52490234375
0.51416015625
0.50341796875
0.5
0.49267578125
0.485595703125
0.474853515625
0.4677734375
0.453369140625
0.4462890625
0.431884765625
0.417724609375
0.4033203125
0.38916015625
0.374755859375
0.360595703125
0.35693359375
0.353271484375
0.360595703125
0.374755859375
0.396240234375
0.42138671875
0.442626953125
0.464111328125
0.48193359375
0.49267578125
0.5
0.5
0.5
0.49267578125
0.48193359375
0.474853515625
0.464111328125
0.453369140625
0.4462890625
0.439208984375
0.431884765625
0.4248046875
0.417724609375
0.41064453125
0.4033203125
0.396240234375
0.38916015625
0.3818359375
0.371337890625
0.360595703125
0.35693359375
0.349853515625
0.339111328125
0.335693359375
0.335693359375
0.34619140625
0.360595703125
0.385498046875
0.417724609375
0.449951171875
0.485595703125
0.50341796875
0.52490234375
0.5390625
0.546142578125
0.5498046875
0.5498046875
0.5498046875
0.542724609375
0.5390625
0.53564453125
0.528564453125
0.52490234375
0.521240234375
0.51416015625
0.51416015625
0.51416015625
0.507080078125
0.50341796875
0.5
0.5
0.49267578125
0.48193359375
0.471435546875
0.46044921875
0.453369140625
0.449951171875
0.45703125
0.4677734375
0.49267578125
0.51416015625
0.5498046875
0.58544921875
0.614013671875
0.642578125
0.667724609375
0.681884765625
0.692626953125
0.692626953125
0.692626953125
0.692626953125
0.685546875
0.678466796875
0.67138671875
0.6640625
0.656982421875
0.64990234375
0.642822265625
0.6318359375
0.61767578125
0.603271484375
0.589111328125
0.5712890625
0.553466796875
0.5390625
0.52490234375
0.510498046875
0.5
0.489013671875
0.478515625
0.474853515625
0.48193359375
0.496337890625
0.51416015625
0.53564453125
0.564208984375
0.5927734375
0.610595703125
0.624755859375
0.635498046875
0.635498046875
0.62841796875
0.621337890625
0.610595703125
0.603271484375
0.589111328125
0.578369140625
0.567626953125
0.553466796875
0.546142578125
0.53564453125
0.52490234375
0.51416015625
0.50341796875
0.5
0.489013671875
0.474853515625
0.46044921875
0.442626953125
0.4248046875
0.41064453125
0.396240234375
0.385498046875
0.37841796875
0.385498046875
0.396240234375
0.4140625
0.435546875
0.46044921875
0.48193359375
0.496337890625
0.50341796875
0.507080078125
0.507080078125
0.507080078125
0.50341796875
0.5
0.49267578125
0.48193359375
0.471435546875
0.46044921875
0.453369140625
0.44287109375
0.431884765625
0.4248046875
0.417724609375
0.41064453125
0.4033203125
0.396240234375
0.385498046875
0.374755859375
0.360595703125
0.34619140625
0.335693359375
0.32470703125
0.314208984375
0.30712890625
0.310546875
0.32470703125
0.3427734375
0.371337890625
0.403564453125
0.435546875
0.46044921875
0.48193359375
0.49267578125
0.5
0.5
0.5
0.5
0.496337890625
0.489013671875
0.48193359375
0.478515625
0.471435546875
0.464111328125
0.46044921875
0.45703125
0.45703125
0.449951171875
0.449951171875
0.44287109375
0.439208984375
0.431884765625
0.4248046875
0.414306640625
0.4033203125
0.39990234375
0.392822265625
0.396240234375
0.41064453125
0.428466796875
0.45703125
0.4892578125
0.517822265625
0.5498046875
0.58203125
0.60693359375
0.624755859375
0.6318359375
0.635498046875
0.635498046875
0.635498046875
0.62841796875
0.621337890625
0.61767578125
0.6142578125
0.60693359375
0.603271484375
0.599853515625
0.5927734375
0.589111328125
0.58203125
0.57470703125
0.567626953125
0.560546875
0.546142578125
0.531982421875
0.52490234375
0.510498046875
0.5
0.496337890625
0.496337890625
0.5
0.51416015625
0.53564453125
0.567626953125
0.599853515625
0.62841796875
0.64990234375
0.667724609375
0.678466796875
0.685546875
0.681884765625
0.678466796875
0.67138671875
0.660400390625
0.6533203125
0.63916015625
0.624755859375
0.603271484375
0.589111328125
0.57470703125
0.560546875
0.5498046875
0.5390625
0.528564453125
0.517578125
0.503173828125
0.49658203125
0.48388671875
0.470947265625
0.45166015625
0.438720703125
0.426025390625
0.416259765625
0.416259765625
0.41943359375
0.42919921875
0.4453125
0.4677734375
0.490234375
0.503173828125
0.515869140625
0.52880859375
0.53515625
0.53515625
0.531982421875
0.522216796875
0.515869140625
0.503173828125
0.5
0.490234375
0.48388671875
0.470947265625
0.464599609375
0.4580078125
0.448486328125
0.442138671875
0.432373046875
0.426025390625
0.416259765625
0.40673828125
0.393798828125
0.380859375
0.3681640625
0.355224609375
0.348876953125
0.339111328125
0.339111328125
0.345703125
0.3583984375
0.377685546875
0.4033203125
0.422607421875
0.4453125
0.464599609375
0.477294921875
0.480712890625
0.480712890625
0.480712890625
0.47412109375
0.4677734375
0.46142578125
0.454833984375
0.448486328125
0.442138671875
0.435546875
0.42919921875
0.4228515625
0.41943359375
0.416259765625
0.4130859375
0.40673828125
0.403564453125
0.393798828125
0.387451171875
0.380859375
0.371337890625
0.364990234375
0.3583984375
0.3583984375
0.3681640625
0.380859375
0.4033203125
0.432373046875
0.461181640625
0.493408203125
0.5126953125
0.53515625
0.548095703125
0.560791015625
0.564208984375
0.564208984375
0.564208984375
0.564208984375
0.560791015625
0.5576171875
0.55126953125
0.55126953125
0.544921875
0.544921875
0.538330078125
0.538330078125
0.531982421875
0.531982421875
0.525634765625
0.51904296875
0.5126953125
0.503173828125
0.5
0.493408203125
0.48388671875
0.477294921875
0.47412109375
0.477294921875
0.48388671875
0.503173828125
0.525390625
0.554443359375
0.58642578125
0.615478515625
0.64111328125
0.660400390625
0.67333984375
0.679931640625
0.679931640625
0.679931640625
0.67333984375
0.6669921875
0.6572265625
0.65087890625
0.656982421875
0.646240234375
0.63916015625
0.62841796875
0.61767578125
0.603271484375
0.589111328125
0.578369140625
0.567626953125
0.553466796875
0.531982421875
0.517578125
0.50341796875
0.489013671875
0.474853515625
0.464111328125
0.464111328125
0.4677734375
0.478515625
0.496337890625
0.51416015625
0.542724609375
0.567626953125
0.589111328125
0.599853515625
0.60693359375
0.60693359375
0.599853515625
0.5927734375
0.58203125
0.5712890625
0.560546875
0.546142578125
0.5390625
0.52490234375
0.517578125
0.50341796875
0.5
0.496337890625
0.485595703125
0.474853515625
0.46044921875
0.453369140625
0.439208984375
0.417724609375
0.4033203125
0.38916015625
0.374755859375
0.360595703125
0.35693359375
0.360595703125
0.374755859375
0.392578125
0.4140625
0.439208984375
0.46044921875
0.48193359375
0.496337890625
0.5
0.5
0.5
0.49267578125
0.48193359375
0.474853515625
0.46044921875
0.453369140625
0.4462890625
0.435546875
0.428466796875
0.42138671875
0.414306640625
0.41064453125
0.4033203125
0.396240234375
0.38916015625
0.37841796875
0.36767578125
0.35693359375
0.34619140625
0.33203125
0.32470703125
0.3212890625
0.32470703125
0.33544921875
0.35693359375
0.38916015625
0.4248046875
0.45703125
0.485595703125
0.50341796875
0.521240234375
0.531982421875
0.53564453125
0.53564453125
0.53564453125
0.531982421875
0.528564453125
0.521240234375
0.517578125
0.51416015625
0.507080078125
0.50341796875
0.5
0.5
0.5
0.5
0.49267578125
0.489013671875
0.48193359375
0.471435546875
0.46044921875
0.453369140625
0.44287109375
0.435546875
0.439208984375
0.4462890625
0.4677734375
0.49267578125
0.5
0.5283203125
0.564208984375
0.599853515625
0.62841796875
0.6533203125
0.6748046875
0.681884765625
0.685546875
0.685546875
0.685546875
0.678466796875
0.67138671875
0.6640625
0.660400390625
0.6533203125
0.646240234375
0.642822265625
0.635498046875
0.62841796875
0.61767578125
0.610595703125
0.59619140625
0.589111328125
0.57470703125
0.560546875
0.542724609375
0.52490234375
0.510498046875
0.50341796875
0.5
0.50341796875
0.517578125
0.5390625
0.564208984375
0.599853515625
0.624755859375
0.646240234375
0.6640625
0.67138671875
0.67138671875
0.67138671875
0.660400390625
0.646240234375
0.6318359375
0.61767578125
0.599853515625
0.58203125
0.567626953125
0.553466796875
0.546142578125
0.53564453125
0.52490234375
0.51416015625
0.50341796875
0.496337890625
0.48193359375
0.4677734375
0.453369140625
0.435546875
0.417724609375
0.4033203125
0.392822265625
0.385498046875
0.385498046875
0.396240234375
0.4140625
0.435546875
0.46044921875
0.485595703125
0.5
0.510498046875
0.517578125
0.521240234375
0.517578125
0.510498046875
0.50341796875
0.496337890625
0.489013671875
0.474853515625
0.4677734375
0.453369140625
0.4462890625
0.435546875
0.428466796875
0.42138671875
0.414306640625
0.406982421875
0.39990234375
0.38916015625
0.374755859375
0.360595703125
0.349853515625
0.339111328125
0.32470703125
0.317626953125
0.314208984375
0.32470703125
0.339111328125
0.360595703125
0.385498046875
0.4140625
0.442626953125
0.4677734375
0.48193359375
0.496337890625
0.5
0.5
0.5
0.49267578125
0.485595703125
0.478515625
0.471435546875
0.464111328125
0.46044921875
0.45703125
0.449951171875
0.449951171875
0.4462890625
0.44287109375
0.435546875
0.431884765625
0.4248046875
0.417724609375
0.41064453125
0.396240234375
0.38916015625
0.385498046875
0.385498046875
0.38916015625
0.406982421875
0.435546875
0.464111328125
0.499755859375
0.531982421875
0.564208984375
0.5927734375
0.610595703125
0.624755859375
0.6318359375
0.635498046875
0.635498046875
0.62841796875
0.62841796875
0.621337890625
0.6142578125
0.610595703125
0.60693359375
0.599853515625
0.59619140625
0.5927734375
0.585693359375
0.578369140625
0.5712890625
0.564208984375
0.553466796875
0.5390625
0.52490234375
0.517578125
0.50341796875
0.5
0.5
0.5
0.510498046875
0.53564453125
0.564208984375
0.599853515625
0.62841796875
0.656982421875
0.681884765625
0.681884765625
0.6962890625
0.70703125
0.70703125
0.699951171875
0.68896484375
0.6748046875
0.656982421875
0.63916015625
0.624755859375
0.603271484375
0.589111328125
0.57470703125
0.560546875
0.553466796875
0.5390625
0.52490234375
0.510498046875
0.5
0.489013671875
0.47119140625
0.453369140625
0.4453125
0.432373046875
0.41943359375
0.416259765625
0.416259765625
0.426025390625
0.438720703125
0.461181640625
0.48388671875
0.503173828125
0.51904296875
0.53515625
0.54150390625
0.544921875
0.544921875
0.538330078125
0.52880859375
0.522216796875
0.509521484375
0.503173828125
0.49658203125
0.490234375
0.480712890625
0.470947265625
0.464599609375
0.4580078125
0.448486328125
0.438720703125
0.42919921875
0.41943359375
0.40673828125
0.393798828125
0.380859375
0.3681640625
0.355224609375
0.345703125
0.34228515625
0.345703125
0.355224609375
0.371337890625
0.39697265625
0.422607421875
0.4453125
0.464599609375
0.48388671875
0.490234375
0.493408203125
0.493408203125
0.487060546875
0.48388671875
0.47412109375
0.4677734375
0.4580078125
0.45166015625
0.4453125
0.438720703125
0.432373046875
0.42919921875
0.4228515625
0.41943359375
0.416259765625
0.409912109375
0.403564453125
0.393798828125
0.387451171875
0.37451171875
0.364990234375
0.3583984375
0.35205078125
0.3583984375
0.3681640625
0.387451171875
0.416259765625
0.445068359375
0.477294921875
0.503173828125
0.525390625
0.54150390625
0.554443359375
0.564208984375
0.564208984375
0.564208984375
0.560791015625
0.5576171875
0.55126953125
0.548095703125
0.544921875
0.544921875
0.538330078125
0.538330078125
0.53515625
0.531982421875
0.52880859375
0.525634765625
0.51904296875
0.509521484375
0.503173828125
0.5
0.490234375
0.480712890625
0.47412109375
0.47412109375
0.477294921875
0.490234375
0.50634765625
0.538330078125
0.570556640625
0.6025390625
0.634765625
0.660400390625
0.676513671875
0.689453125
0.69921875
0.69921875
0.692626953125
0.686279296875
0.679931640625
0.670166015625
0.663818359375
0.654052734375
0.64453125
0.631591796875
0.6220703125
0.6123046875
0.60693359375
0.589111328125
0.57470703125
0.556884765625
0.5390625
0.52490234375
0.507080078125
0.496337890625
0.48193359375
0.4677734375
0.46044921875
0.45703125
0.4677734375
0.485595703125
0.50341796875
0.5283203125
0.556884765625
0.58544921875
0.603271484375
0.61767578125
0.621337890625
0.621337890625
0.61767578125
0.610595703125
0.603271484375
0.589111328125
0.58203125
0.567626953125
0.553466796875
0.546142578125
0.531982421875
0.52490234375
0.510498046875
0.50341796875
0.5
0.489013671875
0.474853515625
0.46044921875
0.4462890625
0.431884765625
0.417724609375
0.396240234375
0.3818359375
0.36767578125
0.3642578125
0.360595703125
0.36767578125
0.385498046875
0.406982421875
0.431884765625
0.45703125
0.48193359375
0.496337890625
0.5
0.507080078125
0.50341796875
0.5
0.496337890625
0.489013671875
0.478515625
0.4677734375
0.46044921875
0.449951171875
0.439208984375
0.431884765625
0.4248046875
0.417724609375
0.41064453125
0.39990234375
0.392822265625
0.3818359375
0.374755859375
0.360595703125
0.34619140625
0.33203125
0.3212890625
0.314208984375
0.314208984375
0.317626953125
0.33544921875
0.364013671875
0.396240234375
0.43212890625
0.464111328125
0.49267578125
0.50341796875
0.517578125
0.521240234375
0.52490234375
0.521240234375
0.521240234375
0.517578125
0.51416015625
0.507080078125
0.5
0.5
0.5
0.49267578125
0.489013671875
0.485595703125
0.485595703125
0.478515625
0.474853515625
0.471435546875
0.46044921875
0.453369140625
0.44287109375
0.431884765625
0.42138671875
0.414306640625
0.414306640625
0.42138671875
0.439208984375
0.464111328125
0.49267578125
0.52490234375
0.564208984375
0.599853515625
0.62841796875
0.64990234375
0.667724609375
0.6748046875
0.678466796875
0.6748046875
0.67138671875
0.6640625
0.656982421875
0.64990234375
0.642822265625
0.635498046875
0.6318359375
0.624755859375
0.61767578125
0.610595703125
0.603271484375
0.5927734375
0.58203125
0.567626953125
0.553466796875
0.5390625
0.52490234375
0.510498046875
0.5
0.5
0.5
0.50341796875
0.521240234375
0.54638671875
0.578369140625
0.60693359375
0.635498046875
0.6533203125
0.667724609375
0.6748046875
0.6748046875
0.67138671875
0.660400390625
0.64990234375
0.6318359375
0.61767578125
0.603271484375
0.58544921875
0.567626953125
0.560546875
0.546142578125
0.5390625
0.52490234375
0.510498046875
0.50341796875
0.496337890625
0.474853515625
0.46044921875
0.4462890625
0.4248046875
0.41064453125
0.396240234375
0.385498046875
0.385498046875
0.38916015625
0.4033203125
0.42138671875
0.4462890625
0.47119140625
0.49267578125
0.50341796875
0.51416015625
0.521240234375
0.521240234375
0.51416015625
0.507080078125
0.5
0.49267578125
0.48193359375
0.4677734375
0.46044921875
0.449951171875
0.44287109375
0.435546875
0.4248046875
0.417724609375
0.41064453125
0.4033203125
0.38916015625
0.374755859375
0.36767578125
0.353271484375
0.339111328125
0.32470703125
0.314208984375
0.30712890625
0.310546875
0.317626953125
0.339111328125
0.364013671875
0.396240234375
0.428466796875
0.453369140625
0.474853515625
0.489013671875
0.496337890625
0.5
0.496337890625
0.49267578125
0.485595703125
0.478515625
0.471435546875
0.464111328125
0.45703125
0.449951171875
0.44287109375
0.44287109375
0.435546875
0.431884765625
0.428466796875
0.42138671875
0.417724609375
0.41064453125
0.39990234375
0.38916015625
0.37841796875
0.371337890625
0.3642578125
0.36767578125
0.3818359375
0.39990234375
0.43212890625
0.464111328125
0.499755859375
0.5283203125
0.556884765625
0.58203125
0.599853515625
0.610595703125
0.6142578125
0.6142578125
0.6142578125
0.610595703125
0.60693359375
0.599853515625
0.59619140625
0.5927734375
0.585693359375
0.58203125
0.578369140625
0.57470703125
0.5712890625
0.564208984375
0.55712890625
0.546142578125
0.5390625
0.52490234375
0.510498046875
0.5
0.496337890625
0.49267578125
0.49267578125
0.5
0.517578125
0.54638671875
0.578369140625
0.614013671875
0.646240234375
0.6533203125
0.6748046875
0.6962890625
0.703369140625
0.70703125
0.70703125
0.699951171875
0.692626953125
0.6748046875
0.660400390625
0.646240234375
0.624755859375
0.60693359375
0.589111328125
0.571044921875
0.553466796875
0.542724609375
0.5283203125
0.51220703125
0.496337890625
0.480224609375
0.458740234375
0.439208984375
0.4248046875
0.417724609375
0.414306640625
0.417724609375
0.431884765625
0.453369140625
0.478515625
0.50341796875
0.521240234375
0.5390625
0.553466796875
0.560546875
0.560546875
0.55712890625
0.5498046875
0.5390625
0.528564453125
0.517578125
0.507080078125
0.5
0.489013671875
0.48193359375
0.471435546875
0.46044921875
0.453369140625
0.44287109375
0.431884765625
0.4248046875
0.41064453125
0.396240234375
0.3818359375
0.360595703125
0.34619140625
0.335693359375
0.328369140625
0.328369140625
0.33203125
0.34619140625
0.371337890625
0.396240234375
0.42138671875
0.4462890625
0.4677734375
0.48193359375
0.485595703125
0.485595703125
0.485595703125
0.478515625
0.471435546875
0.46044921875
0.453369140625
0.4462890625
0.435546875
0.428466796875
0.42138671875
0.414306640625
0.406982421875
0.39990234375
0.396240234375
0.38916015625
0.3818359375
0.374755859375
0.3642578125
0.353271484375
0.3427734375
0.348876953125
0.34228515625
0.339111328125
0.348876953125
0.3681640625
0.393798828125
0.42578125
0.4580078125
0.487060546875
0.50634765625
0.52880859375
0.54150390625
0.554443359375
0.5576171875
0.5576171875
0.5576171875
0.55126953125
0.548095703125
0.544921875
0.538330078125
0.53515625
0.531982421875
0.525634765625
0.525634765625
0.51904296875
0.51904296875
0.5126953125
0.50634765625
0.503173828125
0.5
0.49658203125
0.490234375
0.477294921875
0.4677734375
0.46142578125
0.454833984375
0.46142578125
0.470947265625
0.493408203125
0.5126953125
0.544677734375
0.576904296875
0.609130859375
0.634765625
0.6572265625
0.670166015625
0.679931640625
0.679931640625
0.679931640625
0.679931640625
0.67333984375
0.6669921875
0.66064453125
0.65087890625
0.64453125
0.637939453125
0.62841796875
0.6220703125
0.6123046875
0.602783203125
0.593017578125
0.580078125
0.5673828125
0.554443359375
0.538330078125
0.522216796875
0.50634765625
0.49658203125
0.487060546875
0.48388671875
0.487060546875
0.49658203125
0.5126953125
0.538330078125
0.56396484375
0.586669921875
0.60595703125
0.61865234375
0.625244140625
0.62841796875
0.6220703125
0.615478515625
0.60595703125
0.593017578125
0.58349609375
0.57373046875
0.560791015625
0.55126953125
0.54150390625
0.531982421875
0.522216796875
0.5126953125
0.503173828125
0.49658203125
0.48388671875
0.470947265625
0.454833984375
0.438720703125
0.426025390625
0.40673828125
0.393798828125
0.38427734375
0.377685546875
0.380859375
0.387451171875
0.40673828125
0.426025390625
0.448486328125
0.470947265625
0.487060546875
0.49658203125
0.5
0.5
0.5
0.49658203125
0.487060546875
0.477294921875
0.470947265625
0.4580078125
0.45166015625
0.438720703125
0.432373046875
0.426025390625
0.41943359375
0.4033203125
0.396240234375
0.385498046875
0.37841796875
0.36767578125
0.353271484375
0.339111328125
0.33203125
0.317626953125
0.30712890625
0.2998046875
0.2998046875
0.314208984375
0.33544921875
0.364013671875
0.39990234375
0.435546875
0.464111328125
0.489013671875
0.5
0.510498046875
0.51416015625
0.51416015625
0.510498046875
0.507080078125
0.5
0.5
0.496337890625
0.489013671875
0.485595703125
0.478515625
0.478515625
0.471435546875
0.4677734375
0.464111328125
0.45703125
0.453369140625
0.4462890625
0.435546875
0.4248046875
0.414306640625
0.406982421875
0.39990234375
0.39990234375
0.41064453125
0.4248046875
0.435546875
0.460693359375
0.49267578125
0.52490234375
0.560546875
0.5927734375
0.61767578125
0.63916015625
0.646240234375
0.6533203125
0.656982421875
0.6533203125
0.64990234375
0.642822265625
0.63916015625
0.6318359375
0.624755859375
0.621337890625
0.6142578125
0.610595703125
0.603271484375
0.59619140625
0.589111328125
0.58203125
0.567626953125
0.560546875
0.546142578125
0.531982421875
0.517578125
0.50341796875
0.5
0.5
0.5
0.510498046875
0.53564453125
0.564208984375
0.5927734375
0.621337890625
0.646240234375
0.667724609375
0.6748046875
0.678466796875
0.678466796875
0.67138671875
0.660400390625
0.64990234375
0.63916015625
0.61767578125
0.603271484375
0.589111328125
0.57470703125
0.560546875
0.546142578125
0.53564453125
0.52490234375
0.510498046875
0.5
0.489013671875
0.474853515625
0.46044921875
0.439208984375
0.4248046875
0.41064453125
0.396240234375
0.385498046875
0.38916015625
0.396240234375
0.4140625
0.435546875
0.46044921875
0.485595703125
0.5
0.510498046875
0.521240234375
0.521240234375
0.517578125
0.510498046875
0.50341796875
0.5
0.4873046875
0.474853515625
0.46240234375
0.449951171875
0.4375
0.428955078125
0.420654296875
0.412353515625
0.39990234375
0.3916015625
0.379150390625
0.366455078125
0.35400390625
0.33740234375
0.32080078125
0.303955078125
0.287353515625
0.279052734375
0.27490234375
0.279052734375
0.303955078125
0.333251953125
0.366455078125
0.404052734375
0.441650390625
0.466552734375
0.4873046875
0.5
0.5
0.5
0.5
0.5
0.491455078125
0.47900390625
0.470703125
0.458251953125
0.449951171875
0.441650390625
0.433349609375
0.4248046875
0.420654296875
0.41650390625
0.408203125
0.39990234375
0.395751953125
0.387451171875
0.375
0.3623046875
0.349853515625
0.33740234375
0.333251953125
0.333251953125
0.33740234375
0.366455078125
0.39990234375
0.437255859375
0.47900390625
0.512451171875
0.5498046875
0.5791015625
0.599853515625
0.6123046875
0.625
0.625
0.625
0.62060546875
0.616455078125
0.608154296875
0.599853515625
0.595703125
0.591552734375
0.583251953125
0.583251953125
0.574951171875
0.57080078125
0.566650390625
0.55810546875
0.545654296875
0.537353515625
0.520751953125
0.50830078125
0.5
0.491455078125
0.483154296875
0.483154296875
0.49560546875
0.50830078125
0.537353515625
0.574951171875
0.616455078125
0.654052734375
0.69140625
0.720703125
0.7373046875
0.75
0.75
0.75
0.7373046875
0.720703125
0.7041015625
0.687255859375
0.670654296875
0.64990234375
0.629150390625
0.6123046875
0.595703125
0.5791015625
0.562255859375
0.545654296875
0.529052734375
0.512451171875
0.5
0.4873046875
0.466552734375
0.44580078125
0.428955078125
0.412353515625
0.408203125
0.408203125
0.420654296875
0.4375
0.466552734375
0.49560546875
0.521240234375
0.542724609375
0.560546875
0.5712890625
0.578369140625
0.57470703125
0.567626953125
0.560546875
0.5498046875
0.5390625
0.52490234375
0.517578125
0.50341796875
0.5
0.49267578125
0.48193359375
0.474853515625
0.464111328125
0.453369140625
0.44287109375
0.431884765625
0.417724609375
0.4033203125
0.3818359375
0.36767578125
0.353271484375
0.3427734375
0.335693359375
0.335693359375
0.34619140625
0.360595703125
0.385498046875
0.41064453125
0.435546875
0.45703125
0.474853515625
0.485595703125
0.489013671875
0.489013671875
0.485595703125
0.478515625
0.4677734375
0.46044921875
0.449951171875
0.44287109375
0.431884765625
0.4248046875
0.417724609375
0.414306640625
0.406982421875
0.39990234375
0.392822265625
0.385498046875
0.37841796875
0.36767578125
0.353271484375
0.34619140625
0.33203125
0.32470703125
0.317626953125
0.317626953125
0.33203125
0.371337890625
0.39697265625
0.42919921875
0.461181640625
0.493408203125
0.509521484375
0.515869140625
0.53515625
0.544921875
0.55126953125
0.55126953125
0.55126953125
0.548095703125
0.54150390625
0.538330078125
0.531982421875
0.52880859375
0.525634765625
0.522216796875
0.51904296875
0.515869140625
0.5126953125
0.509521484375
0.50634765625
0.5
0.5
0.490234375
0.48388671875
0.470947265625
0.464599609375
0.454833984375
0.454833984375
0.46142578125
0.477294921875
0.49658203125
0.522216796875
0.554443359375
0.58642578125
0.615478515625
0.64111328125
0.663818359375
0.676513671875
0.68310546875
0.686279296875
0.679931640625
0.676513671875
0.670166015625
0.663818359375
0.6572265625
0.65087890625
0.64453125
0.637939453125
0.631591796875
0.625244140625
0.615478515625
0.60595703125
0.593017578125
0.586669921875
0.5673828125
0.554443359375
0.54150390625
0.522216796875
0.509521484375
0.5
0.49658203125
0.49658203125
0.5
0.515869140625
0.538330078125
0.56396484375
0.58984375
0.6123046875
0.62841796875
0.637939453125
0.64453125
0.641357421875
0.637939453125
0.62841796875
0.61865234375
0.60595703125
0.593017578125
0.58349609375
0.57373046875
0.560791015625
0.55126953125
0.54150390625
0.531982421875
0.522216796875
0.5126953125
0.503173828125
0.49658203125
0.48388671875
0.464599609375
0.45166015625
0.435546875
0.41943359375
0.40673828125
0.39697265625
0.39697265625
0.400146484375
0.4130859375
0.432373046875
0.454833984375
0.477294921875
0.49658203125
0.509521484375
0.515869140625
0.51904296875
0.51904296875
0.5126953125
0.50634765625
0.5
0.490234375
0.48388671875
0.470947265625
0.464599609375
0.454833984375
0.448486328125
0.442138671875
0.432373046875
0.426025390625
0.41943359375
0.4130859375
0.400146484375
0.400146484375
0.393798828125
0.380859375
0.3681640625
0.355224609375
0.34228515625
0.3359375
0.332763671875
0.3359375
0.348876953125
0.3681640625
0.390625
0.416259765625
0.44189453125
0.4677734375
0.48388671875
0.49658203125
0.5
0.5
0.5
0.5
0.49658203125
0.490234375
0.48388671875
0.477294921875
0.47412109375
0.4677734375
0.464599609375
0.46142578125
0.4580078125
0.454833984375
0.45166015625
0.448486328125
0.442138671875
0.432373046875
0.426025390625
0.416259765625
0.409912109375
0.403564453125
0.403564453125
0.40673828125
0.41943359375
0.44189453125
0.4677734375
0.499755859375
0.528564453125
0.5576171875
0.586669921875
0.60595703125
0.61865234375
0.62841796875
0.62841796875
0.62841796875
0.62841796875
0.625244140625
0.61865234375
0.615478515625
0.609130859375
0.602783203125
0.599365234375
0.59619140625
0.58984375
0.58349609375
0.580078125
0.57373046875
0.5673828125
0.5576171875
0.548095703125
0.53515625
0.522216796875
0.509521484375
0.503173828125
0.49658203125
0.493408203125
0.49658203125
0.503173828125
0.525390625
0.55126953125
0.580078125
0.609130859375
0.634765625
0.654052734375
0.670166015625
0.67333984375
0.676513671875
0.67333984375
0.663818359375
0.6572265625
0.64453125
0.631591796875
0.6220703125
0.6123046875
0.599365234375
0.586669921875
0.57373046875
0.5673828125
0.554443359375
0.54150390625
0.52880859375
0.515869140625
0.503173828125
0.490234375
0.477294921875
0.4580078125
0.4453125
0.432373046875
0.4228515625
0.4228515625
0.426025390625
0.438720703125
0.4580078125
0.48046875
0.5
0.515869140625
0.53515625
0.54150390625
0.544921875
0.544921875
0.54150390625
0.53515625
0.522216796875
0.515869140625
0.504150390625
0.5
0.4873046875
0.474853515625
0.46240234375
0.449951171875
0.4375
0.428955078125
0.41650390625
0.404052734375
0.387451171875
0.379150390625
0.3623046875
0.345703125
0.324951171875
0.303955078125
0.295654296875
0.283203125
0.287353515625
0.295654296875
0.32080078125
0.349853515625
0.38330078125
0.41650390625
0.44580078125
0.470703125
0.483154296875
0.491455078125
0.491455078125
0.483154296875
0.47900390625
0.470703125
0.458251953125
0.449951171875
0.4375
0.428955078125
0.420654296875
0.41650390625
0.408203125
0.39990234375
0.39990234375
0.3916015625
0.38330078125
0.375
0.3623046875
0.35400390625
0.341552734375
0.3291015625
0.316650390625
0.316650390625
0.324951171875
0.341552734375
0.366455078125
0.404052734375
0.449951171875
0.491455078125
0.52490234375
0.55810546875
0.58740234375
0.60400390625
0.616455078125
0.62060546875
0.60693359375
0.599853515625
0.59619140625
0.5927734375
0.585693359375
0.58203125
0.578369140625
0.5712890625
0.567626953125
0.564208984375
0.560546875
0.553466796875
0.5498046875
0.5390625
0.531982421875
0.521240234375
0.510498046875
0.5
0.49267578125
0.48193359375
0.478515625
0.48193359375
0.496337890625
0.507080078125
0.53564453125
0.5712890625
0.60693359375
0.642578125
0.671142578125
0.692626953125
0.70703125
0.714111328125
0.714111328125
0.714111328125
0.70703125
0.699951171875
0.68896484375
0.6748046875
0.660400390625
0.642578125
0.624755859375
0.610595703125
0.59619140625
0.585693359375
0.57470703125
0.560546875
0.5390625
0.52490234375
0.510498046875
0.5
0.489013671875
0.4677734375
0.453369140625
0.439208984375
0.428466796875
0.428466796875
0.435546875
0.453369140625
0.474853515625
0.496337890625
0.521240234375
0.5498046875
0.5712890625
0.58203125
0.5927734375
0.5927734375
0.585693359375
0.57470703125
0.567626953125
0.553466796875
0.542724609375
0.531982421875
0.517578125
0.510498046875
0.5
0.496337890625
0.489013671875
0.474853515625
0.4677734375
0.453369140625
0.439208984375
0.4248046875
0.41064453125
0.396240234375
0.374755859375
0.360595703125
0.34619140625
0.335693359375
0.335693359375
0.339111328125
0.353271484375
0.374755859375
0.39990234375
0.428466796875
0.449951171875
0.4677734375
0.48193359375
0.485595703125
0.485595703125
0.485595703125
0.474853515625
0.4677734375
0.45703125
0.4462890625
0.435546875
0.4248046875
0.417724609375
0.41064453125
0.4033203125
0.396240234375
0.38916015625
0.3818359375
0.374755859375
0.36767578125
0.353271484375
0.34619140625
0.33203125
0.317626953125
0.30712890625
0.2998046875
0.303466796875
0.317626953125
0.33544921875
0.364013671875
0.396240234375
0.43212890625
0.4677734375
0.496337890625
0.510498046875
0.52490234375
0.53564453125
0.53564453125
0.53564453125
0.53564453125
0.528564453125
0.521240234375
0.517578125
0.510498046875
0.507080078125
0.5
0.5
0.5
0.496337890625
0.49267578125
0.485595703125
0.48193359375
0.474853515625
0.4677734375
0.45703125
0.4462890625
0.435546875
0.4248046875
0.42138671875
0.42138671875
0.431884765625
0.45703125
0.485595703125
0.51416015625
0.5498046875
0.58544921875
0.614013671875
0.642578125
0.660400390625
0.667724609375
0.67138671875
0.67138671875
0.667724609375
0.6640625
0.656982421875
0.64990234375
0.642822265625
0.63916015625
0.6318359375
0.624755859375
0.61767578125
0.610595703125
0.603271484375
0.5927734375
0.58203125
0.567626953125
0.553466796875
0.5390625
0.52490234375
0.510498046875
0.5
0.489013671875
0.487060546875
0.493408203125
0.503173828125
0.51904296875
0.544677734375
0.576904296875
0.599365234375
0.61865234375
0.634765625
0.641357421875
0.647705078125
0.641357421875
0.634765625
0.625244140625
0.6123046875
0.599365234375
0.58984375
0.580078125
0.57373046875
0.564208984375
0.554443359375
0.544921875
0.53515625
0.525634765625
0.515869140625
0.503173828125
0.49658203125
0.48388671875
0.470947265625
0.45166015625
0.438720703125
0.41943359375
0.40673828125
0.39697265625
0.390625
0.39697265625
0.40673828125
0.422607421875
0.44189453125
0.4677734375
0.487060546875
0.493408203125
0.49658203125
0.503173828125
0.5126953125
0.515869140625
0.515869140625
0.509521484375
0.503173828125
0.49658203125
0.490234375
0.477294921875
0.470947265625
0.4580078125
0.45166015625
0.4453125
0.435546875
0.42919921875
0.4228515625
0.4130859375
0.40673828125
0.39697265625
0.387451171875
0.37451171875
0.361572265625
0.348876953125
0.3359375
0.32958984375
0.322998046875
0.326416015625
0.3359375
0.35205078125
0.377685546875
0.4033203125
0.42919921875
0.45166015625
0.470947265625
0.48388671875
0.487060546875
0.493408203125
0.487060546875
0.48388671875
0.477294921875
0.470947265625
0.4677734375
0.46142578125
0.454833984375
0.448486328125
0.4453125
0.442138671875
0.438720703125
0.435546875
0.432373046875
0.42919921875
0.4228515625
0.416259765625
0.409912109375
0.400146484375
0.393798828125
0.38427734375
0.38427734375
0.387451171875
0.400146484375
0.416259765625
0.448486328125
0.477294921875
0.50634765625
0.538330078125
0.56396484375
0.586669921875
0.602783203125
0.6123046875
0.615478515625
0.615478515625
0.615478515625
0.609130859375
0.60595703125
0.602783203125
0.59619140625
0.59619140625
0.58984375
0.586669921875
0.58349609375
0.576904296875
0.57373046875
0.5673828125
0.560791015625
0.554443359375
0.54150390625
0.52880859375
0.515869140625
0.509521484375
0.5
0.5
0.5
0.50634765625
0.525390625
0.55126953125
0.576904296875
0.609130859375
0.634765625
0.660400390625
0.676513671875
0.689453125
0.692626953125
0.689453125
0.68310546875
0.676513671875
0.663818359375
0.65087890625
0.637939453125
0.625244140625
0.6123046875
0.59619140625
0.580078125
0.5673828125
0.5576171875
0.548095703125
0.53515625
0.522216796875
0.509521484375
0.5
0.48388671875
0.470947265625
0.45166015625
0.438720703125
0.42919921875
0.42919921875
0.432373046875
0.44189453125
0.461181640625
0.48046875
0.503173828125
0.51904296875
0.53515625
0.548095703125
0.5576171875
0.5576171875
0.55126953125
0.544921875
0.53515625
0.525634765625
0.515869140625
0.503173828125
0.5
0.490234375
0.478515625
0.4677734375
0.46044921875
0.453369140625
0.44287109375
0.431884765625
0.4248046875
0.41064453125
0.396240234375
0.3818359375
0.364013671875
0.34619140625
0.339111328125
0.328369140625
0.328369140625
0.33203125
0.34619140625
0.36767578125
0.392578125
0.42138671875
0.4462890625
0.4677734375
0.48193359375
0.489013671875
0.49267578125
0.489013671875
0.48193359375
0.474853515625
0.464111328125
0.45703125
0.4462890625
0.439208984375
0.431884765625
0.42138671875
0.417724609375
0.41064453125
0.406982421875
0.39990234375
0.396240234375
0.38916015625
0.37841796875
0.36767578125
0.35693359375
0.34619140625
0.335693359375
0.328369140625
0.328369140625
0.339111328125
0.35693359375
0.385498046875
0.417724609375
0.45703125
0.49267578125
0.51416015625
0.5390625
0.560546875
0.564208984375
0.57470703125
0.578369140625
0.578369140625
0.578369140625
0.5712890625
0.564208984375
0.560546875
0.55712890625
0.5498046875
0.546142578125
0.542724609375
0.5390625
0.53564453125
0.531982421875
0.528564453125
0.521240234375
0.510498046875
0.50341796875
0.5
0.489013671875
0.478515625
0.4677734375
0.464111328125
0.464111328125
0.474853515625
0.49267578125
0.517822265625
0.553466796875
0.589111328125
0.621337890625
0.64990234375
0.6748046875
0.692626953125
0.703369140625
0.70703125
0.703369140625
0.699951171875
0.692626953125
0.681884765625
0.6748046875
0.6640625
0.6533203125
0.63916015625
0.624755859375
0.610595703125
0.59619140625
0.58203125
0.567626953125
0.553466796875
0.5390625
0.52490234375
0.507080078125
0.496337890625
0.478515625
0.46044921875
0.453369140625
0.449951171875
0.453369140625
0.4677734375
0.485595703125
0.507080078125
0.53564453125
0.564208984375
0.58203125
0.599853515625
0.60693359375
0.60693359375
0.60693359375
0.599853515625
0.589111328125
0.57470703125
0.567626953125
0.553466796875
0.5390625
0.528564453125
0.517578125
0.507080078125
0.5
0.49267578125
0.48193359375
0.4677734375
0.46044921875
0.4462890625
0.428466796875
0.41064453125
0.396240234375
0.374755859375
0.360595703125
0.349853515625
0.3427734375
0.34619140625
0.35693359375
0.374755859375
0.39990234375
0.42138671875
0.4462890625
0.4677734375
0.48193359375
0.489013671875
0.49267578125
0.489013671875
0.48193359375
0.474853515625
0.46044921875
0.453369140625
0.439208984375
0.428466796875
0.417724609375
0.41064453125
0.4033203125
0.392822265625
0.38916015625
0.3818359375
0.371337890625
0.3642578125
0.353271484375
0.339111328125
0.33203125
0.317626953125
0.303466796875
0.292724609375
0.292724609375
0.2998046875
0.314208984375
0.33544921875
0.371337890625
0.403564453125
0.439208984375
0.47119140625
0.496337890625
0.510498046875
0.517578125
0.521240234375
0.52490234375
0.521240234375
0.51416015625
0.510498046875
0.50341796875
0.5
0.496337890625
0.489013671875
0.485595703125
0.48193359375
0.478515625
0.474853515625
0.471435546875
0.4677734375
0.46044921875
0.453369140625
0.44287109375
0.431884765625
0.4248046875
0.414306640625
0.406982421875
0.406982421875
0.414306640625
0.431884765625
0.45703125
0.4892578125
0.517822265625
0.556884765625
0.589111328125
0.614013671875
0.635498046875
0.646240234375
0.656982421875
0.656982421875
0.6533203125
0.64990234375
0.642822265625
0.635498046875
0.62841796875
0.621337890625
0.61767578125
0.610595703125
0.60693359375
0.599853515625
0.5927734375
0.585693359375
0.57470703125
0.567626953125
0.553466796875
0.5390625
0.52490234375
0.510498046875
0.5
0.49267578125
0.485595703125
0.489013671875
0.496337890625
0.51416015625
0.538330078125
0.56396484375
0.58984375
0.6123046875
0.61865234375
0.631591796875
0.641357421875
0.647705078125
0.641357421875
0.637939453125
0.62841796875
0.61865234375
0.60595703125
0.593017578125
0.586669921875
0.57373046875
0.560791015625
0.554443359375
0.544921875
0.53515625
0.522216796875
0.515869140625
0.503173828125
0.49658203125
0.48388671875
0.464599609375
0.45166015625
0.432373046875
0.41943359375
0.40673828125
0.39697265625
0.39697265625
0.403564453125
0.41943359375
0.438720703125
0.461181640625
0.48046875
0.49658203125
0.509521484375
0.5126953125
0.51904296875
0.5126953125
0.50634765625
0.5
0.49658203125
0.48388671875
0.477294921875
0.464599609375
0.4580078125
0.448486328125
0.442138671875
0.435546875
0.42919921875
0.4228515625
0.4130859375
0.40673828125
0.393798828125
0.387451171875
0.37451171875
0.361572265625
0.348876953125
0.3359375
0.32958984375
0.326416015625
0.32958984375
0.339111328125
0.3583984375
0.377685546875
0.4033203125
0.42919921875
0.45166015625
0.464599609375
0.477294921875
0.480712890625
0.480712890625
0.477294921875
0.470947265625
0.464599609375
0.4580078125
0.45166015625
0.4453125
0.438720703125
0.435546875
0.42919921875
0.426025390625
0.4228515625
0.41943359375
0.416259765625
0.409912109375
0.40673828125
0.400146484375
0.390625
0.380859375
0.37451171875
0.364990234375
0.364990234375
0.3681640625
0.380859375
0.4033203125
0.42919921875
0.461181640625
0.493408203125
0.51904296875
0.54150390625
0.560791015625
0.57373046875
0.580078125
0.58349609375
0.58349609375
0.58349609375
0.580078125
0.576904296875
0.570556640625
0.5673828125
0.564208984375
0.5576171875
0.554443359375
0.55126953125
0.548095703125
0.544921875
0.54150390625
0.538330078125
0.52880859375
0.522216796875
0.517578125
0.50341796875
0.5
0.489013671875
0.48193359375
0.478515625
0.485595703125
0.5
0.521240234375
0.5498046875
0.58544921875
0.621337890625
0.64990234375
0.671142578125
0.68896484375
0.6962890625
0.699951171875
0.692626953125
0.685546875
0.6748046875
0.667724609375
0.6533203125
0.646240234375
0.6318359375
0.61767578125
0.603271484375
0.589111328125
0.578369140625
0.567626953125
0.553466796875
0.546142578125
0.531982421875
0.51416015625
0.5
0.489013671875
0.4677734375
0.453369140625
0.439208984375
0.428466796875
0.428466796875
0.439208984375
0.453369140625
0.474853515625
0.496337890625
0.521240234375
0.5390625
0.560546875
0.567626953125
0.5712890625
0.5712890625
0.560546875
0.553466796875
0.5390625
0.528564453125
0.517578125
0.50341796875
0.5
0.489013671875
0.48193359375
0.471435546875
0.46044921875
0.453369140625
0.44287109375
0.431884765625
0.417724609375
0.4033203125
0.38916015625
0.374755859375
0.360595703125
0.34619140625
0.33203125
0.328369140625
0.328369140625
0.33203125
0.349853515625
0.371337890625
0.396240234375
0.42138671875
0.442626953125
0.46044921875
0.471435546875
0.474853515625
0.474853515625
0.471435546875
0.46044921875
0.453369140625
0.44287109375
0.431884765625
0.4248046875
0.414306640625
0.406982421875
0.39990234375
0.392822265625
0.385498046875
0.3818359375
0.374755859375
0.371337890625
0.360595703125
0.353271484375
0.339111328125
0.33203125
0.3212890625
0.314208984375
0.314208984375
0.3212890625
0.33544921875
0.35693359375
0.385498046875
0.42138671875
0.45703125
0.49267578125
0.510498046875
0.531982421875
0.542724609375
0.5498046875
0.5498046875
0.5498046875
0.5498046875
0.542724609375
0.5390625
0.531982421875
0.52490234375
0.521240234375
0.51416015625
0.51416015625
0.507080078125
0.507080078125
0.50341796875
0.5
0.5
0.496337890625
0.485595703125
0.474853515625
0.4677734375
0.453369140625
0.4462890625
0.44287109375
0.4462890625
0.46044921875
0.485595703125
0.507080078125
0.5390625
0.574951171875
0.60693359375
0.635498046875
0.656982421875
0.67138671875
0.678466796875
0.678466796875
0.678466796875
0.6748046875
0.667724609375
0.660400390625
0.64990234375
0.642822265625
0.635498046875
0.624755859375
0.61767578125
0.610595703125
0.603271484375
0.5927734375
0.58203125
0.5712890625
0.560546875
0.542724609375
0.52490234375
0.510498046875
0.496337890625
0.485595703125
0.474853515625
0.471435546875
0.48193359375
0.496337890625
0.510498046875
0.53564453125
0.564208984375
0.589111328125
0.60693359375
0.610595703125
0.621337890625
0.62841796875
0.624755859375
0.621337890625
0.610595703125
0.599853515625
0.589111328125
0.57470703125
0.564208984375
0.553466796875
0.5390625
0.531982421875
0.521240234375
0.510498046875
0.50341796875
0.496337890625
0.485595703125
0.474853515625
0.46044921875
0.4462890625
0.4248046875
0.41064453125
0.396240234375
0.3818359375
0.371337890625
0.3642578125
0.371337890625
0.3818359375
0.4033203125
0.4248046875
0.449951171875
0.47119140625
0.489013671875
0.5
0.5
0.5
0.5
0.49267578125
0.48193359375
0.474853515625
0.46044921875
0.453369140625
0.44287109375
0.431884765625
0.4248046875
0.417724609375
0.41064453125
0.4033203125
0.396240234375
0.38916015625
0.3818359375
0.371337890625
0.360595703125
0.34619140625
0.33203125
0.3212890625
0.310546875
0.30712890625
0.310546875
0.32470703125
0.349853515625
0.37841796875
0.41064453125
0.442626953125
0.47119140625
0.49267578125
0.50341796875
0.510498046875
0.51416015625
0.51416015625
0.507080078125
0.50341796875
0.5
0.496337890625
0.49267578125
0.485595703125
0.478515625
0.478515625
0.471435546875
0.471435546875
0.464111328125
0.464111328125
0.45703125
0.453369140625
0.4462890625
0.439208984375
0.428466796875
0.417724609375
0.41064453125
0.406982421875
0.41064453125
0.4248046875
0.442626953125
0.47119140625
0.499755859375
0.531982421875
0.567626953125
0.599853515625
0.621337890625
0.63916015625
0.64990234375
0.656982421875
0.656982421875
0.656982421875
0.64990234375
0.646240234375
0.63916015625
0.6318359375
0.62841796875
0.621337890625
0.61767578125
0.6142578125
0.60693359375
0.603271484375
0.59619140625
0.589111328125
0.58203125
0.567626953125
0.553466796875
0.542724609375
0.531982421875
0.517578125
0.510498046875
0.507080078125
0.517578125
0.531982421875
0.556884765625
0.58544921875
0.614013671875
0.642578125
0.667724609375
0.68896484375
0.6962890625
0.699951171875
0.699951171875
0.68896484375
0.6748046875
0.656982421875
0.63916015625
0.624755859375
0.610595703125
0.59619140625
0.58203125
0.567626953125
0.553466796875
0.5390625
0.52490234375
0.517578125
0.50341796875
0.496337890625
0.48193359375
0.4677734375
0.453369140625
0.439208984375
0.4248046875
0.41064453125
0.406982421875
0.406982421875
0.417724609375
0.431884765625
0.45703125
0.48193359375
0.50341796875
0.517578125
0.531982421875
0.542724609375
0.542724609375
0.542724609375
0.5390625
0.531982421875
0.52490234375
0.51416015625
0.50341796875
0.5
0.489013671875
0.478515625
0.4677734375
0.46044921875
0.453369140625
0.44287109375
0.435546875
0.428466796875
0.417724609375
0.406982421875
0.396240234375
0.3818359375
0.36767578125
0.353271484375
0.339111328125
0.33203125
0.328369140625
0.335693359375
0.349853515625
0.384033203125
0.409912109375
0.432373046875
0.454833984375
0.470947265625
0.48388671875
0.493408203125
0.493408203125
0.493408203125
0.490234375
0.48388671875
0.477294921875
0.470947265625
0.46142578125
0.454833984375
0.448486328125
0.4453125
0.442138671875
0.435546875
0.432373046875
0.42919921875
0.426025390625
0.41943359375
0.4130859375
0.40673828125
0.400146484375
0.390625
0.380859375
0.377685546875
0.377685546875
0.380859375
0.39697265625
0.416259765625
0.448486328125
0.477294921875
0.503173828125
0.531982421875
0.55126953125
0.5673828125
0.580078125
0.586669921875
0.58984375
0.58984375
0.58349609375
0.58349609375
0.576904296875
0.570556640625
0.5673828125
0.564208984375
0.560791015625
0.5576171875
0.554443359375
0.55126953125
0.548095703125
0.54150390625
0.53515625
0.525634765625
0.515869140625
0.509521484375
0.5
0.49658203125
0.487060546875
0.489013671875
0.496337890625
0.507080078125
0.53564453125
0.567626953125
0.603515625
0.63916015625
0.667724609375
0.6748046875
0.6962890625
0.71044921875
0.714111328125
0.714111328125
0.714111328125
0.70703125
0.6962890625
0.681884765625
0.660400390625
0.646240234375
0.6318359375
0.61767578125
0.603271484375
0.589111328125
0.57470703125
0.560546875
0.546142578125
0.531982421875
0.517578125
0.50341796875
0.496337890625
0.474853515625
0.46044921875
0.4462890625
0.431884765625
0.428466796875
0.431884765625
0.4462890625
0.464111328125
0.485595703125
0.507080078125
0.53564453125
0.556884765625
0.5712890625
0.58203125
0.585693359375
0.578369140625
0.57470703125
0.567626953125
0.553466796875
0.546142578125
0.531982421875
0.517578125
0.510498046875
0.5
0.496337890625
0.485595703125
0.474853515625
0.4677734375
0.45703125
0.4462890625
0.431884765625
0.417724609375
0.4033203125
0.38916015625
0.374755859375
0.360595703125
0.34619140625
0.3427734375
0.3427734375
0.353271484375
0.374755859375
0.396240234375
0.42138671875
0.4462890625
0.4677734375
0.48193359375
0.489013671875
0.49267578125
0.489013671875
0.48193359375
0.474853515625
0.4677734375
0.45703125
0.4462890625
0.439208984375
0.431884765625
0.42138671875
0.414306640625
0.406982421875
0.4033203125
0.396240234375
0.38916015625
0.3818359375
0.374755859375
0.360595703125
0.353271484375
0.339111328125
0.328369140625
0.317626953125
0.314208984375
0.3212890625
0.33544921875
0.35693359375
0.392578125
0.4248046875
0.460693359375
0.49267578125
0.510498046875
0.531982421875
0.5390625
0.546142578125
0.5498046875
0.546142578125
0.546142578125
0.546142578125
0.542724609375
0.53564453125
0.528564453125
0.52490234375
0.521240234375
0.51416015625
0.510498046875
0.507080078125
0.507080078125
0.5
0.5
0.5
0.49267578125
0.48193359375
0.474853515625
0.464111328125
0.453369140625
0.44287109375
0.439208984375
0.44287109375
0.453369140625
0.47119140625
0.496337890625
0.5283203125
0.564208984375
0.599853515625
0.62841796875
0.6533203125
0.667724609375
0.678466796875
0.685546875
0.685546875
0.678466796875
0.6748046875
0.667724609375
0.660400390625
0.6533203125
0.646240234375
0.642822265625
0.635498046875
0.62841796875
0.61767578125
0.610595703125
0.599853515625
0.589111328125
0.57470703125
0.560546875
0.546142578125
0.531982421875
0.517578125
0.50341796875
0.496337890625
0.49267578125
0.496337890625
0.50341796875
0.52490234375
0.5498046875
0.578369140625
0.60693359375
0.624755859375
0.642822265625
0.64990234375
0.6533203125
0.64990234375
0.642822265625
0.6318359375
0.621337890625
0.610595703125
0.59619140625
0.58203125
0.57470703125
0.560546875
0.553466796875
0.542724609375
0.531982421875
0.521240234375
0.510498046875
0.5
0.489013671875
0.474853515625
0.46044921875
0.439208984375
0.4248046875
0.41064453125
0.396240234375
0.392822265625
0.38916015625
0.396240234375
0.417724609375
0.435546875
0.46044921875
0.48193359375
0.5
0.507080078125
0.51416015625
0.51416015625
0.51416015625
0.507080078125
0.5
0.496337890625
0.48193359375
0.471435546875
0.46044921875
0.453369140625
0.44287109375
0.435546875
0.4248046875
0.417724609375
0.41064453125
0.4033203125
0.396240234375
0.385498046875
0.374755859375
0.360595703125
0.34619140625
0.33203125
0.3212890625
0.314208984375
0.314208984375
0.317626953125
0.33203125
0.353271484375
0.37841796875
0.4140625
0.439208984375
0.46044921875
0.474853515625
0.489013671875
0.49267578125
0.49267578125
0.49267578125
0.489013671875
0.48193359375
0.474853515625
0.471435546875
0.464111328125
0.45703125
0.453369140625
0.449951171875
0.44287109375
0.44287109375
0.439208984375
0.435546875
0.428466796875
0.4248046875
0.417724609375
0.406982421875
0.396240234375
0.38916015625
0.385498046875
0.385498046875
0.38916015625
0.41064453125
0.435546875
0.464111328125
0.499755859375
0.5283203125
0.564208984375
0.589111328125
0.610595703125
0.621337890625
0.62841796875
0.6318359375
0.62841796875
0.62841796875
0.624755859375
0.61767578125
0.6142578125
0.60693359375
0.599853515625
0.59619140625
0.5927734375
0.585693359375
0.58203125
0.578369140625
0.5712890625
0.560546875
0.553466796875
0.5390625
0.528564453125
0.517578125
0.50341796875
0.5
0.5
0.5
0.510498046875
0.53564453125
0.564208984375
0.59619140625
0.62841796875
0.6533203125
0.6748046875
0.68896484375
0.692626953125
0.692626953125
0.68896484375
0.681884765625
0.67138671875
0.656982421875
0.63916015625
0.624755859375
0.610595703125
0.589111328125
0.57470703125
0.567626953125
0.553466796875
0.542724609375
0.531982421875
0.517578125
0.50341796875
0.496337890625
0.48193359375
0.4677734375
0.4462890625
0.431884765625
0.417724609375
0.414306640625
0.41064453125
0.417724609375
0.431884765625
0.453369140625
0.478515625
0.5
0.517578125
0.531982421875
0.542724609375
0.5498046875
0.546142578125
0.5390625
0.531982421875
0.52490234375
0.510498046875
0.50341796875
0.496337890625
0.489013671875
0.478515625
0.4677734375
0.46044921875
0.449951171875
0.44287109375
0.431884765625
0.4248046875
0.41064453125
0.4033203125
0.38916015625
0.374755859375
0.360595703125
0.34619140625
0.33203125
0.328369140625
0.328369140625
0.339111328125
0.353271484375
0.37841796875
0.406982421875
0.428466796875
0.453369140625
0.4677734375
0.478515625
0.485595703125
0.485595703125
0.48193359375
0.474853515625
0.4677734375
0.46044921875
0.449951171875
0.44287109375
0.435546875
0.428466796875
0.42138671875
0.417724609375
0.414306640625
0.406982421875
0.4033203125
0.396240234375
0.38916015625
0.3818359375
0.371337890625
0.360595703125
0.353271484375
0.3427734375
0.339111328125
0.3427734375
0.353271484375
0.37841796875
0.406982421875
0.442626953125
0.478515625
0.50341796875
0.5283203125
0.546142578125
0.560546875
0.5712890625
0.57470703125
0.57470703125
0.5712890625
0.567626953125
0.564208984375
0.560546875
0.55712890625
0.5498046875
0.546142578125
0.542724609375
0.5390625
0.53564453125
0.531982421875
0.528564453125
0.521240234375
0.510498046875
0.50341796875
0.5
0.489013671875
0.478515625
0.471435546875
0.471435546875
0.474853515625
0.489013671875
0.50341796875
0.531982421875
0.567626953125
0.599853515625
0.635498046875
0.656982421875
0.6640625
0.681884765625
0.692626953125
0.699951171875
0.699951171875
0.692626953125
0.68896484375
0.681884765625
0.67138671875
0.660400390625
0.6533203125
0.63916015625
0.624755859375
0.610595703125
0.59619140625
0.58203125
0.567626953125
0.553466796875
0.5390625
0.52490234375
0.510498046875
0.496337890625
0.48193359375
0.4677734375
0.453369140625
0.44287109375
0.44287109375
0.453369140625
0.4677734375
0.49267578125
0.51416015625
0.53564453125
0.560546875
0.58203125
0.589111328125
0.5927734375
0.5927734375
0.589111328125
0.58203125
0.567626953125
0.560546875
0.546142578125
0.53564453125
0.52490234375
0.510498046875
0.50341796875
0.5
0.489013671875
0.48193359375
0.471435546875
0.46044921875
0.449951171875
0.439208984375
0.4248046875
0.406982421875
0.38916015625
0.374755859375
0.360595703125
0.353271484375
0.349853515625
0.35693359375
0.371337890625
0.392578125
0.4140625
0.442626953125
0.464111328125
0.48193359375
0.489013671875
0.49267578125
0.49267578125
0.489013671875
0.48193359375
0.474853515625
0.464111328125
0.453369140625
0.4462890625
0.435546875
0.4248046875
0.417724609375
0.41064453125
0.4033203125
0.396240234375
0.38916015625
0.3818359375
0.371337890625
0.360595703125
0.353271484375
0.339111328125
0.328369140625
0.317626953125
0.310546875
0.310546875
0.317626953125
0.339111328125
0.364013671875
0.396240234375
0.428466796875
0.464111328125
0.49267578125
0.50341796875
0.517578125
0.52490234375
0.528564453125
0.528564453125
0.52490234375
0.521240234375
0.51416015625
0.507080078125
0.5
0.5
0.5
0.49267578125
0.49267578125
0.485595703125
0.485595703125
0.48193359375
0.478515625
0.471435546875
0.464111328125
0.453369140625
0.4462890625
0.435546875
0.435546875
0.428466796875
0.428466796875
0.431884765625
0.4462890625
0.47119140625
0.496337890625
0.5283203125
0.564208984375
0.599853515625
0.624755859375
0.646240234375
0.660400390625
0.67138671875
0.67138671875
0.67138671875
0.67138671875
0.6640625
0.656982421875
0.64990234375
0.642822265625
0.635498046875
0.62841796875
0.624755859375
0.61767578125
0.610595703125
0.603271484375
0.59619140625
0.58203125
0.5712890625
0.560546875
0.542724609375
0.52490234375
0.510498046875
0.5
0.5
0.5
0.50341796875
0.521240234375
0.542724609375
0.5712890625
0.599853515625
0.62841796875
0.646240234375
0.660400390625
0.667724609375
0.667724609375
0.6640625
0.656982421875
0.646240234375
0.6318359375
0.621337890625
0.603271484375
0.589111328125
0.57470703125
0.560546875
0.553466796875
0.5390625
0.531982421875
0.517578125
0.510498046875
0.5
0.489013671875
0.474853515625
0.453369140625
0.439208984375
0.4248046875
0.41064453125
0.39990234375
0.392822265625
0.39990234375
0.41064453125
0.431884765625
0.45703125
0.478515625
0.496337890625
0.510498046875
0.521240234375
0.528564453125
0.528564453125
0.521240234375
0.51416015625
0.507080078125
0.5
0.49267578125
0.48193359375
0.471435546875
0.46044921875
0.453369140625
0.44287109375
0.435546875
0.428466796875
0.417724609375
0.41064453125
0.4033203125
0.38916015625
0.374755859375
0.36767578125
0.353271484375
0.339111328125
0.32470703125
0.3212890625
0.3212890625
0.33203125
0.349853515625
0.371337890625
0.39990234375
0.4248046875
0.449951171875
0.4677734375
0.48193359375
0.489013671875
0.49267578125
0.49267578125
0.485595703125
0.48193359375
0.474853515625
0.4677734375
0.46044921875
0.453369140625
0.441650390625
0.433349609375
0.428955078125
0.4248046875
0.420654296875
0.41650390625
0.408203125
0.404052734375
0.39990234375
0.395751953125
0.387451171875
0.375
0.366455078125
0.358154296875
0.349853515625
0.358154296875
0.37060546875
0.39990234375
0.43310546875
0.470703125
0.504150390625
0.54150390625
0.574951171875
0.599853515625
0.62060546875
0.629150390625
0.637451171875
0.6416015625
0.63330078125
0.63330078125
0.625
0.62060546875
0.6123046875
0.608154296875
0.599853515625
0.595703125
0.591552734375
0.58740234375
0.583251953125
0.574951171875
0.566650390625
0.553955078125
0.545654296875
0.529052734375
0.5166015625
0.504150390625
0.5
0.5
0.5
0.504150390625
0.529052734375
0.55810546875
0.599853515625
0.637451171875
0.6748046875
0.7041015625
0.720703125
0.733154296875
0.741455078125
0.7373046875
0.72900390625
0.71240234375
0.69580078125
0.678955078125
0.658203125
0.637451171875
0.62060546875
0.60400390625
0.58740234375
0.57080078125
0.553955078125
0.54150390625
0.529052734375
0.512451171875
0.5
0.4873046875
0.470703125
0.4541015625
0.4375
0.412353515625
0.39990234375
0.3916015625
0.3916015625
0.395751953125
0.412353515625
0.441650390625
0.466552734375
0.49560546875
0.5166015625
0.537353515625
0.5498046875
0.55810546875
0.55810546875
0.5498046875
0.54150390625
0.529052734375
0.520751953125
0.504150390625
0.5
0.4873046875
0.47900390625
0.466552734375
0.4541015625
0.44580078125
0.4375
0.4248046875
0.412353515625
0.39990234375
0.387451171875
0.37060546875
0.35400390625
0.33740234375
0.32080078125
0.303955078125
0.2998046875
0.295654296875
0.303955078125
0.32080078125
0.349853515625
0.374755859375
0.408203125
0.43310546875
0.4541015625
0.470703125
0.478515625
0.485595703125
0.478515625
0.474853515625
0.4677734375
0.45703125
0.4462890625
0.439208984375
0.428466796875
0.42138671875
0.414306640625
0.41064453125
0.4033203125
0.39990234375
0.392822265625
0.385498046875
0.37841796875
0.371337890625
0.360595703125
0.353271484375
0.339111328125
0.33203125
0.328369140625
0.33203125
0.34619140625
0.36767578125
0.396240234375
0.43212890625
0.464111328125
0.496337890625
0.517578125
0.5390625
0.553466796875
0.564208984375
0.564208984375
0.564208984375
0.564208984375
0.560546875
0.553466796875
0.5498046875
0.542724609375
0.53564453125
0.531982421875
0.528564453125
0.52490234375
0.521240234375
0.517578125
0.51416015625
0.507080078125
0.5
0.496337890625
0.489013671875
0.474853515625
0.4677734375
0.45703125
0.45703125
0.45703125
0.4677734375
0.49267578125
0.51416015625
0.54638671875
0.58203125
0.6025390625
0.62841796875
0.65087890625
0.663818359375
0.670166015625
0.67333984375
0.67333984375
0.6669921875
0.66064453125
0.654052734375
0.64453125
0.637939453125
0.631591796875
0.6220703125
0.615478515625
0.60595703125
0.599365234375
0.58984375
0.580078125
0.5673828125
0.554443359375
0.54150390625
0.525390625
0.509521484375
0.5
0.490234375
0.477294921875
0.47412109375
0.477294921875
0.490234375
0.503173828125
0.525390625
0.55126953125
0.57373046875
0.593017578125
0.602783203125
0.609130859375
0.609130859375
0.609130859375
0.602783203125
0.593017578125
0.58349609375
0.57373046875
0.560791015625
0.548095703125
0.54150390625
0.52880859375
0.51904296875
0.509521484375
0.503173828125
0.49658203125
0.490234375
0.477294921875
0.4677734375
0.4580078125
0.4453125
0.426025390625
0.4130859375
0.400146484375
0.387451171875
0.377685546875
0.371337890625
0.3642578125
0.374755859375
0.396240234375
0.417724609375
0.442626953125
0.464111328125
0.48193359375
0.49267578125
0.5
0.5
0.49267578125
0.485595703125
0.474853515625
0.4677734375
0.453369140625
0.4462890625
0.435546875
0.4248046875
0.417724609375
0.41064453125
0.4033203125
0.396240234375
0.38916015625
0.37841796875
0.371337890625
0.360595703125
0.34619140625
0.335693359375
0.32470703125
0.310546875
0.303466796875
0.2998046875
0.303466796875
0.32470703125
0.349853515625
0.37841796875
0.4140625
0.442626953125
0.47119140625
0.496337890625
0.5
0.507080078125
0.51416015625
0.51416015625
0.507080078125
0.50341796875
0.5
0.496337890625
0.489013671875
0.485595703125
0.478515625
0.474853515625
0.471435546875
0.464111328125
0.464111328125
0.45703125
0.453369140625
0.449951171875
0.44287109375
0.431884765625
0.4248046875
0.414306640625
0.416259765625
0.409912109375
0.416259765625
0.426025390625
0.44189453125
0.4677734375
0.49658203125
0.525390625
0.554443359375
0.583251953125
0.6025390625
0.61865234375
0.62841796875
0.631591796875
0.631591796875
0.62841796875
0.625244140625
0.6220703125
0.615478515625
0.609130859375
0.602783203125
0.599365234375
0.593017578125
0.586669921875
0.580078125
0.57373046875
0.5673828125
0.560791015625
0.55126953125
0.54150390625
0.52880859375
0.515869140625
0.503173828125
0.49658203125
0.490234375
0.487060546875
0.493408203125
0.503173828125
0.522216796875
0.544677734375
0.576904296875
0.59619140625
0.61865234375
0.631591796875
0.641357421875
0.641357421875
0.641357421875
0.634765625
0.625244140625
0.61865234375
0.60595703125
0.59619140625
0.586669921875
0.57373046875
0.564208984375
0.554443359375
0.544921875
0.53515625
0.52880859375
0.515869140625
0.509521484375
0.5
0.489013671875
0.474853515625
0.46044921875
0.4462890625
0.428466796875
0.41064453125
0.4033203125
0.39990234375
0.4033203125
0.41064453125
0.431884765625
0.453369140625
0.478515625
0.496337890625
0.510498046875
0.521240234375
0.528564453125
0.528564453125
0.521240234375
0.51416015625
0.50341796875
0.5
0.489013671875
0.478515625
0.4677734375
0.45703125
0.4462890625
0.439208984375
0.431884765625
0.4248046875
0.417724609375
0.406982421875
0.396240234375
0.38916015625
0.374755859375
0.360595703125
0.34619140625
0.33203125
0.3212890625
0.314208984375
0.314208984375
0.3212890625
0.33544921875
0.35693359375
0.385498046875
0.406982421875
0.431884765625
0.453369140625
0.4677734375
0.474853515625
0.478515625
0.474853515625
0.471435546875
0.464111328125
0.453369140625
0.453369140625
0.45703125
0.4462890625
0.439208984375
0.435546875
0.428466796875
0.42138671875
0.404052734375
0.39990234375
0.3916015625
0.3916015625
0.38330078125
0.375
0.366455078125
0.358154296875
0.345703125
0.33740234375
0.3291015625
0.324951171875
0.33740234375
0.35400390625
0.38330078125
0.420654296875
0.46240234375
0.499755859375
0.533203125
0.56640625
0.591552734375
0.60400390625
0.616455078125
0.625
0.625
0.616455078125
0.6123046875
0.608154296875
0.599853515625
0.591552734375
0.58740234375
0.583251953125
0.574951171875
0.574951171875
0.566650390625
0.562255859375
0.553955078125
0.545654296875
0.537353515625
0.529052734375
0.512451171875
0.5
0.49560546875
0.4873046875
0.483154296875
0.4873046875
0.5
0.520751953125
0.553955078125
0.591552734375
0.63330078125
0.66650390625
0.69580078125
0.716552734375
0.72900390625
0.733154296875
0.733154296875
0.724853515625
0.71240234375
0.69580078125
0.678955078125
0.662353515625
0.645751953125
0.62060546875
0.608154296875
0.595703125
0.5791015625
0.562255859375
0.545654296875
0.529052734375
0.512451171875
0.5
0.4873046875
0.470703125
0.4541015625
0.4375
0.420654296875
0.408203125
0.408203125
0.412353515625
0.43310546875
0.458251953125
0.491455078125
0.50830078125
0.537353515625
0.55810546875
0.57080078125
0.5791015625
0.583251953125
0.574951171875
0.562255859375
0.553955078125
0.537353515625
0.529052734375
0.512451171875
0.504150390625
0.49560546875
0.4873046875
0.47900390625
0.466552734375
0.4541015625
0.44580078125
0.433349609375
0.420654296875
0.404052734375
0.387451171875
0.37060546875
0.35400390625
0.33740234375
0.324951171875
0.316650390625
0.316650390625
0.32080078125
0.33740234375
0.3623046875
0.3916015625
0.420654296875
0.44580078125
0.470703125
0.47900390625
0.4873046875
0.491455078125
0.483154296875
0.474853515625
0.471435546875
0.464111328125
0.453369140625
0.4462890625
0.435546875
0.428466796875
0.42138671875
0.414306640625
0.406982421875
0.4033203125
0.396240234375
0.38916015625
0.3818359375
0.371337890625
0.360595703125
0.353271484375
0.339111328125
0.33203125
0.32470703125
0.32470703125
0.339111328125
0.35693359375
0.385498046875
0.417724609375
0.453369140625
0.485595703125
0.507080078125
0.52490234375
0.5390625
0.5498046875
0.55712890625
0.55712890625
0.5498046875
0.546142578125
0.542724609375
0.53564453125
0.528564453125
0.52490234375
0.521240234375
0.51416015625
0.51416015625
0.507080078125
0.507080078125
0.5
0.5
0.496337890625
0.489013671875
0.48193359375
0.4677734375
0.46044921875
0.449951171875
0.449951171875
0.449951171875
0.46044921875
0.48193359375
0.507080078125
0.5390625
0.574951171875
0.60693359375
0.635498046875
0.660400390625
0.6748046875
0.685546875
0.685546875
0.685546875
0.685546875
0.678466796875
0.67138671875
0.6640625
0.6533203125
0.646240234375
0.63916015625
0.6318359375
0.624755859375
0.61767578125
0.610595703125
0.603271484375
0.589111328125
0.578369140625
0.567626953125
0.546142578125
0.531982421875
0.517578125
0.50341796875
0.496337890625
0.485595703125
0.485595703125
0.489013671875
0.5
0.521240234375
0.5498046875
0.578369140625
0.599853515625
0.621337890625
0.635498046875
0.642822265625
0.642822265625
0.63916015625
0.6318359375
0.61767578125
0.60693359375
0.59619140625
0.58203125
0.5712890625
0.560546875
0.5498046875
0.5390625
0.528564453125
0.517578125
0.510498046875
0.5
0.489013671875
0.474853515625
0.46044921875
0.4462890625
0.431884765625
0.41064453125
0.396240234375
0.38916015625
0.385498046875
0.38916015625
0.4033203125
0.42138671875
0.442626953125
0.4677734375
0.489013671875
0.496337890625
0.50341796875
0.51416015625
0.51416015625
0.51416015625
0.510498046875
0.50341796875
0.496337890625
0.489013671875
0.474853515625
0.4677734375
0.453369140625
0.4462890625
0.435546875
0.428466796875
0.42138671875
0.417724609375
0.41064453125
0.39990234375
0.38916015625
0.3818359375
0.36767578125
0.353271484375
0.339111328125
0.32470703125
0.317626953125
0.314208984375
0.317626953125
0.33203125
0.349853515625
0.37841796875
0.406982421875
0.428466796875
0.45703125
0.474853515625
0.489013671875
0.496337890625
0.5
0.5
0.49267578125
0.489013671875
0.485595703125
0.478515625
0.471435546875
0.4677734375
0.464111328125
0.45703125
0.45703125
0.449951171875
0.449951171875
0.44287109375
0.439208984375
0.435546875
0.428466796875
0.417724609375
0.41064453125
0.39990234375
0.392822265625
0.392822265625
0.392822265625
0.416259765625
0.435546875
0.461181640625
0.493408203125
0.51904296875
0.5478515625
0.576904296875
0.59619140625
0.609130859375
0.61865234375
0.6220703125
0.6220703125
0.61865234375
0.615478515625
0.609130859375
0.60595703125
0.599365234375
0.59619140625
0.58984375
0.58349609375
0.580078125
0.576904296875
0.570556640625
0.5673828125
0.5576171875
0.548095703125
0.54150390625
0.52880859375
0.515869140625
0.50634765625
0.5
0.5
0.5
0.503173828125
0.515869140625
0.538330078125
0.567138671875
0.59619140625
0.621826171875
0.64111328125
0.6572265625
0.6669921875
0.6669921875
0.663818359375
0.6572265625
0.65087890625
0.637939453125
0.62841796875
0.61865234375
0.60595703125
0.59619140625
0.586669921875
0.576904296875
0.5673828125
0.5576171875
0.548095703125
0.53515625
0.522216796875
0.509521484375
0.5
0.487060546875
0.470947265625
0.4580078125
0.4453125
0.435546875
0.42919921875
0.435546875
0.4453125
0.461181640625
0.48046875
0.503173828125
0.51904296875
0.53515625
0.544921875
0.55126953125
0.55126953125
0.544921875
0.538330078125
0.52880859375
0.515869140625
0.50634765625
0.5
0.490234375
0.48388671875
0.47412109375
0.464599609375
0.4580078125
0.45166015625
0.4453125
0.435546875
0.426025390625
0.4130859375
0.40673828125
0.393798828125
0.380859375
0.3681640625
0.355224609375
0.348876953125
0.345703125
0.355224609375
0.3681640625
0.384033203125
0.409912109375
0.432373046875
0.454833984375
0.470947265625
0.48388671875
0.490234375
0.493408203125
0.487060546875
0.48388671875
0.477294921875
0.470947265625
0.46142578125
0.454833984375
0.448486328125
0.442138671875
0.435546875
0.432373046875
0.42919921875
0.4228515625
0.41943359375
0.416259765625
0.409912109375
0.392822265625
0.3818359375
0.374755859375
0.360595703125
0.353271484375
0.349853515625
0.349853515625
0.360595703125
0.374755859375
0.39990234375
0.43212890625
0.464111328125
0.496337890625
0.521240234375
0.546142578125
0.560546875
0.57470703125
0.578369140625
0.578369140625
0.578369140625
0.57470703125
0.5712890625
0.564208984375
0.560546875
0.55712890625
0.553466796875
0.5498046875
0.546142578125
0.542724609375
0.5390625
0.53564453125
0.528564453125
0.521240234375
0.510498046875
0.50341796875
0.496337890625
0.485595703125
0.478515625
0.471435546875
0.478515625
0.489013671875
0.50341796875
0.5283203125
0.564208984375
0.59619140625
0.62841796875
0.656982421875
0.681884765625
0.6962890625
0.703369140625
0.70703125
0.70703125
0.699951171875
0.692626953125
0.681884765625
0.6748046875
0.660400390625
0.646240234375
0.6318359375
0.61767578125
0.603271484375
0.589111328125
0.57470703125
0.560546875
0.546142578125
0.531982421875
0.517578125
0.50341796875
0.489013671875
0.474853515625
0.46044921875
0.449951171875
0.44287109375
0.449951171875
0.46044921875
0.48193359375
0.50341796875
0.5283203125
0.553466796875
0.57470703125
0.589111328125
0.599853515625
0.599853515625
0.59619140625
0.589111328125
0.578369140625
0.567626953125
0.553466796875
0.546142578125
0.531982421875
0.521240234375
0.510498046875
0.50341796875
0.5
0.489013671875
0.48193359375
0.471435546875
0.46044921875
0.4462890625
0.431884765625
0.417724609375
0.4033203125
0.38916015625
0.374755859375
0.360595703125
0.35693359375
0.360595703125
0.374755859375
0.38916015625
0.4140625
0.435546875
0.46044921875
0.48193359375
0.496337890625
0.5
0.5
0.5
0.496337890625
0.485595703125
0.474853515625
0.4677734375
0.45703125
0.4462890625
0.439208984375
0.431884765625
0.4248046875
0.417724609375
0.41064453125
0.4033203125
0.396240234375
0.38916015625
0.37841796875
0.36767578125
0.353271484375
0.34619140625
0.33203125
0.3212890625
0.3212890625
0.3212890625
0.33203125
0.35693359375
0.385498046875
0.42138671875
0.45703125
0.485595703125
0.50341796875
0.517578125
0.528564453125
0.53564453125
0.53564453125
0.53564453125
0.531982421875
0.528564453125
0.521240234375
0.51416015625
0.510498046875
0.50341796875
0.5
0.5
0.5
0.496337890625
0.49267578125
0.489013671875
0.48193359375
0.474853515625
0.4677734375
0.46044921875
0.449951171875
0.439208984375
0.431884765625
0.428466796875
0.428466796875
0.439208984375
0.45703125
0.485595703125
0.51416015625
0.553466796875
0.58544921875
0.61767578125
0.642578125
0.660400390625
0.67138671875
0.6748046875
0.6748046875
0.67138671875
0.667724609375
0.660400390625
0.6533203125
0.646240234375
0.63916015625
0.6318359375
0.624755859375
0.61767578125
0.610595703125
0.603271484375
0.59619140625
0.58203125
0.5712890625
0.556884765625
0.5390625
0.52490234375
0.510498046875
0.5
0.489013671875
0.485595703125
0.489013671875
0.50341796875
0.521240234375
0.5498046875
0.578369140625
0.60693359375
0.62841796875
0.646240234375
0.6533203125
0.656982421875
0.6533203125
0.646240234375
0.635498046875
0.624755859375
0.610595703125
0.59619140625
0.585693359375
0.57470703125
0.560546875
0.553466796875
0.5390625
0.531982421875
0.517578125
0.510498046875
0.5
0.489013671875
0.474853515625
0.45703125
0.439208984375
0.4248046875
0.41064453125
0.396240234375
0.385498046875
0.38916015625
0.396240234375
0.4140625
0.435546875
0.46044921875
0.485595703125
0.5
0.510498046875
0.51416015625
0.517578125
0.5126953125
0.503173828125
0.5
0.490234375
0.48388671875
0.470947265625
0.46142578125
0.45166015625
0.4453125
0.438720703125
0.42919921875
0.4228515625
0.416259765625
0.409912109375
0.400146484375
0.393798828125
0.380859375
0.3681640625
0.355224609375
0.348876953125
0.3359375
0.326416015625
0.326416015625
0.332763671875
0.345458984375
0.36474609375
0.390625
0.416259765625
0.438720703125
0.4580078125
0.464599609375
0.477294921875
0.48388671875
0.487060546875
0.487060546875
0.48388671875
0.477294921875
0.470947265625
0.464599609375
0.4580078125
0.45166015625
0.448486328125
0.442138671875
0.438720703125
0.435546875
0.435546875
0.42919921875
0.426025390625
0.4228515625
0.416259765625
0.40673828125
0.400146484375
0.393798828125
0.38427734375
0.380859375
0.38427734375
0.393798828125
0.40673828125
0.42919921875
0.461181640625
0.493408203125
0.51904296875
0.544677734375
0.570556640625
0.586669921875
0.59619140625
0.602783203125
0.602783203125
0.602783203125
0.59619140625
0.593017578125
0.586669921875
0.58349609375
0.576904296875
0.57373046875
0.570556640625
0.564208984375
0.560791015625
0.5576171875
0.55126953125
0.548095703125
0.54150390625
0.531982421875
0.522216796875
0.509521484375
0.503173828125
0.49658203125
0.490234375
0.48388671875
0.487060546875
0.49658203125
0.50634765625
0.531982421875
0.560791015625
0.58984375
0.615478515625
0.637939453125
0.6572265625
0.663818359375
0.6669921875
0.6669921875
0.663818359375
0.65087890625
0.64453125
0.631591796875
0.61865234375
0.6123046875
0.599365234375
0.593017578125
0.58349609375
0.57373046875
0.5673828125
0.554443359375
0.544921875
0.53515625
0.51904296875
0.503173828125
0.49658203125
0.477294921875
0.464599609375
0.45166015625
0.438720703125
0.428466796875
0.431884765625
0.4462890625
0.464111328125
0.485595703125
0.507080078125
0.5283203125
0.5498046875
0.560546875
0.5712890625
0.5712890625
0.564208984375
0.553466796875
0.546142578125
0.531982421875
0.521240234375
0.510498046875
0.5
0.49267578125
0.48193359375
0.474853515625
0.4677734375
0.45703125
0.449951171875
0.439208984375
0.428466796875
0.417724609375
0.4033203125
0.38916015625
0.374755859375
0.360595703125
0.34619140625
0.335693359375
0.335693359375
0.339111328125
0.353271484375
0.374755859375
0.39990234375
0.428466796875
0.449951171875
0.4677734375
0.48193359375
0.49267578125
0.49267578125
0.49267578125
0.485595703125
0.474853515625
0.4677734375
0.46044921875
0.449951171875
0.44287109375
0.435546875
0.428466796875
0.42138671875
0.417724609375
0.414306640625
0.406982421875
0.39990234375
0.396240234375
0.385498046875
0.37841796875
0.36767578125
0.35693359375
0.34619140625
0.3427734375
0.339111328125
0.34619140625
0.360595703125
0.385498046875
0.417724609375
0.453369140625
0.485595703125
0.507080078125
0.531982421875
0.553466796875
0.560546875
0.564208984375
0.564208984375
0.564208984375
0.560546875
0.55712890625
0.5498046875
0.5498046875
0.542724609375
0.5390625
0.53564453125
0.53564453125
0.528564453125
0.528564453125
0.521240234375
0.517578125
0.510498046875
0.50341796875
0.5
0.489013671875
0.478515625
0.471435546875
0.464111328125
0.4677734375
0.474853515625
0.496337890625
0.51416015625
0.5498046875
0.58544921875
0.621337890625
0.64990234375
0.6748046875
0.692626953125
0.699951171875
0.70703125
0.703369140625
0.6962890625
0.68896484375
0.681884765625
0.67138671875
0.660400390625
0.6533203125
0.63916015625
0.624755859375
0.610595703125
0.603271484375
0.589111328125
0.57470703125
0.560546875
0.546142578125
0.531982421875
0.510498046875
0.5
0.489013671875
0.474853515625
0.46044921875
0.45703125
0.46044921875
0.474853515625
0.49267578125
0.51416015625
0.542724609375
0.564208984375
0.589111328125
0.603271484375
0.6142578125
0.6142578125
0.610595703125
0.603271484375
0.589111328125
0.58203125
0.567626953125
0.55712890625
0.546142578125
0.53564453125
0.52490234375
0.51416015625
0.50341796875
0.5
0.49267578125
0.48193359375
0.471435546875
0.46044921875
0.4462890625
0.428466796875
0.41064453125
0.396240234375
0.3818359375
0.36767578125
0.3642578125
0.3642578125
0.374755859375
0.392578125
0.4140625
0.439208984375
0.464111328125
0.48193359375
0.496337890625
0.5
0.5
0.5
0.5
0.496337890625
0.489013671875
0.474853515625
0.464111328125
0.453369140625
0.44287109375
0.435546875
0.4248046875
0.417724609375
0.414306640625
0.406982421875
0.39990234375
0.392822265625
0.3818359375
0.374755859375
0.360595703125
0.34619140625
0.339111328125
0.32470703125
0.314208984375
0.30712890625
0.310546875
0.32470703125
0.349853515625
0.37841796875
0.4140625
0.4462890625
0.478515625
0.496337890625
0.507080078125
0.517578125
0.521240234375
0.521240234375
0.51416015625
0.510498046875
0.50341796875
0.5
0.496337890625
0.49267578125
0.485595703125
0.48193359375
0.478515625
0.474853515625
0.471435546875
0.471435546875
0.464111328125
0.45703125
0.453369140625
0.44287109375
0.435546875
0.4248046875
0.417724609375
0.414306640625
0.414306640625
0.4248046875
0.439208984375
0.464111328125
0.496337890625
0.5283203125
0.564208984375
0.599853515625
0.621337890625
0.63916015625
0.6533203125
0.656982421875
0.656982421875
0.656982421875
0.64990234375
0.642822265625
0.635498046875
0.62841796875
0.624755859375
0.61767578125
0.6142578125
0.60693359375
0.599853515625
0.5927734375
0.585693359375
0.57470703125
0.567626953125
0.553466796875
0.5498046875
0.5390625
0.52490234375
0.510498046875
0.5
0.49267578125
0.49267578125
0.496337890625
0.507080078125
0.5283203125
0.556884765625
0.5927734375
0.621337890625
0.642578125
0.660400390625
0.667724609375
0.67138671875
0.667724609375
0.660400390625
0.646240234375
0.6318359375
0.624755859375
0.610595703125
0.59619140625
0.585693359375
0.57470703125
0.564208984375
0.553466796875
0.546142578125
0.531982421875
0.52490234375
0.510498046875
0.5
0.485595703125
0.4677734375
0.453369140625
0.431884765625
0.417724609375
0.406982421875
0.39990234375
0.4033203125
0.41064453125
0.431884765625
0.45703125
0.478515625
0.5
0.51416015625
0.528564453125
0.53564453125
0.53564453125
0.531982421875
0.52490234375
0.5126953125
0.503173828125
0.49658203125
0.490234375
0.477294921875
0.470947265625
0.46142578125
0.45166015625
0.4453125
0.438720703125
0.432373046875
0.4228515625
0.4130859375
0.40673828125
0.393798828125
0.380859375
0.3681640625
0.355224609375
0.345703125
0.339111328125
0.3359375
0.34228515625
0.355224609375
0.37451171875
0.39697265625
0.422607421875
0.4453125
0.464599609375
0.477294921875
0.487060546875
0.490234375
0.487060546875
0.48388671875
0.477294921875
0.470947265625
0.464599609375
0.454833984375
0.45166015625
0.4453125
0.442138671875
0.435546875
0.435546875
0.42919921875
0.42919921875
0.4228515625
0.41943359375
0.4130859375
0.403564453125
0.393798828125
0.387451171875
0.377685546875
0.37451171875
0.37451171875
0.380859375
0.39697265625
0.422607421875
0.448486328125
0.483642578125
0.50634765625
0.538330078125
0.560791015625
0.576904296875
0.586669921875
0.593017578125
0.59619140625
0.59619140625
0.58984375
0.586669921875
0.58349609375
0.576904296875
0.570556640625
0.570556640625
0.564208984375
0.564208984375
0.560791015625
0.5576171875
0.554443359375
0.55126953125
0.544921875
0.538330078125
0.52880859375
0.51904296875
0.509521484375
0.5
0.49658203125
0.490234375
0.490234375
0.5
0.5126953125
0.538330078125
0.567138671875
0.599365234375
0.62841796875
0.654052734375
0.670166015625
0.68310546875
0.689453125
0.689453125
0.686279296875
0.676513671875
0.670166015625
0.6572265625
0.65087890625
0.637939453125
0.625244140625
0.6123046875
0.599365234375
0.586669921875
0.57373046875
0.560791015625
0.548095703125
0.538330078125
0.522216796875
0.509521484375
0.5
0.487060546875
0.470947265625
0.4580078125
0.4453125
0.442138671875
0.4453125
0.4580078125
0.47412109375
0.493408203125
0.51416015625
0.5390625
0.560546875
0.57470703125
0.58203125
0.585693359375
0.578369140625
0.5712890625
0.560546875
0.5498046875
0.5390625
0.52490234375
0.517578125
0.50341796875
0.5
0.49267578125
0.48193359375
0.474853515625
0.464111328125
0.453369140625
0.4462890625
0.431884765625
0.417724609375
0.4033203125
0.38916015625
0.374755859375
0.360595703125
0.349853515625
0.3427734375
0.34619140625
0.360595703125
0.37841796875
0.4033203125
0.428466796875
0.453369140625
0.474853515625
0.489013671875
0.496337890625
0.5
0.496337890625
0.489013671875
0.48193359375
0.471435546875
0.46044921875
0.453369140625
0.44287109375
0.435546875
0.428466796875
0.42138671875
0.414306640625
0.41064453125
0.4033203125
0.396240234375
0.38916015625
0.3818359375
0.374755859375
0.360595703125
0.349853515625
0.339111328125
0.33203125
0.328369140625
0.33203125
0.34619140625
0.371337890625
0.403564453125
0.439208984375
0.47119140625
0.496337890625
0.521240234375
0.5390625
0.5498046875
0.55712890625
0.55712890625
0.55712890625
0.55712890625
0.5498046875
0.542724609375
0.5390625
0.53564453125
0.528564453125
0.52490234375
0.521240234375
0.517578125
0.51416015625
0.51416015625
0.507080078125
0.50341796875
0.5
0.496337890625
0.489013671875
0.478515625
0.4677734375
0.45703125
0.453369140625
0.453369140625
0.464111328125
0.485595703125
0.507080078125
0.5390625
0.574951171875
0.614013671875
0.642578125
0.667724609375
0.681884765625
0.692626953125
0.699951171875
0.699951171875
0.692626953125
0.685546875
0.678466796875
0.667724609375
0.660400390625
0.6533203125
0.646240234375
0.63916015625
0.62841796875
0.61767578125
0.603271484375
0.589111328125
0.57470703125
0.560546875
0.546142578125
0.531982421875
0.510498046875
0.5
0.489013671875
0.474853515625
0.471435546875
0.474853515625
0.489013671875
0.50341796875
0.5283203125
0.556884765625
0.58544921875
0.610595703125
0.624755859375
0.635498046875
0.635498046875
0.6318359375
0.624755859375
0.6142578125
0.603271484375
0.589111328125
0.58203125
0.567626953125
0.553466796875
0.546142578125
0.531982421875
0.52490234375
0.51416015625
0.50341796875
0.496337890625
0.48193359375
0.4677734375
0.453369140625
0.439208984375
0.4248046875
0.406982421875
0.38916015625
0.37841796875
0.371337890625
0.371337890625
0.3818359375
0.39990234375
0.42138671875
0.4462890625
0.47119140625
0.489013671875
0.5
0.507080078125
0.507080078125
0.507080078125
0.5
0.496337890625
0.485595703125
0.474853515625
0.46044921875
0.453369140625
0.44287109375
0.435546875
0.4248046875
0.417724609375
0.41064453125
0.4033203125
0.396240234375
0.38916015625
0.37841796875
0.36767578125
0.353271484375
0.339111328125
0.32470703125
0.314208984375
0.30712890625
0.30712890625
0.317626953125
0.33544921875
0.364013671875
0.392578125
0.428466796875
0.45703125
0.48193359375
0.496337890625
0.5
0.507080078125
0.507080078125
0.50341796875
0.5
0.5
0.49267578125
0.485595703125
0.478515625
0.471435546875
0.4677734375
0.464111328125
0.45703125
0.45703125
0.449951171875
0.4462890625
0.44287109375
0.435546875
0.4248046875
0.417724609375
0.406982421875
0.39990234375
0.392822265625
0.392822265625
0.4033203125
0.417724609375
0.442626953125
0.478515625
0.507080078125
0.542724609375
0.5712890625
0.599853515625
0.61767578125
0.6318359375
0.63916015625
0.642822265625
0.63916015625
0.635498046875
0.62841796875
0.624755859375
0.61767578125
0.610595703125
0.60693359375
0.599853515625
0.59619140625
0.5927734375
0.585693359375
0.578369140625
0.5712890625
0.560546875
0.553466796875
0.5390625
0.52490234375
0.510498046875
0.5
0.496337890625
0.49267578125
0.49267578125
0.5
0.507080078125
0.5283203125
0.560546875
0.5927734375
0.621337890625
0.646240234375
0.667724609375
0.678466796875
0.681884765625
0.678466796875
0.6748046875
0.667724609375
0.6533203125
0.642822265625
0.6318359375
0.61767578125
0.603271484375
0.589111328125
0.57470703125
0.560546875
0.553466796875
0.542724609375
0.531982421875
0.517578125
0.50341796875
0.496337890625
0.478515625
0.46044921875
0.4462890625
0.4248046875
0.414306640625
0.406982421875
0.406982421875
0.417724609375
0.431884765625
0.45703125
0.478515625
0.5
0.517578125
0.531982421875
0.5390625
0.542724609375
0.53564453125
0.528564453125
0.521240234375
0.510498046875
0.5
0.496337890625
0.485595703125
0.474853515625
0.464111328125
0.453369140625
0.4462890625
0.439208984375
0.428466796875
0.417724609375
0.41064453125
0.39990234375
0.38916015625
0.37109375
0.355224609375
0.339111328125
0.32470703125
0.3212890625
0.326416015625
0.34423828125
0.37109375
0.406982421875
0.431884765625
0.453369140625
0.4677734375
0.478515625
0.485595703125
0.485595703125
0.485595703125
0.478515625
0.474853515625
0.464111328125
0.45703125
0.4462890625
0.439208984375
0.431884765625
0.4248046875
0.42138671875
0.414306640625
0.414306640625
0.406982421875
0.4033203125
0.396240234375
0.38916015625
0.3818359375
0.371337890625
0.360595703125
0.353271484375
0.34619140625
0.3427734375
0.353271484375
0.364013671875
0.392578125
0.428466796875
0.460693359375
0.49267578125
0.521240234375
0.542724609375
0.560546875
0.57470703125
0.578369140625
0.578369140625
0.578369140625
0.57470703125
0.5712890625
0.567626953125
0.564208984375
0.55712890625
0.553466796875
0.5498046875
0.546142578125
0.542724609375
0.5390625
0.53564453125
0.528564453125
0.521240234375
0.51416015625
0.50341796875
0.5
0.489013671875
0.48193359375
0.474853515625
0.474853515625
0.48193359375
0.496337890625
0.521240234375
0.5498046875
0.58544921875
0.621337890625
0.64990234375
0.671142578125
0.68896484375
0.6962890625
0.699951171875
0.6962890625
0.68896484375
0.681884765625
0.6748046875
0.660400390625
0.6533203125
0.63916015625
0.624755859375
0.610595703125
0.59619140625
0.585693359375
0.57470703125
0.560546875
0.546142578125
0.531982421875
0.517578125
0.50341796875
0.49267578125
0.474853515625
0.46044921875
0.4462890625
0.44287109375
0.44287109375
0.453369140625
0.47119140625
0.49267578125
0.51416015625
0.5390625
0.560546875
0.57470703125
0.585693359375
0.5927734375
0.585693359375
0.585693359375
0.578369140625
0.567626953125
0.553466796875
0.542724609375
0.531982421875
0.517578125
0.507080078125
0.5
0.496337890625
0.485595703125
0.478515625
0.4677734375
0.46044921875
0.4462890625
0.435546875
0.4248046875
0.41064453125
0.38916015625
0.374755859375
0.360595703125
0.353271484375
0.34619140625
0.34619140625
0.360595703125
0.374755859375
0.39990234375
0.42138671875
0.4462890625
0.4677734375
0.48193359375
0.485595703125
0.49267578125
0.485595703125
0.48193359375
0.474853515625
0.464111328125
0.453369140625
0.44287109375
0.435546875
0.4248046875
0.417724609375
0.41064453125
0.4033203125
0.396240234375
0.38916015625
0.3818359375
0.374755859375
0.36767578125
0.353271484375
0.34619140625
0.33203125
0.32470703125
0.314208984375
0.310546875
0.317626953125
0.33203125
0.35693359375
0.385498046875
0.42138671875
0.45703125
0.485595703125
0.50341796875
0.52490234375
0.531982421875
0.5390625
0.542724609375
0.53564453125
0.53564453125
0.528564453125
0.521240234375
0.517578125
0.51416015625
0.507080078125
0.50341796875
0.5
0.5
0.5
0.5
0.49267578125
0.489013671875
0.48193359375
0.471435546875
0.46044921875
0.449951171875
0.439208984375
0.435546875
0.435546875
0.439208984375
0.45703125
0.485595703125
0.507080078125
0.542724609375
0.578369140625
0.60693359375
0.635498046875
0.6533203125
0.667724609375
0.67138671875
0.67138671875
0.67138671875
0.6640625
0.656982421875
0.64990234375
0.642822265625
0.635498046875
0.62841796875
0.621337890625
0.61767578125
0.610595703125
0.603271484375
0.5927734375
0.58203125
0.5712890625
0.560546875
0.542724609375
0.52490234375
0.510498046875
0.5
0.49267578125
0.485595703125
0.485595703125
0.496337890625
0.507080078125
0.531982421875
0.556884765625
0.58544921875
0.610595703125
0.61767578125
0.6318359375
0.63916015625
0.642822265625
0.642822265625
0.635498046875
0.624755859375
0.6142578125
0.603271484375
0.589111328125
0.57470703125
0.564208984375
0.553466796875
0.542724609375
0.531982421875
0.52490234375
0.51416015625
0.50341796875
0.496337890625
0.48193359375
0.4677734375
0.453369140625
0.439208984375
0.42138671875
0.4033203125
0.392822265625
0.385498046875
0.385498046875
0.38916015625
0.406982421875
0.428466796875
0.449951171875
0.474853515625
0.496337890625
0.50341796875
0.507080078125
0.51416015625
0.507080078125
0.50341796875
0.5
0.489013671875
0.48193359375
0.4677734375
0.46044921875
0.4462890625
0.439208984375
0.431884765625
0.42138671875
0.414306640625
0.406982421875
0.39990234375
0.392822265625
0.3818359375
0.371337890625
0.360595703125
0.34619140625
0.33203125
0.317626953125
0.310546875
0.30712890625
0.317626953125
0.328369140625
0.349853515625
0.385498046875
0.4140625
0.442626953125
0.4677734375
0.48193359375
0.49267578125
0.5
0.5
0.496337890625
0.49267578125
0.485595703125
0.478515625
0.471435546875
0.464111328125
0.46044921875
0.453369140625
0.449951171875
0.4462890625
0.44287109375
0.439208984375
0.435546875
0.431884765625
0.4248046875
0.417724609375
0.41064453125
0.39990234375
0.392822265625
0.385498046875
0.385498046875
0.38916015625
0.4033203125
0.428466796875
0.45703125
0.49267578125
0.517822265625
0.5498046875
0.578369140625
0.59619140625
0.610595703125
0.61767578125
0.621337890625
0.621337890625
0.6142578125
0.610595703125
0.60693359375
0.599853515625
0.59619140625
0.5927734375
0.585693359375
0.58203125
0.578369140625
0.5712890625
0.567626953125
0.560546875
0.553466796875
0.546142578125
0.531982421875
0.52490234375
0.510498046875
0.5
0.496337890625
0.49267578125
0.5
0.507080078125
0.5283203125
0.556884765625
0.58544921875
0.621337890625
0.646240234375
0.667724609375
0.681884765625
0.68896484375
0.692626953125
0.685546875
0.685546875
0.678466796875
0.667724609375
0.6533203125
0.63916015625
0.624755859375
0.603271484375
0.589111328125
0.57470703125
0.560546875
0.553466796875
0.542724609375
0.531982421875
0.517578125
0.510498046875
0.5
0.489013671875
0.474853515625
0.453369140625
0.439208984375
0.4248046875
0.414306640625
0.406982421875
0.406982421875
0.417724609375
0.435546875
0.45703125
0.485595703125
0.50341796875
0.517578125
0.531982421875
0.5390625
0.542724609375
0.5390625
0.53564453125
0.52490234375
0.517578125
0.50341796875
0.5
0.489013671875
0.48193359375
0.471435546875
0.46044921875
0.44580078125
0.433349609375
0.4248046875
0.412353515625
0.404052734375
0.387451171875
0.379150390625
0.3623046875
0.345703125
0.3291015625
0.3125
0.2998046875
0.2998046875
0.2998046875
0.3125
0.333251953125
0.3623046875
0.3916015625
0.420654296875
0.44580078125
0.46240234375
0.470703125
0.474853515625
0.474853515625
0.466552734375
0.458251953125
0.449951171875
0.441650390625
0.428955078125
0.420654296875
0.412353515625
0.404052734375
0.395751953125
0.3916015625
0.38330078125
0.379150390625
0.375
0.366455078125
0.35400390625
0.345703125
0.333251953125
0.324951171875
0.316650390625
0.316650390625
0.32080078125
0.3291015625
0.349853515625
0.38330078125
0.41650390625
0.458251953125
0.49560546875
0.52490234375
0.553955078125
0.57080078125
0.58740234375
0.591552734375
0.599853515625
0.591552734375
0.591552734375
0.583251953125
0.5791015625
0.57080078125
0.55712890625
0.5498046875
0.546142578125
0.542724609375
0.53564453125
0.53564453125
0.528564453125
0.52490234375
0.517578125
0.510498046875
0.50341796875
0.5
0.489013671875
0.478515625
0.471435546875
0.471435546875
0.478515625
0.49267578125
0.507080078125
0.5390625
0.5712890625
0.60693359375
0.635498046875
0.660400390625
0.678466796875
0.68896484375
0.692626953125
0.692626953125
0.68896484375
0.681884765625
0.67138671875
0.660400390625
0.64990234375
0.63916015625
0.6318359375
0.621337890625
0.610595703125
0.59619140625
0.58203125
0.5712890625
0.560546875
0.546142578125
0.531982421875
0.517578125
0.5
0.489013671875
0.474853515625
0.46044921875
0.453369140625
0.453369140625
0.46044921875
0.478515625
0.496337890625
0.521240234375
0.542724609375
0.567626953125
0.58203125
0.5927734375
0.59619140625
0.5927734375
0.589111328125
0.578369140625
0.567626953125
0.55712890625
0.546142578125
0.531982421875
0.52490234375
0.510498046875
0.50341796875
0.5
0.489013671875
0.48193359375
0.4677734375
0.46044921875
0.4462890625
0.431884765625
0.417724609375
0.4033203125
0.385498046875
0.36767578125
0.35693359375
0.349853515625
0.349853515625
0.353271484375
0.371337890625
0.38916015625
0.4140625
0.435546875
0.453369140625
0.4677734375
0.478515625
0.485595703125
0.48193359375
0.478515625
0.4677734375
0.46044921875
0.449951171875
0.439208984375
0.431884765625
0.42138671875
0.414306640625
0.406982421875
0.39990234375
0.392822265625
0.385498046875
0.3818359375
0.374755859375
0.3642578125
0.353271484375
0.34619140625
0.33203125
0.317626953125
0.310546875
0.30712890625
0.310546875
0.32470703125
0.3427734375
0.371337890625
0.403564453125
0.435546875
0.464111328125
0.49267578125
0.50341796875
0.51416015625
0.51904296875
0.51904296875
0.51904296875
0.5126953125
0.509521484375
0.50634765625
0.5
0.5
0.49658203125
0.493408203125
0.487060546875
0.487060546875
0.480712890625
0.480712890625
0.47412109375
0.470947265625
0.4677734375
0.46142578125
0.45166015625
0.4453125
0.435546875
0.42919921875
0.42919921875
0.432373046875
0.4453125
0.4677734375
0.493408203125
0.515869140625
0.544677734375
0.576904296875
0.59619140625
0.615478515625
0.62841796875
0.634765625
0.634765625
0.634765625
0.631591796875
0.62841796875
0.6220703125
0.615478515625
0.609130859375
0.602783203125
0.599365234375
0.59619140625
0.58984375
0.58349609375
0.580078125
0.57373046875
0.560791015625
0.554443359375
0.54150390625
0.52880859375
0.515869140625
0.503173828125
0.5
0.493408203125
0.493408203125
0.5
0.509521484375
0.531982421875
0.5576171875
0.583251953125
0.6025390625
0.621826171875
0.634765625
0.641357421875
0.641357421875
0.634765625
0.62841796875
0.61865234375
0.60595703125
0.593017578125
0.586669921875
0.57373046875
0.560791015625
0.554443359375
0.544921875
0.53515625
0.52880859375
0.515869140625
0.509521484375
0.5
0.490234375
0.477294921875
0.464599609375
0.45166015625
0.432373046875
0.4228515625
0.4130859375
0.409912109375
0.4130859375
0.426025390625
0.438720703125
0.461181640625
0.48046875
0.49658203125
0.50634765625
0.515869140625
0.51904296875
0.51904296875
0.51904296875
0.5126953125
0.503173828125
0.5
0.493408203125
0.48388671875
0.47412109375
0.464599609375
0.454833984375
0.448486328125
0.438720703125
0.432373046875
0.426025390625
0.41943359375
0.4130859375
0.40673828125
0.393798828125
0.38427734375
0.37451171875
0.361572265625
0.348876953125
0.34228515625
0.29150390625
0.29150390625
0.303955078125
0.324951171875
0.349853515625
0.38330078125
0.408203125
0.43310546875
0.4541015625
0.466552734375
0.474853515625
0.474853515625
0.474853515625
0.466552734375
0.46240234375
0.4541015625
0.44580078125
0.4375
0.428955078125
0.4248046875
0.41650390625
0.41650390625
0.412353515625
0.408203125
0.404052734375
0.39990234375
0.3916015625
0.38330078125
0.375
0.366455078125
0.35400390625
0.349853515625
0.341552734375
0.35400390625
0.37060546875
0.39990234375
0.437255859375
0.474853515625
0.50830078125
0.54150390625
0.574951171875
0.595703125
0.6123046875
0.625
0.625
0.625
0.625
0.62060546875
0.6123046875
0.608154296875
0.599853515625
0.595703125
0.591552734375
0.583251953125
0.5791015625
0.574951171875
0.57080078125
0.562255859375
0.553955078125
0.545654296875
0.533203125
0.520751953125
0.50830078125
0.5
0.49560546875
0.491455078125
0.49560546875
0.504150390625
0.52490234375
0.55810546875
0.591552734375
0.62890625
0.66650390625
0.69140625
0.71240234375
0.72900390625
0.733154296875
0.733154296875
0.733154296875
0.720703125
0.71240234375
0.69580078125
0.678955078125
0.658203125
0.637451171875
0.62060546875
0.60400390625
0.58740234375
0.57080078125
0.553955078125
0.545654296875
0.529052734375
0.512451171875
0.5
0.4873046875
0.470703125
0.4541015625
0.428955078125
0.41650390625
0.408203125
0.408203125
0.412353515625
0.428955078125
0.4541015625
0.483154296875
0.504150390625
0.52490234375
0.545654296875
0.553955078125
0.55810546875
0.55810546875
0.553955078125
0.545654296875
0.533203125
0.520751953125
0.50830078125
0.5
0.491455078125
0.47900390625
0.470703125
0.458251953125
0.449951171875
0.4375
0.428955078125
0.41650390625
0.404052734375
0.387451171875
0.379150390625
0.3623046875
0.345703125
0.3291015625
0.3125
0.308349609375
0.308349609375
0.3125
0.333251953125
0.358154296875
0.38330078125
0.41650390625
0.4375
0.4541015625
0.470703125
0.474853515625
0.474853515625
0.470703125
0.46240234375
0.4541015625
0.441650390625
0.428955078125
0.420654296875
0.408203125
0.39990234375
0.3916015625
0.387451171875
0.38330078125
0.375
0.366455078125
0.3623046875
0.35400390625
0.341552734375
0.3291015625
0.32080078125
0.3125
0.308349609375
0.308349609375
0.3125
0.3291015625
0.358154296875
0.3916015625
0.428955078125
0.466552734375
0.49560546875
0.52490234375
0.545654296875
0.562255859375
0.57080078125
0.574951171875
0.574951171875
0.574951171875
0.566650390625
0.562255859375
0.55810546875
0.5498046875
0.545654296875
0.54150390625
0.533203125
0.533203125
0.529052734375
0.52490234375
0.520751953125
0.512451171875
0.504150390625
0.5
0.49560546875
0.47900390625
0.470703125
0.46240234375
0.458251953125
0.46240234375
0.47900390625
0.49560546875
0.52490234375
0.56640625
0.608154296875
0.6416015625
0.670654296875
0.678955078125
0.69580078125
0.71240234375
0.716552734375
0.716552734375
0.71240234375
0.7041015625
0.69580078125
0.687255859375
0.670654296875
0.654052734375
0.6416015625
0.629150390625
0.6123046875
0.599853515625
0.58740234375
0.57080078125
0.553955078125
0.537353515625
0.520751953125
0.504150390625
0.49560546875
0.47900390625
0.46240234375
0.449951171875
0.441650390625
0.441650390625
0.4541015625
0.474853515625
0.5
0.52490234375
0.55810546875
0.58740234375
0.60400390625
0.62060546875
0.625
0.625
0.616455078125
0.60400390625
0.595703125
0.5791015625
0.57080078125
0.546142578125
0.53564453125
0.52490234375
0.517578125
0.507080078125
0.5
0.496337890625
0.489013671875
0.474853515625
0.4677734375
0.453369140625
0.439208984375
0.4248046875
0.406982421875
0.38916015625
0.37841796875
0.371337890625
0.371337890625
0.374755859375
0.38916015625
0.406982421875
0.428466796875
0.449951171875
0.4677734375
0.48193359375
0.49267578125
0.5
0.496337890625
0.49267578125
0.48193359375
0.471435546875
0.46044921875
0.449951171875
0.439208984375
0.428466796875
0.417724609375
0.41064453125
0.4033203125
0.396240234375
0.38916015625
0.3818359375
0.374755859375
0.36767578125
0.35693359375
0.34619140625
0.33203125
0.3212890625
0.310546875
0.2998046875
0.2998046875
0.310546875
0.328369140625
0.35693359375
0.385498046875
0.417724609375
0.449951171875
0.474853515625
0.496337890625
0.5
0.507080078125
0.507080078125
0.507080078125
0.5
0.5
0.496337890625
0.489013671875
0.485595703125
0.478515625
0.474853515625
0.471435546875
0.4677734375
0.464111328125
0.464111328125
0.45703125
0.453369140625
0.449951171875
0.44287109375
0.431884765625
0.4248046875
0.417724609375
0.406982421875
0.406982421875
0.41064453125
0.4248046875
0.449951171875
0.478515625
0.507080078125
0.5390625
0.5712890625
0.599853515625
0.60693359375
0.624755859375
0.63916015625
0.642822265625
0.642822265625
0.642822265625
0.63916015625
0.6318359375
0.62841796875
0.621337890625
0.6142578125
0.610595703125
0.60693359375
0.599853515625
0.59619140625
0.5927734375
0.585693359375
0.58203125
0.5712890625
0.560546875
0.553466796875
0.5390625
0.52490234375
0.517578125
0.507080078125
0.5
0.50341796875
0.517578125
0.53564453125
0.564208984375
0.5927734375
0.621337890625
0.64990234375
0.667724609375
0.681884765625
0.685546875
0.685546875
0.678466796875
0.667724609375
0.656982421875
0.63916015625
0.624755859375
0.60693359375
0.589111328125
0.57470703125
0.560546875
0.553466796875
0.5390625
0.531982421875
0.517578125
0.510498046875
0.5
0.489013671875
0.474853515625
0.46044921875
0.442626953125
0.4248046875
0.417724609375
0.406982421875
0.406982421875
0.41064453125
0.4248046875
0.449951171875
0.47119140625
0.496337890625
0.510498046875
0.52490234375
0.53564453125
0.542724609375
0.5390625
0.531982421875
0.52490234375
0.517578125
0.50341796875
0.5
0.489013671875
0.48193359375
0.471435546875
0.464111328125
0.45703125
0.449951171875
0.439208984375
0.431884765625
0.4248046875
0.414306640625
0.4033203125
0.38916015625
0.374755859375
0.3642578125
0.353271484375
0.339111328125
0.335693359375
0.335693359375
0.34619140625
0.364013671875
0.385498046875
0.4140625
0.439208984375
0.464111328125
0.48193359375
0.49267578125
0.496337890625
0.496337890625
0.49267578125
0.485595703125
0.478515625
0.4677734375
0.46044921875
0.453369140625
0.4462890625
0.44287109375
0.435546875
0.431884765625
0.428466796875
0.4248046875
0.42138671875
0.414306640625
0.41064453125
0.4033203125
0.396240234375
0.385498046875
0.374755859375
0.36767578125
0.3642578125
0.36767578125
0.3818359375
0.39990234375
0.428466796875
0.460693359375
0.49267578125
0.521240234375
0.546142578125
0.567626953125
0.58203125
0.5927734375
0.5927734375
0.5927734375
0.5927734375
0.585693359375
0.58203125
0.578369140625
0.5712890625
0.567626953125
0.564208984375
0.560546875
0.55712890625
0.55712890625
0.5498046875
0.546142578125
0.542724609375
0.53564453125
0.52490234375
0.517578125
0.50341796875
0.5
0.49267578125
0.485595703125
0.485595703125
0.489013671875
0.50341796875
0.521240234375
0.553466796875
0.589111328125
0.621337890625
0.64990234375
0.6748046875
0.6962890625
0.703369140625
0.70703125
0.703369140625
0.6962890625
0.68896484375
0.6748046875
0.667724609375
0.6533203125
0.6318359375
0.61767578125
0.603271484375
0.589111328125
0.57470703125
0.560546875
0.546142578125
0.531982421875
0.517578125
0.50341796875
0.49267578125
0.474853515625
0.46044921875
0.439208984375
0.428466796875
0.42138671875
0.42138671875
0.431884765625
0.4462890625
0.47119140625
0.496337890625
0.517578125
0.5390625
0.560546875
0.567626953125
0.5712890625
0.5712890625
0.564208984375
0.553466796875
0.546142578125
0.531982421875
0.521240234375
0.510498046875
0.5
0.496337890625
0.489013671875
0.478515625
0.471435546875
0.46044921875
0.453369140625
0.44287109375
0.431884765625
0.417724609375
0.4033203125
0.38916015625
0.374755859375
0.360595703125
0.349853515625
0.3427734375
0.3427734375
0.353271484375
0.36767578125
0.392578125
0.417724609375
0.442626953125
0.464111328125
0.48193359375
0.489013671875
0.49267578125
0.49267578125
0.485595703125
0.478515625
0.4677734375
0.46044921875
0.449951171875
0.439208984375
0.431884765625
0.4248046875
0.417724609375
0.41064453125
0.4033203125
0.39990234375
0.392822265625
0.392822265625
0.385498046875
0.37841796875
0.36767578125
0.35693359375
0.34619140625
0.335693359375
0.32470703125
0.3212890625
0.32470703125
0.3427734375
0.364013671875
0.396240234375
0.428466796875
0.464111328125
0.49267578125
0.510498046875
0.531982421875
0.5390625
0.546142578125
0.5498046875
0.542724609375
0.5390625
0.53564453125
0.528564453125
0.521240234375
0.51416015625
0.510498046875
0.507080078125
0.50341796875
0.5
0.5
0.5
0.5
0.49267578125
0.485595703125
0.478515625
0.4677734375
0.46044921875
0.449951171875
0.44287109375
0.44287109375
0.449951171875
0.4677734375
0.49267578125
0.517822265625
0.553466796875
0.589111328125
0.621337890625
0.64990234375
0.667724609375
0.678466796875
0.685546875
0.685546875
0.678466796875
0.6748046875
0.667724609375
0.656982421875
0.64990234375
0.642822265625
0.635498046875
0.62841796875
0.621337890625
0.6142578125
0.60693359375
0.59619140625
0.589111328125
0.57470703125
0.560546875
0.546142578125
0.531982421875
0.51416015625
0.5
0.496337890625
0.485595703125
0.489013671875
0.5
0.51416015625
0.542724609375
0.5712890625
0.599853515625
0.621337890625
0.63916015625
0.64990234375
0.64990234375
0.64990234375
0.642822265625
0.6318359375
0.61767578125
0.610595703125
0.59619140625
0.58203125
0.567626953125
0.560546875
0.546142578125
0.5390625
0.528564453125
0.517578125
0.510498046875
0.5
0.489013671875
0.474853515625
0.46044921875
0.442626953125
0.4248046875
0.41064453125
0.396240234375
0.385498046875
0.385498046875
0.392822265625
0.406982421875
0.428466796875
0.449951171875
0.478515625
0.496337890625
0.50341796875
0.51416015625
0.51416015625
0.51416015625
0.507080078125
0.5
0.496337890625
0.48193359375
0.474853515625
0.46044921875
0.453369140625
0.44287109375
0.431884765625
0.4248046875
0.417724609375
0.41064453125
0.4033203125
0.396240234375
0.385498046875
0.374755859375
0.360595703125
0.34619140625
0.33203125
0.32470703125
0.314208984375
0.314208984375
0.317626953125
0.33203125
0.349853515625
0.37841796875
0.4140625
0.442626953125
0.464111328125
0.48193359375
0.49267578125
0.5
0.5
0.5
0.496337890625
0.489013671875
0.48193359375
0.474853515625
0.4677734375
0.46044921875
0.45703125
0.449951171875
0.4462890625
0.44287109375
0.44287109375
0.435546875
0.431884765625
0.428466796875
0.42138671875
0.41064453125
0.4033203125
0.396240234375
0.385498046875
0.3818359375
0.3818359375
0.38916015625
0.406982421875
0.435546875
0.464111328125
0.499755859375
0.531982421875
0.564208984375
0.5927734375
0.610595703125
0.624755859375
0.62841796875
0.62841796875
0.62841796875
0.624755859375
0.621337890625
0.6142578125
0.60693359375
0.603271484375
0.599853515625
0.5927734375
0.589111328125
0.585693359375
0.578369140625
0.57470703125
0.567626953125
0.560546875
0.546142578125
0.5390625
0.52490234375
0.510498046875
0.50341796875
0.5
0.5
0.5
0.510498046875
0.53564453125
0.564208984375
0.5927734375
0.62841796875
0.6533203125
0.6748046875
0.685546875
0.692626953125
0.692626953125
0.685546875
0.681884765625
0.65087890625
0.64453125
0.62841796875
0.6123046875
0.599365234375
0.586669921875
0.57373046875
0.560791015625
0.554443359375
0.54150390625
0.53515625
0.522216796875
0.515869140625
0.503173828125
0.49658203125
0.477294921875
0.464599609375
0.448486328125
0.432373046875
0.426025390625
0.416259765625
0.41943359375
0.42919921875
0.4453125
0.464599609375
0.487060546875
0.503173828125
0.522216796875
0.53515625
0.54150390625
0.54150390625
0.538330078125
0.531982421875
0.522216796875
0.509521484375
0.503173828125
0.49658203125
0.490234375
0.480712890625
0.470947265625
0.464599609375
0.454833984375
0.448486328125
0.438720703125
0.432373046875
0.4228515625
0.4130859375
0.400146484375
0.387451171875
0.37451171875
0.361572265625
0.348876953125
0.34228515625
0.339111328125
0.34228515625
0.355224609375
0.371337890625
0.393798828125
0.416259765625
0.44189453125
0.4580078125
0.470947265625
0.480712890625
0.480712890625
0.480712890625
0.47412109375
0.4677734375
0.4580078125
0.45166015625
0.442138671875
0.435546875
0.42919921875
0.426025390625
0.41943359375
0.416259765625
0.4130859375
0.40673828125
0.403564453125
0.39697265625
0.390625
0.380859375
0.37451171875
0.364990234375
0.355224609375
0.348876953125
0.345703125
0.348876953125
0.36474609375
0.38720703125
0.41943359375
0.448486328125
0.48046875
0.503173828125
0.5126953125
0.515869140625
0.53515625
0.548095703125
0.5576171875
0.560791015625
0.5576171875
0.5576171875
0.554443359375
0.55126953125
0.544921875
0.54150390625
0.538330078125
0.531982421875
0.531982421875
0.525634765625
0.525634765625
0.522216796875
0.51904296875
0.5126953125
0.50634765625
0.5
0.49658203125
0.487060546875
0.477294921875
0.470947265625
0.4677734375
0.4677734375
0.477294921875
0.49658203125
0.515869140625
0.553466796875
0.589111328125
0.621337890625
0.6533203125
0.6748046875
0.68896484375
0.692626953125
0.6962890625
0.692626953125
0.685546875
0.678466796875
0.667724609375
0.660400390625
0.64990234375
0.63916015625
0.6318359375
0.621337890625
0.610595703125
0.603271484375
0.589111328125
0.57470703125
0.560546875
0.546142578125
0.531982421875
0.517578125
0.50341796875
0.489013671875
0.474853515625
0.4677734375
0.464111328125
0.4677734375
0.48193359375
0.496337890625
0.521240234375
0.5498046875
0.5712890625
0.5927734375
0.60693359375
0.6142578125
0.6142578125
0.610595703125
0.599853515625
0.589111328125
0.57470703125
0.564208984375
0.553466796875
0.5390625
0.531982421875
0.521240234375
0.510498046875
0.5
0.496337890625
0.489013671875
0.474853515625
0.4677734375
0.453369140625
0.439208984375
0.4248046875
0.406982421875
0.38916015625
0.374755859375
0.3642578125
0.35693359375
0.3642578125
0.374755859375
0.396240234375
0.42138671875
0.442626953125
0.4677734375
0.489013671875
0.5
0.5
0.5
0.5
0.49267578125
0.48193359375
0.471435546875
0.46044921875
0.449951171875
0.439208984375
0.431884765625
0.4248046875
0.417724609375
0.41064453125
0.4033203125
0.396240234375
0.38916015625
0.3818359375
0.371337890625
0.360595703125
0.34619140625
0.335693359375
0.32470703125
0.314208984375
0.30712890625
0.310546875
0.32470703125
0.349853515625
0.385498046875
0.417724609375
0.449951171875
0.478515625
0.5
0.510498046875
0.517578125
0.521240234375
0.517578125
0.51416015625
0.507080078125
0.5
0.5
0.496337890625
0.49267578125
0.485595703125
0.48193359375
0.478515625
0.478515625
0.471435546875
0.471435546875
0.464111328125
0.45703125
0.449951171875
0.44287109375
0.431884765625
0.4248046875
0.414306640625
0.406982421875
0.41064453125
0.417724609375
0.439208984375
0.4677734375
0.499755859375
0.531982421875
0.567626953125
0.599853515625
0.624755859375
0.63916015625
0.64990234375
0.64990234375
0.64990234375
0.646240234375
0.642822265625
0.635498046875
0.62841796875
0.621337890625
0.61767578125
0.610595703125
0.603271484375
0.599853515625
0.5927734375
0.585693359375
0.57470703125
0.567626953125
0.553466796875
0.546142578125
0.531982421875
0.517578125
0.50341796875
0.496337890625
0.485595703125
0.478515625
0.485595703125
0.496337890625
0.51416015625
0.542724609375
0.578369140625
0.603271484375
0.624755859375
0.642822265625
0.64990234375
0.64990234375
0.64990234375
0.63916015625
0.6318359375
0.61767578125
0.603271484375
0.59619140625
0.58203125
0.5712890625
0.560546875
0.553466796875
0.542724609375
0.531982421875
0.521240234375
0.510498046875
0.5
0.496337890625
0.48193359375
0.4677734375
0.4462890625
0.431884765625
0.417724609375
0.4033203125
0.39990234375
0.39990234375
0.41064453125
0.4248046875
0.4462890625
0.47119140625
0.49267578125
0.50341796875
0.51416015625
0.521240234375
0.521240234375
0.51416015625
0.50341796875
0.5
0.49267578125
0.48193359375
0.471435546875
0.46044921875
0.449951171875
0.439208984375
0.431884765625
0.4248046875
0.417724609375
0.41064453125
0.39990234375
0.392822265625
0.3818359375
0.371337890625
0.360595703125
0.34619140625
0.33203125
0.3212890625
0.314208984375
0.310546875
0.317626953125
0.33203125
0.353271484375
0.382080078125
0.4140625
0.442626953125
0.464111328125
0.474853515625
0.485595703125
0.485595703125
0.485595703125
0.478515625
0.471435546875
0.464111328125
0.45703125
0.449951171875
0.44287109375
0.435546875
0.431884765625
0.428466796875
0.42138671875
0.42138671875
0.414306640625
0.414306640625
0.406982421875
0.39990234375
0.392822265625
0.385498046875
0.374755859375
0.36767578125
0.360595703125
0.360595703125
0.36767578125
0.3818359375
0.406982421875
0.439208984375
0.474853515625
0.507080078125
0.53564453125
0.556884765625
0.57470703125
0.585693359375
0.585693359375
0.585693359375
0.585693359375
0.58203125
0.578369140625
0.57470703125
0.5712890625
0.564208984375
0.564208984375
0.55712890625
0.553466796875
0.5498046875
0.542724609375
0.5390625
0.531982421875
0.52490234375
0.517578125
0.510498046875
0.5
0.496337890625
0.48193359375
0.478515625
0.478515625
0.48193359375
0.5
0.521240234375
0.553466796875
0.58544921875
0.621337890625
0.642578125
0.6640625
0.6748046875
0.678466796875
0.678466796875
0.6748046875
0.667724609375
0.656982421875
0.646240234375
0.635498046875
0.624755859375
0.61767578125
0.60693359375
0.59619140625
0.589111328125
0.578369140625
0.567626953125
0.55712890625
0.546142578125
0.531982421875
0.517578125
0.50341796875
0.496337890625
0.478515625
0.46044921875
0.453369140625
0.44287109375
0.4462890625
0.45703125
0.474853515625
0.496337890625
0.51416015625
0.5390625
0.55712890625
0.560546875
0.57470703125
0.578369140625
0.578369140625
0.5712890625
0.560546875
0.553466796875
0.542724609375
0.531982421875
0.517578125
0.510498046875
0.5
0.496337890625
0.485595703125
0.478515625
0.4677734375
0.46044921875
0.453369140625
0.439208984375
0.431884765625
0.417724609375
0.4033203125
0.38916015625
0.374755859375
0.360595703125
0.353271484375
0.349853515625
0.353271484375
0.36767578125
0.385498046875
0.41064453125
0.435546875
0.46044921875
0.478515625
0.489013671875
0.49267578125
0.496337890625
0.49267578125
0.485595703125
0.478515625
0.471435546875
0.46044921875
0.453369140625
0.4462890625
0.439208984375
0.431884765625
0.4248046875
0.417724609375
0.414306640625
0.406982421875
0.39990234375
0.396240234375
0.38916015625
0.37841796875
0.36767578125
0.360595703125
0.34619140625
0.339111328125
0.335693359375
0.3427734375
0.353271484375
0.37841796875
0.406982421875
0.435546875
0.47119140625
0.496337890625
0.510498046875
0.528564453125
0.53564453125
0.542724609375
0.542724609375
0.5390625
0.53564453125
0.528564453125
0.528564453125
0.521240234375
0.517578125
0.51416015625
0.510498046875
0.507080078125
0.507080078125
0.507080078125
0.5
0.5
0.5
0.49267578125
0.48193359375
0.474853515625
0.464111328125
0.45703125
0.449951171875
0.449951171875
0.46044921875
0.478515625
0.50341796875
0.531982421875
0.567626953125
0.603515625
0.6318359375
0.6533203125
0.660400390625
0.67138671875
0.678466796875
0.681884765625
0.678466796875
0.6748046875
0.667724609375
0.6640625
0.6533203125
0.646240234375
0.63916015625
0.6318359375
0.62841796875
0.621337890625
0.6142578125
0.603271484375
0.59619140625
0.58203125
0.57470703125
0.560546875
0.546142578125
0.531982421875
0.517578125
0.50341796875
0.5
0.5
0.5
0.510498046875
0.5283203125
0.556884765625
0.578369140625
0.60693359375
0.624755859375
0.63916015625
0.646240234375
0.642822265625
0.63916015625
0.6318359375
0.621337890625
0.610595703125
0.599853515625
0.589111328125
0.578369140625
0.567626953125
0.560546875
0.546142578125
0.5390625
0.528564453125
0.517578125
0.510498046875
0.5
0.496337890625
0.48193359375
0.4677734375
0.449951171875
0.431884765625
0.42138671875
0.41064453125
0.406982421875
0.406982421875
0.417724609375
0.435546875
0.45703125
0.478515625
0.5
0.510498046875
0.52490234375
0.528564453125
0.528564453125
0.521240234375
0.51416015625
0.50341796875
0.5
0.496337890625
0.485595703125
0.478515625
0.4677734375
0.46044921875
0.453369140625
0.4462890625
0.439208984375
0.431884765625
0.4248046875
0.417724609375
0.406982421875
0.396240234375
0.38916015625
0.374755859375
0.360595703125
0.353271484375
0.349853515625
0.349853515625
0.360595703125
0.374755859375
0.39990234375
0.428466796875
0.45703125
0.48193359375
0.5
0.507080078125
0.510498046875
0.517578125
0.521240234375
0.51416015625
0.510498046875
0.507080078125
0.5
0.5
0.5
0.49267578125
0.489013671875
0.485595703125
0.48193359375
0.478515625
0.474853515625
0.471435546875
0.4677734375
0.464111328125
0.45703125
0.4462890625
0.439208984375
0.431884765625
0.42138671875
0.42138671875
0.42138671875
0.431884765625
0.453369140625
0.48193359375
0.510498046875
0.54638671875
0.578369140625
0.60693359375
0.62841796875
0.642822265625
0.64990234375
0.656982421875
